department,municipality_id,municipality,year,month,population,value
Cochabamba,30201,Aiquile,2011,1,SOBREPESO EN MAYORES DE 5 ANOS CANTIDAD / MASCULINO,0
Oruro,41201,Andamarca,2011,1,SOBREPESO EN MAYORES DE 5 ANOS CANTIDAD / MASCULINO,0
Tarija,60202,Bermejo,2011,1,SOBREPESO EN MAYORES DE 5 ANOS CANTIDAD / MASCULINO,2
Potosí,50301,Betanzos,2011,1,SOBREPESO EN MAYORES DE 5 ANOS CANTIDAD / MASCULINO,1
Santa Cruz,70706,Camiri,2011,1,SOBREPESO EN MAYORES DE 5 ANOS CANTIDAD / MASCULINO,2
Cochabamba,30701,Capinota,2011,1,SOBREPESO EN MAYORES DE 5 ANOS CANTIDAD / MASCULINO,4
Santa Cruz,71403,Carmen Rivero Torrez,2011,1,SOBREPESO EN MAYORES DE 5 ANOS CANTIDAD / MASCULINO,0
Cochabamba,30801,Cliza,2011,1,SOBREPESO EN MAYORES DE 5 ANOS CANTIDAD / MASCULINO,1
Pando,90101,Cobija,2011,1,SOBREPESO EN MAYORES DE 5 ANOS CANTIDAD / MASCULINO,1
Cochabamba,30101,Cochabamba,2011,1,SOBREPESO EN MAYORES DE 5 ANOS CANTIDAD / MASCULINO,80
La Paz,21401,Coroico,2011,1,SOBREPESO EN MAYORES DE 5 ANOS CANTIDAD / MASCULINO,16
Santa Cruz,70102,Cotoca,2011,1,SOBREPESO EN MAYORES DE 5 ANOS CANTIDAD / MASCULINO,1
La Paz,20105,El Alto,2011,1,SOBREPESO EN MAYORES DE 5 ANOS CANTIDAD / MASCULINO,109
Santa Cruz,71503,El Puente(stc),2011,1,SOBREPESO EN MAYORES DE 5 ANOS CANTIDAD / MASCULINO,0
Santa Cruz,70105,El Torno,2011,1,SOBREPESO EN MAYORES DE 5 ANOS CANTIDAD / MASCULINO,0
Tarija,60601,Entre Rios Trj,2011,1,SOBREPESO EN MAYORES DE 5 ANOS CANTIDAD / MASCULINO,1
Cochabamba,31206,Entre Rios Cbba,2011,1,SOBREPESO EN MAYORES DE 5 ANOS CANTIDAD / MASCULINO,0
Beni,80202,Guayaramerin,2011,1,SOBREPESO EN MAYORES DE 5 ANOS CANTIDAD / MASCULINO,0
Chuquisaca,10304,Icla,2011,1,SOBREPESO EN MAYORES DE 5 ANOS CANTIDAD / MASCULINO,0
La Paz,21102,Irupana (villa De Lanza),2011,1,SOBREPESO EN MAYORES DE 5 ANOS CANTIDAD / MASCULINO,1
La Paz,21501,Ixiamas,2011,1,SOBREPESO EN MAYORES DE 5 ANOS CANTIDAD / MASCULINO,2
Santa Cruz,70104,La Guardia,2011,1,SOBREPESO EN MAYORES DE 5 ANOS CANTIDAD / MASCULINO,0
La Paz,20101,La Paz,2011,1,SOBREPESO EN MAYORES DE 5 ANOS CANTIDAD / MASCULINO,117
Santa Cruz,70701,Lagunillas,2011,1,SOBREPESO EN MAYORES DE 5 ANOS CANTIDAD / MASCULINO,1
La Paz,21202,Laja,2011,1,SOBREPESO EN MAYORES DE 5 ANOS CANTIDAD / MASCULINO,0
Oruro,40702,Machacamarca,2011,1,SOBREPESO EN MAYORES DE 5 ANOS CANTIDAD / MASCULINO,13
Chuquisaca,11003,Machareti,2011,1,SOBREPESO EN MAYORES DE 5 ANOS CANTIDAD / MASCULINO,1
La Paz,20103,Mecapaca,2011,1,SOBREPESO EN MAYORES DE 5 ANOS CANTIDAD / MASCULINO,0
Chuquisaca,10501,Monteagudo,2011,1,SOBREPESO EN MAYORES DE 5 ANOS CANTIDAD / MASCULINO,2
Santa Cruz,71001,Montero,2011,1,SOBREPESO EN MAYORES DE 5 ANOS CANTIDAD / MASCULINO,4
Santa Cruz,70803,Moro Moro,2011,1,SOBREPESO EN MAYORES DE 5 ANOS CANTIDAD / MASCULINO,1
Cochabamba,30302,Morochata,2011,1,SOBREPESO EN MAYORES DE 5 ANOS CANTIDAD / MASCULINO,3
Cochabamba,30203,Omereque,2011,1,SOBREPESO EN MAYORES DE 5 ANOS CANTIDAD / MASCULINO,0
Oruro,40101,Oruro,2011,1,SOBREPESO EN MAYORES DE 5 ANOS CANTIDAD / MASCULINO,16
Chuquisaca,10401,Padilla,2011,1,SOBREPESO EN MAYORES DE 5 ANOS CANTIDAD / MASCULINO,0
Santa Cruz,70601,Portachuelo,2011,1,SOBREPESO EN MAYORES DE 5 ANOS CANTIDAD / MASCULINO,3
Potosí,50101,Potosi,2011,1,SOBREPESO EN MAYORES DE 5 ANOS CANTIDAD / MASCULINO,0
La Paz,21201,Pucarani,2011,1,SOBREPESO EN MAYORES DE 5 ANOS CANTIDAD / MASCULINO,1
Pando,90301,Puerto Gonzalo Moreno,2011,1,SOBREPESO EN MAYORES DE 5 ANOS CANTIDAD / MASCULINO,1
Santa Cruz,71402,Puerto Quijarro,2011,1,SOBREPESO EN MAYORES DE 5 ANOS CANTIDAD / MASCULINO,2
Santa Cruz,71401,Puerto Suarez,2011,1,SOBREPESO EN MAYORES DE 5 ANOS CANTIDAD / MASCULINO,1
Cochabamba,31205,Puerto Villarroel,2011,1,SOBREPESO EN MAYORES DE 5 ANOS CANTIDAD / MASCULINO,2
Cochabamba,31401,Punata,2011,1,SOBREPESO EN MAYORES DE 5 ANOS CANTIDAD / MASCULINO,0
Cochabamba,30901,Quillacollo,2011,1,SOBREPESO EN MAYORES DE 5 ANOS CANTIDAD / MASCULINO,2
Beni,80201,Riberalta,2011,1,SOBREPESO EN MAYORES DE 5 ANOS CANTIDAD / MASCULINO,0
Cochabamba,31001,Sacaba,2011,1,SOBREPESO EN MAYORES DE 5 ANOS CANTIDAD / MASCULINO,6
Santa Cruz,70402,San Carlos,2011,1,SOBREPESO EN MAYORES DE 5 ANOS CANTIDAD / MASCULINO,17
Beni,80501,San Ignacio,2011,1,SOBREPESO EN MAYORES DE 5 ANOS CANTIDAD / MASCULINO,1
Santa Cruz,70301,San Ignacio De Velasco,2011,1,SOBREPESO EN MAYORES DE 5 ANOS CANTIDAD / MASCULINO,1
Chuquisaca,10702,San Lucas,2011,1,SOBREPESO EN MAYORES DE 5 ANOS CANTIDAD / MASCULINO,1
Santa Cruz,70302,San Miguel De Velasco,2011,1,SOBREPESO EN MAYORES DE 5 ANOS CANTIDAD / MASCULINO,0
Beni,80401,Santa Ana,2011,1,SOBREPESO EN MAYORES DE 5 ANOS CANTIDAD / MASCULINO,7
Santa Cruz,70101,Santa Cruz De La Sierra,2011,1,SOBREPESO EN MAYORES DE 5 ANOS CANTIDAD / MASCULINO,118
Cochabamba,31602,Shinaota,2011,1,SOBREPESO EN MAYORES DE 5 ANOS CANTIDAD / MASCULINO,10
Chuquisaca,10101,Sucre,2011,1,SOBREPESO EN MAYORES DE 5 ANOS CANTIDAD / MASCULINO,5
Chuquisaca,10601,Tarabuco,2011,1,SOBREPESO EN MAYORES DE 5 ANOS CANTIDAD / MASCULINO,3
Tarija,60101,Tarija,2011,1,SOBREPESO EN MAYORES DE 5 ANOS CANTIDAD / MASCULINO,24
La Paz,20608,Teoponte,2011,1,SOBREPESO EN MAYORES DE 5 ANOS CANTIDAD / MASCULINO,0
Cochabamba,30903,Tiquipaya,2011,1,SOBREPESO EN MAYORES DE 5 ANOS CANTIDAD / MASCULINO,2
Cochabamba,30803,Tolata,2011,1,SOBREPESO EN MAYORES DE 5 ANOS CANTIDAD / MASCULINO,2
Oruro,41001,Toledo,2011,1,SOBREPESO EN MAYORES DE 5 ANOS CANTIDAD / MASCULINO,1
Cochabamba,31201,Totora(cbba),2011,1,SOBREPESO EN MAYORES DE 5 ANOS CANTIDAD / MASCULINO,0
Beni,80101,Trinidad,2011,1,SOBREPESO EN MAYORES DE 5 ANOS CANTIDAD / MASCULINO,8
Potosí,50801,Tupiza,2011,1,SOBREPESO EN MAYORES DE 5 ANOS CANTIDAD / MASCULINO,41
Potosí,50201,Uncia,2011,1,SOBREPESO EN MAYORES DE 5 ANOS CANTIDAD / MASCULINO,0
Potosí,51201,Uyuni,2011,1,SOBREPESO EN MAYORES DE 5 ANOS CANTIDAD / MASCULINO,5
La Paz,20801,Viacha,2011,1,SOBREPESO EN MAYORES DE 5 ANOS CANTIDAD / MASCULINO,5
Cochabamba,31302,Vila Vila,2011,1,SOBREPESO EN MAYORES DE 5 ANOS CANTIDAD / MASCULINO,0
Tarija,60303,Villa Montes,2011,1,SOBREPESO EN MAYORES DE 5 ANOS CANTIDAD / MASCULINO,1
Cochabamba,31003,Villa Tunari,2011,1,SOBREPESO EN MAYORES DE 5 ANOS CANTIDAD / MASCULINO,6
Potosí,51501,Villazon,2011,1,SOBREPESO EN MAYORES DE 5 ANOS CANTIDAD / MASCULINO,1
Santa Cruz,70201,Warnes,2011,1,SOBREPESO EN MAYORES DE 5 ANOS CANTIDAD / MASCULINO,2
Tarija,60301,Yacuiba,2011,1,SOBREPESO EN MAYORES DE 5 ANOS CANTIDAD / MASCULINO,3
Cochabamba,30201,Aiquile,2011,2,SOBREPESO EN MAYORES DE 5 ANOS CANTIDAD / MASCULINO,2
Oruro,41201,Andamarca,2011,2,SOBREPESO EN MAYORES DE 5 ANOS CANTIDAD / MASCULINO,0
Potosí,50802,Atocha,2011,2,SOBREPESO EN MAYORES DE 5 ANOS CANTIDAD / MASCULINO,2
Tarija,60202,Bermejo,2011,2,SOBREPESO EN MAYORES DE 5 ANOS CANTIDAD / MASCULINO,2
Potosí,50301,Betanzos,2011,2,SOBREPESO EN MAYORES DE 5 ANOS CANTIDAD / MASCULINO,1
Cochabamba,31501,Bolivar,2011,2,SOBREPESO EN MAYORES DE 5 ANOS CANTIDAD / MASCULINO,0
La Paz,21003,Cajuata,2011,2,SOBREPESO EN MAYORES DE 5 ANOS CANTIDAD / MASCULINO,7
La Paz,20303,Calacoto,2011,2,SOBREPESO EN MAYORES DE 5 ANOS CANTIDAD / MASCULINO,1
Chuquisaca,10701,Camargo,2011,2,SOBREPESO EN MAYORES DE 5 ANOS CANTIDAD / MASCULINO,3
Santa Cruz,70706,Camiri,2011,2,SOBREPESO EN MAYORES DE 5 ANOS CANTIDAD / MASCULINO,1
Cochabamba,30701,Capinota,2011,2,SOBREPESO EN MAYORES DE 5 ANOS CANTIDAD / MASCULINO,5
Cochabamba,30801,Cliza,2011,2,SOBREPESO EN MAYORES DE 5 ANOS CANTIDAD / MASCULINO,1
Pando,90101,Cobija,2011,2,SOBREPESO EN MAYORES DE 5 ANOS CANTIDAD / MASCULINO,1
Cochabamba,30101,Cochabamba,2011,2,SOBREPESO EN MAYORES DE 5 ANOS CANTIDAD / MASCULINO,93
Cochabamba,30905,Colcapirhua,2011,2,SOBREPESO EN MAYORES DE 5 ANOS CANTIDAD / MASCULINO,3
La Paz,20304,Comanche,2011,2,SOBREPESO EN MAYORES DE 5 ANOS CANTIDAD / MASCULINO,5
La Paz,21402,Coripata,2011,2,SOBREPESO EN MAYORES DE 5 ANOS CANTIDAD / MASCULINO,1
La Paz,20301,Coro Coro,2011,2,SOBREPESO EN MAYORES DE 5 ANOS CANTIDAD / MASCULINO,1
La Paz,21401,Coroico,2011,2,SOBREPESO EN MAYORES DE 5 ANOS CANTIDAD / MASCULINO,3
La Paz,20105,El Alto,2011,2,SOBREPESO EN MAYORES DE 5 ANOS CANTIDAD / MASCULINO,80
Santa Cruz,70105,El Torno,2011,2,SOBREPESO EN MAYORES DE 5 ANOS CANTIDAD / MASCULINO,1
Beni,80202,Guayaramerin,2011,2,SOBREPESO EN MAYORES DE 5 ANOS CANTIDAD / MASCULINO,2
La Paz,21501,Ixiamas,2011,2,SOBREPESO EN MAYORES DE 5 ANOS CANTIDAD / MASCULINO,0
La Paz,20806,Jesus De Machaca,2011,2,SOBREPESO EN MAYORES DE 5 ANOS CANTIDAD / MASCULINO,0
La Paz,20101,La Paz,2011,2,SOBREPESO EN MAYORES DE 5 ANOS CANTIDAD / MASCULINO,119
Beni,80601,Loreto,2011,2,SOBREPESO EN MAYORES DE 5 ANOS CANTIDAD / MASCULINO,0
Oruro,40702,Machacamarca,2011,2,SOBREPESO EN MAYORES DE 5 ANOS CANTIDAD / MASCULINO,3
Chuquisaca,10501,Monteagudo,2011,2,SOBREPESO EN MAYORES DE 5 ANOS CANTIDAD / MASCULINO,1
Santa Cruz,71001,Montero,2011,2,SOBREPESO EN MAYORES DE 5 ANOS CANTIDAD / MASCULINO,4
Cochabamba,30203,Omereque,2011,2,SOBREPESO EN MAYORES DE 5 ANOS CANTIDAD / MASCULINO,1
Oruro,40101,Oruro,2011,2,SOBREPESO EN MAYORES DE 5 ANOS CANTIDAD / MASCULINO,8
Tarija,60201,Padcaya,2011,2,SOBREPESO EN MAYORES DE 5 ANOS CANTIDAD / MASCULINO,2
Cochabamba,31202,Pojo (cbba),2011,2,SOBREPESO EN MAYORES DE 5 ANOS CANTIDAD / MASCULINO,0
Santa Cruz,70103,Porongo,2011,2,SOBREPESO EN MAYORES DE 5 ANOS CANTIDAD / MASCULINO,1
Santa Cruz,70601,Portachuelo,2011,2,SOBREPESO EN MAYORES DE 5 ANOS CANTIDAD / MASCULINO,3
Santa Cruz,70804,Postrer Valle,2011,2,SOBREPESO EN MAYORES DE 5 ANOS CANTIDAD / MASCULINO,0
Potosí,50101,Potosi,2011,2,SOBREPESO EN MAYORES DE 5 ANOS CANTIDAD / MASCULINO,0
Pando,90301,Puerto Gonzalo Moreno,2011,2,SOBREPESO EN MAYORES DE 5 ANOS CANTIDAD / MASCULINO,5
Santa Cruz,71401,Puerto Suarez,2011,2,SOBREPESO EN MAYORES DE 5 ANOS CANTIDAD / MASCULINO,1
Potosí,51101,Puna,2011,2,SOBREPESO EN MAYORES DE 5 ANOS CANTIDAD / MASCULINO,0
Cochabamba,31401,Punata,2011,2,SOBREPESO EN MAYORES DE 5 ANOS CANTIDAD / MASCULINO,2
Cochabamba,30901,Quillacollo,2011,2,SOBREPESO EN MAYORES DE 5 ANOS CANTIDAD / MASCULINO,3
Beni,80201,Riberalta,2011,2,SOBREPESO EN MAYORES DE 5 ANOS CANTIDAD / MASCULINO,1
Santa Cruz,70503,Robore,2011,2,SOBREPESO EN MAYORES DE 5 ANOS CANTIDAD / MASCULINO,2
Beni,80304,Rurrenabaque,2011,2,SOBREPESO EN MAYORES DE 5 ANOS CANTIDAD / MASCULINO,0
Cochabamba,31001,Sacaba,2011,2,SOBREPESO EN MAYORES DE 5 ANOS CANTIDAD / MASCULINO,3
Beni,80602,San Andres,2011,2,SOBREPESO EN MAYORES DE 5 ANOS CANTIDAD / MASCULINO,1
La Paz,20805,San Andres De Machaca,2011,2,SOBREPESO EN MAYORES DE 5 ANOS CANTIDAD / MASCULINO,0
Beni,80302,San Borja,2011,2,SOBREPESO EN MAYORES DE 5 ANOS CANTIDAD / MASCULINO,0
Santa Cruz,70402,San Carlos,2011,2,SOBREPESO EN MAYORES DE 5 ANOS CANTIDAD / MASCULINO,16
Santa Cruz,70301,San Ignacio De Velasco,2011,2,SOBREPESO EN MAYORES DE 5 ANOS CANTIDAD / MASCULINO,0
Santa Cruz,71102,San Javier(stc),2011,2,SOBREPESO EN MAYORES DE 5 ANOS CANTIDAD / MASCULINO,0
Santa Cruz,71201,San Matias,2011,2,SOBREPESO EN MAYORES DE 5 ANOS CANTIDAD / MASCULINO,0
Santa Cruz,70302,San Miguel De Velasco,2011,2,SOBREPESO EN MAYORES DE 5 ANOS CANTIDAD / MASCULINO,3
Santa Cruz,70303,San Rafael,2011,2,SOBREPESO EN MAYORES DE 5 ANOS CANTIDAD / MASCULINO,3
Beni,80401,Santa Ana,2011,2,SOBREPESO EN MAYORES DE 5 ANOS CANTIDAD / MASCULINO,0
Santa Cruz,70101,Santa Cruz De La Sierra,2011,2,SOBREPESO EN MAYORES DE 5 ANOS CANTIDAD / MASCULINO,115
Cochabamba,31602,Shinaota,2011,2,SOBREPESO EN MAYORES DE 5 ANOS CANTIDAD / MASCULINO,0
Cochabamba,30902,Sipe Sipe,2011,2,SOBREPESO EN MAYORES DE 5 ANOS CANTIDAD / MASCULINO,0
Chuquisaca,10101,Sucre,2011,2,SOBREPESO EN MAYORES DE 5 ANOS CANTIDAD / MASCULINO,2
Chuquisaca,10601,Tarabuco,2011,2,SOBREPESO EN MAYORES DE 5 ANOS CANTIDAD / MASCULINO,2
Tarija,60101,Tarija,2011,2,SOBREPESO EN MAYORES DE 5 ANOS CANTIDAD / MASCULINO,86
Chuquisaca,10202,Tarvita,2011,2,SOBREPESO EN MAYORES DE 5 ANOS CANTIDAD / MASCULINO,0
Cochabamba,30903,Tiquipaya,2011,2,SOBREPESO EN MAYORES DE 5 ANOS CANTIDAD / MASCULINO,4
Cochabamba,30803,Tolata,2011,2,SOBREPESO EN MAYORES DE 5 ANOS CANTIDAD / MASCULINO,0
Beni,80101,Trinidad,2011,2,SOBREPESO EN MAYORES DE 5 ANOS CANTIDAD / MASCULINO,3
Potosí,50801,Tupiza,2011,2,SOBREPESO EN MAYORES DE 5 ANOS CANTIDAD / MASCULINO,47
Potosí,51201,Uyuni,2011,2,SOBREPESO EN MAYORES DE 5 ANOS CANTIDAD / MASCULINO,3
La Paz,20801,Viacha,2011,2,SOBREPESO EN MAYORES DE 5 ANOS CANTIDAD / MASCULINO,10
Cochabamba,31402,Villa Rivero,2011,2,SOBREPESO EN MAYORES DE 5 ANOS CANTIDAD / MASCULINO,0
Cochabamba,31003,Villa Tunari,2011,2,SOBREPESO EN MAYORES DE 5 ANOS CANTIDAD / MASCULINO,2
Potosí,51501,Villazon,2011,2,SOBREPESO EN MAYORES DE 5 ANOS CANTIDAD / MASCULINO,0
Potosí,50602,Vitichi,2011,2,SOBREPESO EN MAYORES DE 5 ANOS CANTIDAD / MASCULINO,0
Tarija,60301,Yacuiba,2011,2,SOBREPESO EN MAYORES DE 5 ANOS CANTIDAD / MASCULINO,2
Chuquisaca,10301,Zudañez,2011,2,SOBREPESO EN MAYORES DE 5 ANOS CANTIDAD / MASCULINO,1
Cochabamba,30201,Aiquile,2011,3,SOBREPESO EN MAYORES DE 5 ANOS CANTIDAD / MASCULINO,0
Cochabamba,30501,Arani,2011,3,SOBREPESO EN MAYORES DE 5 ANOS CANTIDAD / MASCULINO,0
Tarija,60202,Bermejo,2011,3,SOBREPESO EN MAYORES DE 5 ANOS CANTIDAD / MASCULINO,2
Potosí,50301,Betanzos,2011,3,SOBREPESO EN MAYORES DE 5 ANOS CANTIDAD / MASCULINO,0
Chuquisaca,10701,Camargo,2011,3,SOBREPESO EN MAYORES DE 5 ANOS CANTIDAD / MASCULINO,1
Santa Cruz,70706,Camiri,2011,3,SOBREPESO EN MAYORES DE 5 ANOS CANTIDAD / MASCULINO,0
Cochabamba,30701,Capinota,2011,3,SOBREPESO EN MAYORES DE 5 ANOS CANTIDAD / MASCULINO,0
La Paz,20305,Charaña,2011,3,SOBREPESO EN MAYORES DE 5 ANOS CANTIDAD / MASCULINO,1
Cochabamba,30801,Cliza,2011,3,SOBREPESO EN MAYORES DE 5 ANOS CANTIDAD / MASCULINO,0
Cochabamba,30101,Cochabamba,2011,3,SOBREPESO EN MAYORES DE 5 ANOS CANTIDAD / MASCULINO,51
Cochabamba,30905,Colcapirhua,2011,3,SOBREPESO EN MAYORES DE 5 ANOS CANTIDAD / MASCULINO,5
Cochabamba,31002,Colomi,2011,3,SOBREPESO EN MAYORES DE 5 ANOS CANTIDAD / MASCULINO,0
Santa Cruz,71301,Comarapa,2011,3,SOBREPESO EN MAYORES DE 5 ANOS CANTIDAD / MASCULINO,1
La Paz,20301,Coro Coro,2011,3,SOBREPESO EN MAYORES DE 5 ANOS CANTIDAD / MASCULINO,0
La Paz,20804,Desaguadero,2011,3,SOBREPESO EN MAYORES DE 5 ANOS CANTIDAD / MASCULINO,0
La Paz,20105,El Alto,2011,3,SOBREPESO EN MAYORES DE 5 ANOS CANTIDAD / MASCULINO,81
Santa Cruz,71503,El Puente(stc),2011,3,SOBREPESO EN MAYORES DE 5 ANOS CANTIDAD / MASCULINO,0
Santa Cruz,70105,El Torno,2011,3,SOBREPESO EN MAYORES DE 5 ANOS CANTIDAD / MASCULINO,0
Cochabamba,31206,Entre Rios Cbba,2011,3,SOBREPESO EN MAYORES DE 5 ANOS CANTIDAD / MASCULINO,2
La Paz,21601,Gral. J.j. Perez (charazani),2011,3,SOBREPESO EN MAYORES DE 5 ANOS CANTIDAD / MASCULINO,0
Beni,80202,Guayaramerin,2011,3,SOBREPESO EN MAYORES DE 5 ANOS CANTIDAD / MASCULINO,1
Santa Cruz,70104,La Guardia,2011,3,SOBREPESO EN MAYORES DE 5 ANOS CANTIDAD / MASCULINO,1
La Paz,20101,La Paz,2011,3,SOBREPESO EN MAYORES DE 5 ANOS CANTIDAD / MASCULINO,110
La Paz,21202,Laja,2011,3,SOBREPESO EN MAYORES DE 5 ANOS CANTIDAD / MASCULINO,1
Beni,80601,Loreto,2011,3,SOBREPESO EN MAYORES DE 5 ANOS CANTIDAD / MASCULINO,0
Oruro,40702,Machacamarca,2011,3,SOBREPESO EN MAYORES DE 5 ANOS CANTIDAD / MASCULINO,5
Chuquisaca,10501,Monteagudo,2011,3,SOBREPESO EN MAYORES DE 5 ANOS CANTIDAD / MASCULINO,0
Santa Cruz,70803,Moro Moro,2011,3,SOBREPESO EN MAYORES DE 5 ANOS CANTIDAD / MASCULINO,0
Oruro,40101,Oruro,2011,3,SOBREPESO EN MAYORES DE 5 ANOS CANTIDAD / MASCULINO,27
Santa Cruz,70103,Porongo,2011,3,SOBREPESO EN MAYORES DE 5 ANOS CANTIDAD / MASCULINO,1
Santa Cruz,70601,Portachuelo,2011,3,SOBREPESO EN MAYORES DE 5 ANOS CANTIDAD / MASCULINO,1
Santa Cruz,70804,Postrer Valle,2011,3,SOBREPESO EN MAYORES DE 5 ANOS CANTIDAD / MASCULINO,0
Potosí,50101,Potosi,2011,3,SOBREPESO EN MAYORES DE 5 ANOS CANTIDAD / MASCULINO,10
La Paz,21201,Pucarani,2011,3,SOBREPESO EN MAYORES DE 5 ANOS CANTIDAD / MASCULINO,5
La Paz,20403,Puerto Carabuco,2011,3,SOBREPESO EN MAYORES DE 5 ANOS CANTIDAD / MASCULINO,0
Pando,90301,Puerto Gonzalo Moreno,2011,3,SOBREPESO EN MAYORES DE 5 ANOS CANTIDAD / MASCULINO,1
Cochabamba,31205,Puerto Villarroel,2011,3,SOBREPESO EN MAYORES DE 5 ANOS CANTIDAD / MASCULINO,2
Potosí,51101,Puna,2011,3,SOBREPESO EN MAYORES DE 5 ANOS CANTIDAD / MASCULINO,0
Cochabamba,31401,Punata,2011,3,SOBREPESO EN MAYORES DE 5 ANOS CANTIDAD / MASCULINO,1
Cochabamba,30901,Quillacollo,2011,3,SOBREPESO EN MAYORES DE 5 ANOS CANTIDAD / MASCULINO,0
La Paz,21002,Quime,2011,3,SOBREPESO EN MAYORES DE 5 ANOS CANTIDAD / MASCULINO,0
Beni,80201,Riberalta,2011,3,SOBREPESO EN MAYORES DE 5 ANOS CANTIDAD / MASCULINO,0
Santa Cruz,70503,Robore,2011,3,SOBREPESO EN MAYORES DE 5 ANOS CANTIDAD / MASCULINO,2
Beni,80304,Rurrenabaque,2011,3,SOBREPESO EN MAYORES DE 5 ANOS CANTIDAD / MASCULINO,5
Cochabamba,31001,Sacaba,2011,3,SOBREPESO EN MAYORES DE 5 ANOS CANTIDAD / MASCULINO,3
Cochabamba,30404,Sacabamba,2011,3,SOBREPESO EN MAYORES DE 5 ANOS CANTIDAD / MASCULINO,0
Potosí,50701,Sacaca,2011,3,SOBREPESO EN MAYORES DE 5 ANOS CANTIDAD / MASCULINO,1
La Paz,20805,San Andres De Machaca,2011,3,SOBREPESO EN MAYORES DE 5 ANOS CANTIDAD / MASCULINO,0
Beni,80302,San Borja,2011,3,SOBREPESO EN MAYORES DE 5 ANOS CANTIDAD / MASCULINO,0
La Paz,21502,San Buena Ventura,2011,3,SOBREPESO EN MAYORES DE 5 ANOS CANTIDAD / MASCULINO,1
Santa Cruz,70402,San Carlos,2011,3,SOBREPESO EN MAYORES DE 5 ANOS CANTIDAD / MASCULINO,1
Beni,80102,San Javier(bni),2011,3,SOBREPESO EN MAYORES DE 5 ANOS CANTIDAD / MASCULINO,0
Santa Cruz,71104,San Julian,2011,3,SOBREPESO EN MAYORES DE 5 ANOS CANTIDAD / MASCULINO,1
Chuquisaca,10702,San Lucas,2011,3,SOBREPESO EN MAYORES DE 5 ANOS CANTIDAD / MASCULINO,1
Santa Cruz,70302,San Miguel De Velasco,2011,3,SOBREPESO EN MAYORES DE 5 ANOS CANTIDAD / MASCULINO,0
Santa Cruz,70101,Santa Cruz De La Sierra,2011,3,SOBREPESO EN MAYORES DE 5 ANOS CANTIDAD / MASCULINO,97
Chuquisaca,10101,Sucre,2011,3,SOBREPESO EN MAYORES DE 5 ANOS CANTIDAD / MASCULINO,30
Tarija,60101,Tarija,2011,3,SOBREPESO EN MAYORES DE 5 ANOS CANTIDAD / MASCULINO,33
Cochabamba,30903,Tiquipaya,2011,3,SOBREPESO EN MAYORES DE 5 ANOS CANTIDAD / MASCULINO,2
Cochabamba,31201,Totora(cbba),2011,3,SOBREPESO EN MAYORES DE 5 ANOS CANTIDAD / MASCULINO,0
Beni,80101,Trinidad,2011,3,SOBREPESO EN MAYORES DE 5 ANOS CANTIDAD / MASCULINO,3
Potosí,50801,Tupiza,2011,3,SOBREPESO EN MAYORES DE 5 ANOS CANTIDAD / MASCULINO,53
Potosí,51201,Uyuni,2011,3,SOBREPESO EN MAYORES DE 5 ANOS CANTIDAD / MASCULINO,2
La Paz,20801,Viacha,2011,3,SOBREPESO EN MAYORES DE 5 ANOS CANTIDAD / MASCULINO,20
Tarija,60303,Villa Montes,2011,3,SOBREPESO EN MAYORES DE 5 ANOS CANTIDAD / MASCULINO,2
Pando,90502,Villa Nueva (loma Alta),2011,3,SOBREPESO EN MAYORES DE 5 ANOS CANTIDAD / MASCULINO,1
Cochabamba,31003,Villa Tunari,2011,3,SOBREPESO EN MAYORES DE 5 ANOS CANTIDAD / MASCULINO,1
Potosí,51501,Villazon,2011,3,SOBREPESO EN MAYORES DE 5 ANOS CANTIDAD / MASCULINO,0
Cochabamba,30904,Vinto,2011,3,SOBREPESO EN MAYORES DE 5 ANOS CANTIDAD / MASCULINO,0
Santa Cruz,70201,Warnes,2011,3,SOBREPESO EN MAYORES DE 5 ANOS CANTIDAD / MASCULINO,3
Tarija,60301,Yacuiba,2011,3,SOBREPESO EN MAYORES DE 5 ANOS CANTIDAD / MASCULINO,1
Santa Cruz,70403,Yapacani,2011,3,SOBREPESO EN MAYORES DE 5 ANOS CANTIDAD / MASCULINO,0
Cochabamba,30201,Aiquile,2011,4,SOBREPESO EN MAYORES DE 5 ANOS CANTIDAD / MASCULINO,2
Oruro,40603,Antequera,2011,4,SOBREPESO EN MAYORES DE 5 ANOS CANTIDAD / MASCULINO,0
Cochabamba,30301,Ayopaya (v. De Independencia),2011,4,SOBREPESO EN MAYORES DE 5 ANOS CANTIDAD / MASCULINO,0
La Paz,21203,Batallas,2011,4,SOBREPESO EN MAYORES DE 5 ANOS CANTIDAD / MASCULINO,0
Potosí,50301,Betanzos,2011,4,SOBREPESO EN MAYORES DE 5 ANOS CANTIDAD / MASCULINO,1
Santa Cruz,70703,Cabezas,2011,4,SOBREPESO EN MAYORES DE 5 ANOS CANTIDAD / MASCULINO,1
La Paz,20303,Calacoto,2011,4,SOBREPESO EN MAYORES DE 5 ANOS CANTIDAD / MASCULINO,0
Santa Cruz,70706,Camiri,2011,4,SOBREPESO EN MAYORES DE 5 ANOS CANTIDAD / MASCULINO,0
Cochabamba,30701,Capinota,2011,4,SOBREPESO EN MAYORES DE 5 ANOS CANTIDAD / MASCULINO,5
Potosí,50202,Chayanta,2011,4,SOBREPESO EN MAYORES DE 5 ANOS CANTIDAD / MASCULINO,0
Cochabamba,30801,Cliza,2011,4,SOBREPESO EN MAYORES DE 5 ANOS CANTIDAD / MASCULINO,0
Pando,90101,Cobija,2011,4,SOBREPESO EN MAYORES DE 5 ANOS CANTIDAD / MASCULINO,4
Cochabamba,30101,Cochabamba,2011,4,SOBREPESO EN MAYORES DE 5 ANOS CANTIDAD / MASCULINO,76
Cochabamba,30905,Colcapirhua,2011,4,SOBREPESO EN MAYORES DE 5 ANOS CANTIDAD / MASCULINO,10
Santa Cruz,71301,Comarapa,2011,4,SOBREPESO EN MAYORES DE 5 ANOS CANTIDAD / MASCULINO,0
Santa Cruz,71101,Concepcion,2011,4,SOBREPESO EN MAYORES DE 5 ANOS CANTIDAD / MASCULINO,0
La Paz,21401,Coroico,2011,4,SOBREPESO EN MAYORES DE 5 ANOS CANTIDAD / MASCULINO,13
Potosí,50601,Cotagaita,2011,4,SOBREPESO EN MAYORES DE 5 ANOS CANTIDAD / MASCULINO,1
La Paz,20105,El Alto,2011,4,SOBREPESO EN MAYORES DE 5 ANOS CANTIDAD / MASCULINO,81
Santa Cruz,71503,El Puente(stc),2011,4,SOBREPESO EN MAYORES DE 5 ANOS CANTIDAD / MASCULINO,2
Santa Cruz,70105,El Torno,2011,4,SOBREPESO EN MAYORES DE 5 ANOS CANTIDAD / MASCULINO,0
Cochabamba,31206,Entre Rios Cbba,2011,4,SOBREPESO EN MAYORES DE 5 ANOS CANTIDAD / MASCULINO,2
Santa Cruz,70705,Gutierrez,2011,4,SOBREPESO EN MAYORES DE 5 ANOS CANTIDAD / MASCULINO,3
La Paz,20101,La Paz,2011,4,SOBREPESO EN MAYORES DE 5 ANOS CANTIDAD / MASCULINO,206
La Paz,21202,Laja,2011,4,SOBREPESO EN MAYORES DE 5 ANOS CANTIDAD / MASCULINO,0
Beni,80601,Loreto,2011,4,SOBREPESO EN MAYORES DE 5 ANOS CANTIDAD / MASCULINO,0
Oruro,40702,Machacamarca,2011,4,SOBREPESO EN MAYORES DE 5 ANOS CANTIDAD / MASCULINO,5
Chuquisaca,10501,Monteagudo,2011,4,SOBREPESO EN MAYORES DE 5 ANOS CANTIDAD / MASCULINO,1
Santa Cruz,71001,Montero,2011,4,SOBREPESO EN MAYORES DE 5 ANOS CANTIDAD / MASCULINO,4
Santa Cruz,70803,Moro Moro,2011,4,SOBREPESO EN MAYORES DE 5 ANOS CANTIDAD / MASCULINO,0
Cochabamba,30203,Omereque,2011,4,SOBREPESO EN MAYORES DE 5 ANOS CANTIDAD / MASCULINO,1
Oruro,40101,Oruro,2011,4,SOBREPESO EN MAYORES DE 5 ANOS CANTIDAD / MASCULINO,32
Tarija,60201,Padcaya,2011,4,SOBREPESO EN MAYORES DE 5 ANOS CANTIDAD / MASCULINO,1
Santa Cruz,70103,Porongo,2011,4,SOBREPESO EN MAYORES DE 5 ANOS CANTIDAD / MASCULINO,1
Santa Cruz,70601,Portachuelo,2011,4,SOBREPESO EN MAYORES DE 5 ANOS CANTIDAD / MASCULINO,2
Potosí,50101,Potosi,2011,4,SOBREPESO EN MAYORES DE 5 ANOS CANTIDAD / MASCULINO,27
La Paz,20401,Puerto Acosta,2011,4,SOBREPESO EN MAYORES DE 5 ANOS CANTIDAD / MASCULINO,0
Pando,90301,Puerto Gonzalo Moreno,2011,4,SOBREPESO EN MAYORES DE 5 ANOS CANTIDAD / MASCULINO,1
Santa Cruz,71402,Puerto Quijarro,2011,4,SOBREPESO EN MAYORES DE 5 ANOS CANTIDAD / MASCULINO,1
Cochabamba,31205,Puerto Villarroel,2011,4,SOBREPESO EN MAYORES DE 5 ANOS CANTIDAD / MASCULINO,1
Potosí,51101,Puna,2011,4,SOBREPESO EN MAYORES DE 5 ANOS CANTIDAD / MASCULINO,2
Cochabamba,31401,Punata,2011,4,SOBREPESO EN MAYORES DE 5 ANOS CANTIDAD / MASCULINO,1
Cochabamba,30901,Quillacollo,2011,4,SOBREPESO EN MAYORES DE 5 ANOS CANTIDAD / MASCULINO,0
Beni,80201,Riberalta,2011,4,SOBREPESO EN MAYORES DE 5 ANOS CANTIDAD / MASCULINO,0
Cochabamba,31001,Sacaba,2011,4,SOBREPESO EN MAYORES DE 5 ANOS CANTIDAD / MASCULINO,7
Beni,80302,San Borja,2011,4,SOBREPESO EN MAYORES DE 5 ANOS CANTIDAD / MASCULINO,4
Santa Cruz,70402,San Carlos,2011,4,SOBREPESO EN MAYORES DE 5 ANOS CANTIDAD / MASCULINO,23
Tarija,60501,San Lorenzo(tja),2011,4,SOBREPESO EN MAYORES DE 5 ANOS CANTIDAD / MASCULINO,0
Santa Cruz,70302,San Miguel De Velasco,2011,4,SOBREPESO EN MAYORES DE 5 ANOS CANTIDAD / MASCULINO,3
Beni,80401,Santa Ana,2011,4,SOBREPESO EN MAYORES DE 5 ANOS CANTIDAD / MASCULINO,49
Santa Cruz,70101,Santa Cruz De La Sierra,2011,4,SOBREPESO EN MAYORES DE 5 ANOS CANTIDAD / MASCULINO,123
Cochabamba,31602,Shinaota,2011,4,SOBREPESO EN MAYORES DE 5 ANOS CANTIDAD / MASCULINO,0
Chuquisaca,10101,Sucre,2011,4,SOBREPESO EN MAYORES DE 5 ANOS CANTIDAD / MASCULINO,6
Cochabamba,30602,Tacopaya,2011,4,SOBREPESO EN MAYORES DE 5 ANOS CANTIDAD / MASCULINO,0
Tarija,60101,Tarija,2011,4,SOBREPESO EN MAYORES DE 5 ANOS CANTIDAD / MASCULINO,40
Cochabamba,30903,Tiquipaya,2011,4,SOBREPESO EN MAYORES DE 5 ANOS CANTIDAD / MASCULINO,2
Oruro,41001,Toledo,2011,4,SOBREPESO EN MAYORES DE 5 ANOS CANTIDAD / MASCULINO,1
Beni,80101,Trinidad,2011,4,SOBREPESO EN MAYORES DE 5 ANOS CANTIDAD / MASCULINO,5
Potosí,50801,Tupiza,2011,4,SOBREPESO EN MAYORES DE 5 ANOS CANTIDAD / MASCULINO,54
Potosí,51201,Uyuni,2011,4,SOBREPESO EN MAYORES DE 5 ANOS CANTIDAD / MASCULINO,0
La Paz,20801,Viacha,2011,4,SOBREPESO EN MAYORES DE 5 ANOS CANTIDAD / MASCULINO,20
Cochabamba,31302,Vila Vila,2011,4,SOBREPESO EN MAYORES DE 5 ANOS CANTIDAD / MASCULINO,0
Cochabamba,31402,Villa Rivero,2011,4,SOBREPESO EN MAYORES DE 5 ANOS CANTIDAD / MASCULINO,1
Cochabamba,31003,Villa Tunari,2011,4,SOBREPESO EN MAYORES DE 5 ANOS CANTIDAD / MASCULINO,1
Cochabamba,30904,Vinto,2011,4,SOBREPESO EN MAYORES DE 5 ANOS CANTIDAD / MASCULINO,1
Tarija,60301,Yacuiba,2011,4,SOBREPESO EN MAYORES DE 5 ANOS CANTIDAD / MASCULINO,2
Cochabamba,30201,Aiquile,2011,5,SOBREPESO EN MAYORES DE 5 ANOS CANTIDAD / MASCULINO,0
Cochabamba,30301,Ayopaya (v. De Independencia),2011,5,SOBREPESO EN MAYORES DE 5 ANOS CANTIDAD / MASCULINO,0
Potosí,50301,Betanzos,2011,5,SOBREPESO EN MAYORES DE 5 ANOS CANTIDAD / MASCULINO,1
La Paz,21304,Calamarca,2011,5,SOBREPESO EN MAYORES DE 5 ANOS CANTIDAD / MASCULINO,1
Chuquisaca,10701,Camargo,2011,5,SOBREPESO EN MAYORES DE 5 ANOS CANTIDAD / MASCULINO,1
Santa Cruz,70706,Camiri,2011,5,SOBREPESO EN MAYORES DE 5 ANOS CANTIDAD / MASCULINO,2
Cochabamba,30701,Capinota,2011,5,SOBREPESO EN MAYORES DE 5 ANOS CANTIDAD / MASCULINO,0
Oruro,40102,Caracollo,2011,5,SOBREPESO EN MAYORES DE 5 ANOS CANTIDAD / MASCULINO,1
La Paz,22001,Caranavi,2011,5,SOBREPESO EN MAYORES DE 5 ANOS CANTIDAD / MASCULINO,0
Santa Cruz,70702,Charagua,2011,5,SOBREPESO EN MAYORES DE 5 ANOS CANTIDAD / MASCULINO,0
Cochabamba,31204,Chimore,2011,5,SOBREPESO EN MAYORES DE 5 ANOS CANTIDAD / MASCULINO,0
La Paz,21101,Chulumani (v. De La Libertad),2011,5,SOBREPESO EN MAYORES DE 5 ANOS CANTIDAD / MASCULINO,0
Cochabamba,30801,Cliza,2011,5,SOBREPESO EN MAYORES DE 5 ANOS CANTIDAD / MASCULINO,1
Pando,90101,Cobija,2011,5,SOBREPESO EN MAYORES DE 5 ANOS CANTIDAD / MASCULINO,3
Cochabamba,30101,Cochabamba,2011,5,SOBREPESO EN MAYORES DE 5 ANOS CANTIDAD / MASCULINO,221
Cochabamba,30905,Colcapirhua,2011,5,SOBREPESO EN MAYORES DE 5 ANOS CANTIDAD / MASCULINO,0
Santa Cruz,71101,Concepcion,2011,5,SOBREPESO EN MAYORES DE 5 ANOS CANTIDAD / MASCULINO,0
La Paz,20301,Coro Coro,2011,5,SOBREPESO EN MAYORES DE 5 ANOS CANTIDAD / MASCULINO,1
Potosí,50601,Cotagaita,2011,5,SOBREPESO EN MAYORES DE 5 ANOS CANTIDAD / MASCULINO,0
Santa Cruz,71106,Cuatro Cañadas,2011,5,SOBREPESO EN MAYORES DE 5 ANOS CANTIDAD / MASCULINO,0
Chuquisaca,10902,Culpina,2011,5,SOBREPESO EN MAYORES DE 5 ANOS CANTIDAD / MASCULINO,0
La Paz,20105,El Alto,2011,5,SOBREPESO EN MAYORES DE 5 ANOS CANTIDAD / MASCULINO,46
Santa Cruz,71503,El Puente(stc),2011,5,SOBREPESO EN MAYORES DE 5 ANOS CANTIDAD / MASCULINO,1
Santa Cruz,70105,El Torno,2011,5,SOBREPESO EN MAYORES DE 5 ANOS CANTIDAD / MASCULINO,2
Tarija,60601,Entre Rios Trj,2011,5,SOBREPESO EN MAYORES DE 5 ANOS CANTIDAD / MASCULINO,0
Beni,80202,Guayaramerin,2011,5,SOBREPESO EN MAYORES DE 5 ANOS CANTIDAD / MASCULINO,80
Santa Cruz,70705,Gutierrez,2011,5,SOBREPESO EN MAYORES DE 5 ANOS CANTIDAD / MASCULINO,0
La Paz,21102,Irupana (villa De Lanza),2011,5,SOBREPESO EN MAYORES DE 5 ANOS CANTIDAD / MASCULINO,0
La Paz,20101,La Paz,2011,5,SOBREPESO EN MAYORES DE 5 ANOS CANTIDAD / MASCULINO,270
La Paz,21202,Laja,2011,5,SOBREPESO EN MAYORES DE 5 ANOS CANTIDAD / MASCULINO,1
Oruro,40702,Machacamarca,2011,5,SOBREPESO EN MAYORES DE 5 ANOS CANTIDAD / MASCULINO,0
Cochabamba,31301,Mizque,2011,5,SOBREPESO EN MAYORES DE 5 ANOS CANTIDAD / MASCULINO,4
Chuquisaca,10501,Monteagudo,2011,5,SOBREPESO EN MAYORES DE 5 ANOS CANTIDAD / MASCULINO,0
Santa Cruz,71001,Montero,2011,5,SOBREPESO EN MAYORES DE 5 ANOS CANTIDAD / MASCULINO,9
Santa Cruz,70803,Moro Moro,2011,5,SOBREPESO EN MAYORES DE 5 ANOS CANTIDAD / MASCULINO,0
Oruro,40101,Oruro,2011,5,SOBREPESO EN MAYORES DE 5 ANOS CANTIDAD / MASCULINO,25
Tarija,60201,Padcaya,2011,5,SOBREPESO EN MAYORES DE 5 ANOS CANTIDAD / MASCULINO,0
La Paz,21104,Palos Blancos,2011,5,SOBREPESO EN MAYORES DE 5 ANOS CANTIDAD / MASCULINO,0
Santa Cruz,70601,Portachuelo,2011,5,SOBREPESO EN MAYORES DE 5 ANOS CANTIDAD / MASCULINO,1
Potosí,50101,Potosi,2011,5,SOBREPESO EN MAYORES DE 5 ANOS CANTIDAD / MASCULINO,22
Pando,90301,Puerto Gonzalo Moreno,2011,5,SOBREPESO EN MAYORES DE 5 ANOS CANTIDAD / MASCULINO,1
Santa Cruz,71401,Puerto Suarez,2011,5,SOBREPESO EN MAYORES DE 5 ANOS CANTIDAD / MASCULINO,0
Cochabamba,31205,Puerto Villarroel,2011,5,SOBREPESO EN MAYORES DE 5 ANOS CANTIDAD / MASCULINO,0
Cochabamba,31401,Punata,2011,5,SOBREPESO EN MAYORES DE 5 ANOS CANTIDAD / MASCULINO,1
Cochabamba,30901,Quillacollo,2011,5,SOBREPESO EN MAYORES DE 5 ANOS CANTIDAD / MASCULINO,13
Beni,80201,Riberalta,2011,5,SOBREPESO EN MAYORES DE 5 ANOS CANTIDAD / MASCULINO,2
Santa Cruz,70503,Robore,2011,5,SOBREPESO EN MAYORES DE 5 ANOS CANTIDAD / MASCULINO,0
Cochabamba,31001,Sacaba,2011,5,SOBREPESO EN MAYORES DE 5 ANOS CANTIDAD / MASCULINO,4
La Paz,20805,San Andres De Machaca,2011,5,SOBREPESO EN MAYORES DE 5 ANOS CANTIDAD / MASCULINO,0
Cochabamba,31403,San Benito,2011,5,SOBREPESO EN MAYORES DE 5 ANOS CANTIDAD / MASCULINO,0
Beni,80302,San Borja,2011,5,SOBREPESO EN MAYORES DE 5 ANOS CANTIDAD / MASCULINO,1
Santa Cruz,70402,San Carlos,2011,5,SOBREPESO EN MAYORES DE 5 ANOS CANTIDAD / MASCULINO,16
Beni,80501,San Ignacio,2011,5,SOBREPESO EN MAYORES DE 5 ANOS CANTIDAD / MASCULINO,1
Santa Cruz,70301,San Ignacio De Velasco,2011,5,SOBREPESO EN MAYORES DE 5 ANOS CANTIDAD / MASCULINO,1
Santa Cruz,70501,San Jose De Chiquitos,2011,5,SOBREPESO EN MAYORES DE 5 ANOS CANTIDAD / MASCULINO,0
Chuquisaca,10702,San Lucas,2011,5,SOBREPESO EN MAYORES DE 5 ANOS CANTIDAD / MASCULINO,1
Santa Cruz,70302,San Miguel De Velasco,2011,5,SOBREPESO EN MAYORES DE 5 ANOS CANTIDAD / MASCULINO,1
Santa Cruz,70101,Santa Cruz De La Sierra,2011,5,SOBREPESO EN MAYORES DE 5 ANOS CANTIDAD / MASCULINO,103
Cochabamba,31602,Shinaota,2011,5,SOBREPESO EN MAYORES DE 5 ANOS CANTIDAD / MASCULINO,0
Chuquisaca,10101,Sucre,2011,5,SOBREPESO EN MAYORES DE 5 ANOS CANTIDAD / MASCULINO,6
La Paz,20603,Tacacoma,2011,5,SOBREPESO EN MAYORES DE 5 ANOS CANTIDAD / MASCULINO,0
Chuquisaca,10601,Tarabuco,2011,5,SOBREPESO EN MAYORES DE 5 ANOS CANTIDAD / MASCULINO,2
Cochabamba,30401,Tarata,2011,5,SOBREPESO EN MAYORES DE 5 ANOS CANTIDAD / MASCULINO,1
Tarija,60101,Tarija,2011,5,SOBREPESO EN MAYORES DE 5 ANOS CANTIDAD / MASCULINO,24
La Paz,20606,Tipuani,2011,5,SOBREPESO EN MAYORES DE 5 ANOS CANTIDAD / MASCULINO,5
Cochabamba,30903,Tiquipaya,2011,5,SOBREPESO EN MAYORES DE 5 ANOS CANTIDAD / MASCULINO,2
Cochabamba,30803,Tolata,2011,5,SOBREPESO EN MAYORES DE 5 ANOS CANTIDAD / MASCULINO,1
Beni,80101,Trinidad,2011,5,SOBREPESO EN MAYORES DE 5 ANOS CANTIDAD / MASCULINO,4
Potosí,50801,Tupiza,2011,5,SOBREPESO EN MAYORES DE 5 ANOS CANTIDAD / MASCULINO,59
Potosí,51201,Uyuni,2011,5,SOBREPESO EN MAYORES DE 5 ANOS CANTIDAD / MASCULINO,1
Santa Cruz,70801,Vallegrande,2011,5,SOBREPESO EN MAYORES DE 5 ANOS CANTIDAD / MASCULINO,1
La Paz,20801,Viacha,2011,5,SOBREPESO EN MAYORES DE 5 ANOS CANTIDAD / MASCULINO,40
Tarija,60303,Villa Montes,2011,5,SOBREPESO EN MAYORES DE 5 ANOS CANTIDAD / MASCULINO,0
Chuquisaca,10801,Villa Serrano,2011,5,SOBREPESO EN MAYORES DE 5 ANOS CANTIDAD / MASCULINO,1
Cochabamba,31003,Villa Tunari,2011,5,SOBREPESO EN MAYORES DE 5 ANOS CANTIDAD / MASCULINO,1
Potosí,51501,Villazon,2011,5,SOBREPESO EN MAYORES DE 5 ANOS CANTIDAD / MASCULINO,1
Cochabamba,30904,Vinto,2011,5,SOBREPESO EN MAYORES DE 5 ANOS CANTIDAD / MASCULINO,1
Santa Cruz,70201,Warnes,2011,5,SOBREPESO EN MAYORES DE 5 ANOS CANTIDAD / MASCULINO,0
Tarija,60301,Yacuiba,2011,5,SOBREPESO EN MAYORES DE 5 ANOS CANTIDAD / MASCULINO,1
Cochabamba,30201,Aiquile,2011,6,SOBREPESO EN MAYORES DE 5 ANOS CANTIDAD / MASCULINO,1
Oruro,41201,Andamarca,2011,6,SOBREPESO EN MAYORES DE 5 ANOS CANTIDAD / MASCULINO,0
La Paz,20701,Apolo,2011,6,SOBREPESO EN MAYORES DE 5 ANOS CANTIDAD / MASCULINO,0
Tarija,60202,Bermejo,2011,6,SOBREPESO EN MAYORES DE 5 ANOS CANTIDAD / MASCULINO,3
Potosí,50301,Betanzos,2011,6,SOBREPESO EN MAYORES DE 5 ANOS CANTIDAD / MASCULINO,4
Santa Cruz,70703,Cabezas,2011,6,SOBREPESO EN MAYORES DE 5 ANOS CANTIDAD / MASCULINO,2
Chuquisaca,10701,Camargo,2011,6,SOBREPESO EN MAYORES DE 5 ANOS CANTIDAD / MASCULINO,1
Cochabamba,30701,Capinota,2011,6,SOBREPESO EN MAYORES DE 5 ANOS CANTIDAD / MASCULINO,0
Cochabamba,31204,Chimore,2011,6,SOBREPESO EN MAYORES DE 5 ANOS CANTIDAD / MASCULINO,1
La Paz,21101,Chulumani (v. De La Libertad),2011,6,SOBREPESO EN MAYORES DE 5 ANOS CANTIDAD / MASCULINO,0
Cochabamba,30801,Cliza,2011,6,SOBREPESO EN MAYORES DE 5 ANOS CANTIDAD / MASCULINO,0
Pando,90101,Cobija,2011,6,SOBREPESO EN MAYORES DE 5 ANOS CANTIDAD / MASCULINO,3
Cochabamba,30101,Cochabamba,2011,6,SOBREPESO EN MAYORES DE 5 ANOS CANTIDAD / MASCULINO,162
Cochabamba,30905,Colcapirhua,2011,6,SOBREPESO EN MAYORES DE 5 ANOS CANTIDAD / MASCULINO,4
Santa Cruz,70603,Colpa Belgica,2011,6,SOBREPESO EN MAYORES DE 5 ANOS CANTIDAD / MASCULINO,1
La Paz,20301,Coro Coro,2011,6,SOBREPESO EN MAYORES DE 5 ANOS CANTIDAD / MASCULINO,0
Santa Cruz,71106,Cuatro Cañadas,2011,6,SOBREPESO EN MAYORES DE 5 ANOS CANTIDAD / MASCULINO,0
La Paz,20105,El Alto,2011,6,SOBREPESO EN MAYORES DE 5 ANOS CANTIDAD / MASCULINO,49
Santa Cruz,71503,El Puente(stc),2011,6,SOBREPESO EN MAYORES DE 5 ANOS CANTIDAD / MASCULINO,0
La Paz,21601,Gral. J.j. Perez (charazani),2011,6,SOBREPESO EN MAYORES DE 5 ANOS CANTIDAD / MASCULINO,0
Santa Cruz,70705,Gutierrez,2011,6,SOBREPESO EN MAYORES DE 5 ANOS CANTIDAD / MASCULINO,2
Chuquisaca,10502,Huacareta,2011,6,SOBREPESO EN MAYORES DE 5 ANOS CANTIDAD / MASCULINO,0
La Paz,21102,Irupana (villa De Lanza),2011,6,SOBREPESO EN MAYORES DE 5 ANOS CANTIDAD / MASCULINO,0
Santa Cruz,70104,La Guardia,2011,6,SOBREPESO EN MAYORES DE 5 ANOS CANTIDAD / MASCULINO,5
La Paz,20101,La Paz,2011,6,SOBREPESO EN MAYORES DE 5 ANOS CANTIDAD / MASCULINO,300
La Paz,21202,Laja,2011,6,SOBREPESO EN MAYORES DE 5 ANOS CANTIDAD / MASCULINO,1
Beni,80601,Loreto,2011,6,SOBREPESO EN MAYORES DE 5 ANOS CANTIDAD / MASCULINO,0
Oruro,40702,Machacamarca,2011,6,SOBREPESO EN MAYORES DE 5 ANOS CANTIDAD / MASCULINO,4
Chuquisaca,11003,Machareti,2011,6,SOBREPESO EN MAYORES DE 5 ANOS CANTIDAD / MASCULINO,5
Cochabamba,31301,Mizque,2011,6,SOBREPESO EN MAYORES DE 5 ANOS CANTIDAD / MASCULINO,4
Chuquisaca,10501,Monteagudo,2011,6,SOBREPESO EN MAYORES DE 5 ANOS CANTIDAD / MASCULINO,1
Santa Cruz,71001,Montero,2011,6,SOBREPESO EN MAYORES DE 5 ANOS CANTIDAD / MASCULINO,10
Santa Cruz,70803,Moro Moro,2011,6,SOBREPESO EN MAYORES DE 5 ANOS CANTIDAD / MASCULINO,0
Oruro,40101,Oruro,2011,6,SOBREPESO EN MAYORES DE 5 ANOS CANTIDAD / MASCULINO,29
Chuquisaca,10401,Padilla,2011,6,SOBREPESO EN MAYORES DE 5 ANOS CANTIDAD / MASCULINO,0
Santa Cruz,70601,Portachuelo,2011,6,SOBREPESO EN MAYORES DE 5 ANOS CANTIDAD / MASCULINO,2
Potosí,50101,Potosi,2011,6,SOBREPESO EN MAYORES DE 5 ANOS CANTIDAD / MASCULINO,16
Pando,90301,Puerto Gonzalo Moreno,2011,6,SOBREPESO EN MAYORES DE 5 ANOS CANTIDAD / MASCULINO,0
La Paz,21204,Puerto Perez,2011,6,SOBREPESO EN MAYORES DE 5 ANOS CANTIDAD / MASCULINO,0
Pando,90201,Puerto Rico,2011,6,SOBREPESO EN MAYORES DE 5 ANOS CANTIDAD / MASCULINO,2
Potosí,51101,Puna,2011,6,SOBREPESO EN MAYORES DE 5 ANOS CANTIDAD / MASCULINO,0
Cochabamba,30901,Quillacollo,2011,6,SOBREPESO EN MAYORES DE 5 ANOS CANTIDAD / MASCULINO,4
La Paz,21002,Quime,2011,6,SOBREPESO EN MAYORES DE 5 ANOS CANTIDAD / MASCULINO,20
Beni,80201,Riberalta,2011,6,SOBREPESO EN MAYORES DE 5 ANOS CANTIDAD / MASCULINO,1
Santa Cruz,70503,Robore,2011,6,SOBREPESO EN MAYORES DE 5 ANOS CANTIDAD / MASCULINO,5
Cochabamba,31001,Sacaba,2011,6,SOBREPESO EN MAYORES DE 5 ANOS CANTIDAD / MASCULINO,47
Cochabamba,31403,San Benito,2011,6,SOBREPESO EN MAYORES DE 5 ANOS CANTIDAD / MASCULINO,0
Santa Cruz,70402,San Carlos,2011,6,SOBREPESO EN MAYORES DE 5 ANOS CANTIDAD / MASCULINO,6
Beni,80501,San Ignacio,2011,6,SOBREPESO EN MAYORES DE 5 ANOS CANTIDAD / MASCULINO,1
Santa Cruz,70301,San Ignacio De Velasco,2011,6,SOBREPESO EN MAYORES DE 5 ANOS CANTIDAD / MASCULINO,1
Chuquisaca,10702,San Lucas,2011,6,SOBREPESO EN MAYORES DE 5 ANOS CANTIDAD / MASCULINO,3
Santa Cruz,70101,Santa Cruz De La Sierra,2011,6,SOBREPESO EN MAYORES DE 5 ANOS CANTIDAD / MASCULINO,108
La Paz,20204,Santiago De Huata,2011,6,SOBREPESO EN MAYORES DE 5 ANOS CANTIDAD / MASCULINO,1
Cochabamba,31602,Shinaota,2011,6,SOBREPESO EN MAYORES DE 5 ANOS CANTIDAD / MASCULINO,0
Chuquisaca,10101,Sucre,2011,6,SOBREPESO EN MAYORES DE 5 ANOS CANTIDAD / MASCULINO,8
La Paz,20603,Tacacoma,2011,6,SOBREPESO EN MAYORES DE 5 ANOS CANTIDAD / MASCULINO,2
Cochabamba,30401,Tarata,2011,6,SOBREPESO EN MAYORES DE 5 ANOS CANTIDAD / MASCULINO,0
Tarija,60101,Tarija,2011,6,SOBREPESO EN MAYORES DE 5 ANOS CANTIDAD / MASCULINO,42
La Paz,20606,Tipuani,2011,6,SOBREPESO EN MAYORES DE 5 ANOS CANTIDAD / MASCULINO,0
Cochabamba,30903,Tiquipaya,2011,6,SOBREPESO EN MAYORES DE 5 ANOS CANTIDAD / MASCULINO,2
Beni,80101,Trinidad,2011,6,SOBREPESO EN MAYORES DE 5 ANOS CANTIDAD / MASCULINO,1
Potosí,50801,Tupiza,2011,6,SOBREPESO EN MAYORES DE 5 ANOS CANTIDAD / MASCULINO,2
Potosí,51201,Uyuni,2011,6,SOBREPESO EN MAYORES DE 5 ANOS CANTIDAD / MASCULINO,0
La Paz,20801,Viacha,2011,6,SOBREPESO EN MAYORES DE 5 ANOS CANTIDAD / MASCULINO,15
Cochabamba,31302,Vila Vila,2011,6,SOBREPESO EN MAYORES DE 5 ANOS CANTIDAD / MASCULINO,1
Cochabamba,31402,Villa Rivero,2011,6,SOBREPESO EN MAYORES DE 5 ANOS CANTIDAD / MASCULINO,0
Chuquisaca,10801,Villa Serrano,2011,6,SOBREPESO EN MAYORES DE 5 ANOS CANTIDAD / MASCULINO,0
Cochabamba,31003,Villa Tunari,2011,6,SOBREPESO EN MAYORES DE 5 ANOS CANTIDAD / MASCULINO,1
Chuquisaca,11001,Villa Vaca Guzman (muyupampa),2011,6,SOBREPESO EN MAYORES DE 5 ANOS CANTIDAD / MASCULINO,1
Potosí,51501,Villazon,2011,6,SOBREPESO EN MAYORES DE 5 ANOS CANTIDAD / MASCULINO,1
Santa Cruz,70201,Warnes,2011,6,SOBREPESO EN MAYORES DE 5 ANOS CANTIDAD / MASCULINO,2
La Paz,21103,Yanacachi,2011,6,SOBREPESO EN MAYORES DE 5 ANOS CANTIDAD / MASCULINO,0
Chuquisaca,10301,Zudañez,2011,6,SOBREPESO EN MAYORES DE 5 ANOS CANTIDAD / MASCULINO,2
Cochabamba,30201,Aiquile,2011,7,SOBREPESO EN MAYORES DE 5 ANOS CANTIDAD / MASCULINO,0
Oruro,41201,Andamarca,2011,7,SOBREPESO EN MAYORES DE 5 ANOS CANTIDAD / MASCULINO,1
La Paz,20701,Apolo,2011,7,SOBREPESO EN MAYORES DE 5 ANOS CANTIDAD / MASCULINO,0
Cochabamba,30501,Arani,2011,7,SOBREPESO EN MAYORES DE 5 ANOS CANTIDAD / MASCULINO,0
Potosí,50301,Betanzos,2011,7,SOBREPESO EN MAYORES DE 5 ANOS CANTIDAD / MASCULINO,0
Chuquisaca,10701,Camargo,2011,7,SOBREPESO EN MAYORES DE 5 ANOS CANTIDAD / MASCULINO,0
Santa Cruz,70706,Camiri,2011,7,SOBREPESO EN MAYORES DE 5 ANOS CANTIDAD / MASCULINO,1
La Paz,22001,Caranavi,2011,7,SOBREPESO EN MAYORES DE 5 ANOS CANTIDAD / MASCULINO,0
Cochabamba,31204,Chimore,2011,7,SOBREPESO EN MAYORES DE 5 ANOS CANTIDAD / MASCULINO,0
Pando,90101,Cobija,2011,7,SOBREPESO EN MAYORES DE 5 ANOS CANTIDAD / MASCULINO,2
Cochabamba,30101,Cochabamba,2011,7,SOBREPESO EN MAYORES DE 5 ANOS CANTIDAD / MASCULINO,144
Cochabamba,30905,Colcapirhua,2011,7,SOBREPESO EN MAYORES DE 5 ANOS CANTIDAD / MASCULINO,7
Santa Cruz,71101,Concepcion,2011,7,SOBREPESO EN MAYORES DE 5 ANOS CANTIDAD / MASCULINO,2
La Paz,20105,El Alto,2011,7,SOBREPESO EN MAYORES DE 5 ANOS CANTIDAD / MASCULINO,25
Santa Cruz,71503,El Puente(stc),2011,7,SOBREPESO EN MAYORES DE 5 ANOS CANTIDAD / MASCULINO,2
Santa Cruz,70105,El Torno,2011,7,SOBREPESO EN MAYORES DE 5 ANOS CANTIDAD / MASCULINO,0
Tarija,60601,Entre Rios Trj,2011,7,SOBREPESO EN MAYORES DE 5 ANOS CANTIDAD / MASCULINO,1
Cochabamba,31206,Entre Rios Cbba,2011,7,SOBREPESO EN MAYORES DE 5 ANOS CANTIDAD / MASCULINO,0
La Paz,20405,Escoma,2011,7,SOBREPESO EN MAYORES DE 5 ANOS CANTIDAD / MASCULINO,0
La Paz,21601,Gral. J.j. Perez (charazani),2011,7,SOBREPESO EN MAYORES DE 5 ANOS CANTIDAD / MASCULINO,0
Santa Cruz,70705,Gutierrez,2011,7,SOBREPESO EN MAYORES DE 5 ANOS CANTIDAD / MASCULINO,0
La Paz,20806,Jesus De Machaca,2011,7,SOBREPESO EN MAYORES DE 5 ANOS CANTIDAD / MASCULINO,1
Santa Cruz,70104,La Guardia,2011,7,SOBREPESO EN MAYORES DE 5 ANOS CANTIDAD / MASCULINO,11
La Paz,20101,La Paz,2011,7,SOBREPESO EN MAYORES DE 5 ANOS CANTIDAD / MASCULINO,414
La Paz,21202,Laja,2011,7,SOBREPESO EN MAYORES DE 5 ANOS CANTIDAD / MASCULINO,0
Beni,80601,Loreto,2011,7,SOBREPESO EN MAYORES DE 5 ANOS CANTIDAD / MASCULINO,0
Oruro,40702,Machacamarca,2011,7,SOBREPESO EN MAYORES DE 5 ANOS CANTIDAD / MASCULINO,9
Chuquisaca,11003,Machareti,2011,7,SOBREPESO EN MAYORES DE 5 ANOS CANTIDAD / MASCULINO,0
Chuquisaca,10501,Monteagudo,2011,7,SOBREPESO EN MAYORES DE 5 ANOS CANTIDAD / MASCULINO,0
Santa Cruz,71001,Montero,2011,7,SOBREPESO EN MAYORES DE 5 ANOS CANTIDAD / MASCULINO,0
Santa Cruz,70803,Moro Moro,2011,7,SOBREPESO EN MAYORES DE 5 ANOS CANTIDAD / MASCULINO,0
Oruro,40101,Oruro,2011,7,SOBREPESO EN MAYORES DE 5 ANOS CANTIDAD / MASCULINO,26
Chuquisaca,10401,Padilla,2011,7,SOBREPESO EN MAYORES DE 5 ANOS CANTIDAD / MASCULINO,0
Santa Cruz,70601,Portachuelo,2011,7,SOBREPESO EN MAYORES DE 5 ANOS CANTIDAD / MASCULINO,2
Potosí,50101,Potosi,2011,7,SOBREPESO EN MAYORES DE 5 ANOS CANTIDAD / MASCULINO,36
Pando,90301,Puerto Gonzalo Moreno,2011,7,SOBREPESO EN MAYORES DE 5 ANOS CANTIDAD / MASCULINO,3
La Paz,21204,Puerto Perez,2011,7,SOBREPESO EN MAYORES DE 5 ANOS CANTIDAD / MASCULINO,0
Cochabamba,31205,Puerto Villarroel,2011,7,SOBREPESO EN MAYORES DE 5 ANOS CANTIDAD / MASCULINO,1
Cochabamba,31401,Punata,2011,7,SOBREPESO EN MAYORES DE 5 ANOS CANTIDAD / MASCULINO,1
Cochabamba,30901,Quillacollo,2011,7,SOBREPESO EN MAYORES DE 5 ANOS CANTIDAD / MASCULINO,2
Beni,80201,Riberalta,2011,7,SOBREPESO EN MAYORES DE 5 ANOS CANTIDAD / MASCULINO,3
Santa Cruz,70503,Robore,2011,7,SOBREPESO EN MAYORES DE 5 ANOS CANTIDAD / MASCULINO,0
Cochabamba,31001,Sacaba,2011,7,SOBREPESO EN MAYORES DE 5 ANOS CANTIDAD / MASCULINO,5
La Paz,20805,San Andres De Machaca,2011,7,SOBREPESO EN MAYORES DE 5 ANOS CANTIDAD / MASCULINO,0
Cochabamba,31403,San Benito,2011,7,SOBREPESO EN MAYORES DE 5 ANOS CANTIDAD / MASCULINO,0
Beni,80302,San Borja,2011,7,SOBREPESO EN MAYORES DE 5 ANOS CANTIDAD / MASCULINO,0
Santa Cruz,70402,San Carlos,2011,7,SOBREPESO EN MAYORES DE 5 ANOS CANTIDAD / MASCULINO,3
Beni,80501,San Ignacio,2011,7,SOBREPESO EN MAYORES DE 5 ANOS CANTIDAD / MASCULINO,1
Santa Cruz,70501,San Jose De Chiquitos,2011,7,SOBREPESO EN MAYORES DE 5 ANOS CANTIDAD / MASCULINO,0
Tarija,60501,San Lorenzo(tja),2011,7,SOBREPESO EN MAYORES DE 5 ANOS CANTIDAD / MASCULINO,5
Potosí,50902,San Pedro De Quemes,2011,7,SOBREPESO EN MAYORES DE 5 ANOS CANTIDAD / MASCULINO,1
Santa Cruz,70101,Santa Cruz De La Sierra,2011,7,SOBREPESO EN MAYORES DE 5 ANOS CANTIDAD / MASCULINO,136
Beni,80303,Santa Rosa,2011,7,SOBREPESO EN MAYORES DE 5 ANOS CANTIDAD / MASCULINO,1
Santa Cruz,70602,Santa Rosa Del Sara,2011,7,SOBREPESO EN MAYORES DE 5 ANOS CANTIDAD / MASCULINO,0
Cochabamba,31602,Shinaota,2011,7,SOBREPESO EN MAYORES DE 5 ANOS CANTIDAD / MASCULINO,4
Cochabamba,30902,Sipe Sipe,2011,7,SOBREPESO EN MAYORES DE 5 ANOS CANTIDAD / MASCULINO,2
La Paz,20601,Sorata,2011,7,SOBREPESO EN MAYORES DE 5 ANOS CANTIDAD / MASCULINO,0
Chuquisaca,10101,Sucre,2011,7,SOBREPESO EN MAYORES DE 5 ANOS CANTIDAD / MASCULINO,33
La Paz,20603,Tacacoma,2011,7,SOBREPESO EN MAYORES DE 5 ANOS CANTIDAD / MASCULINO,0
Chuquisaca,10601,Tarabuco,2011,7,SOBREPESO EN MAYORES DE 5 ANOS CANTIDAD / MASCULINO,6
Cochabamba,30401,Tarata,2011,7,SOBREPESO EN MAYORES DE 5 ANOS CANTIDAD / MASCULINO,0
Tarija,60101,Tarija,2011,7,SOBREPESO EN MAYORES DE 5 ANOS CANTIDAD / MASCULINO,29
Chuquisaca,10202,Tarvita,2011,7,SOBREPESO EN MAYORES DE 5 ANOS CANTIDAD / MASCULINO,0
La Paz,20803,Tiawanacu,2011,7,SOBREPESO EN MAYORES DE 5 ANOS CANTIDAD / MASCULINO,1
Cochabamba,30903,Tiquipaya,2011,7,SOBREPESO EN MAYORES DE 5 ANOS CANTIDAD / MASCULINO,4
La Paz,21703,Tito Yupanqui (parquipujio),2011,7,SOBREPESO EN MAYORES DE 5 ANOS CANTIDAD / MASCULINO,1
Oruro,41001,Toledo,2011,7,SOBREPESO EN MAYORES DE 5 ANOS CANTIDAD / MASCULINO,0
Cochabamba,31201,Totora(cbba),2011,7,SOBREPESO EN MAYORES DE 5 ANOS CANTIDAD / MASCULINO,2
Beni,80101,Trinidad,2011,7,SOBREPESO EN MAYORES DE 5 ANOS CANTIDAD / MASCULINO,5
Potosí,50801,Tupiza,2011,7,SOBREPESO EN MAYORES DE 5 ANOS CANTIDAD / MASCULINO,44
Potosí,51201,Uyuni,2011,7,SOBREPESO EN MAYORES DE 5 ANOS CANTIDAD / MASCULINO,3
La Paz,20801,Viacha,2011,7,SOBREPESO EN MAYORES DE 5 ANOS CANTIDAD / MASCULINO,10
Cochabamba,31302,Vila Vila,2011,7,SOBREPESO EN MAYORES DE 5 ANOS CANTIDAD / MASCULINO,0
Cochabamba,31003,Villa Tunari,2011,7,SOBREPESO EN MAYORES DE 5 ANOS CANTIDAD / MASCULINO,1
Chuquisaca,11001,Villa Vaca Guzman (muyupampa),2011,7,SOBREPESO EN MAYORES DE 5 ANOS CANTIDAD / MASCULINO,3
Cochabamba,30904,Vinto,2011,7,SOBREPESO EN MAYORES DE 5 ANOS CANTIDAD / MASCULINO,1
Santa Cruz,70201,Warnes,2011,7,SOBREPESO EN MAYORES DE 5 ANOS CANTIDAD / MASCULINO,0
Tarija,60301,Yacuiba,2011,7,SOBREPESO EN MAYORES DE 5 ANOS CANTIDAD / MASCULINO,1
Chuquisaca,10301,Zudañez,2011,7,SOBREPESO EN MAYORES DE 5 ANOS CANTIDAD / MASCULINO,0
La Paz,20201,Achacachi,2011,8,SOBREPESO EN MAYORES DE 5 ANOS CANTIDAD / MASCULINO,2
Cochabamba,30201,Aiquile,2011,8,SOBREPESO EN MAYORES DE 5 ANOS CANTIDAD / MASCULINO,39
La Paz,20701,Apolo,2011,8,SOBREPESO EN MAYORES DE 5 ANOS CANTIDAD / MASCULINO,1
Potosí,50802,Atocha,2011,8,SOBREPESO EN MAYORES DE 5 ANOS CANTIDAD / MASCULINO,1
La Paz,21203,Batallas,2011,8,SOBREPESO EN MAYORES DE 5 ANOS CANTIDAD / MASCULINO,0
Tarija,60202,Bermejo,2011,8,SOBREPESO EN MAYORES DE 5 ANOS CANTIDAD / MASCULINO,7
Potosí,50301,Betanzos,2011,8,SOBREPESO EN MAYORES DE 5 ANOS CANTIDAD / MASCULINO,0
Pando,90103,Bolpebra,2011,8,SOBREPESO EN MAYORES DE 5 ANOS CANTIDAD / MASCULINO,0
Chuquisaca,10701,Camargo,2011,8,SOBREPESO EN MAYORES DE 5 ANOS CANTIDAD / MASCULINO,2
Cochabamba,30701,Capinota,2011,8,SOBREPESO EN MAYORES DE 5 ANOS CANTIDAD / MASCULINO,79
La Paz,22001,Caranavi,2011,8,SOBREPESO EN MAYORES DE 5 ANOS CANTIDAD / MASCULINO,0
Cochabamba,30801,Cliza,2011,8,SOBREPESO EN MAYORES DE 5 ANOS CANTIDAD / MASCULINO,13
Pando,90101,Cobija,2011,8,SOBREPESO EN MAYORES DE 5 ANOS CANTIDAD / MASCULINO,1
Cochabamba,30101,Cochabamba,2011,8,SOBREPESO EN MAYORES DE 5 ANOS CANTIDAD / MASCULINO,202
Cochabamba,30905,Colcapirhua,2011,8,SOBREPESO EN MAYORES DE 5 ANOS CANTIDAD / MASCULINO,4
Santa Cruz,70603,Colpa Belgica,2011,8,SOBREPESO EN MAYORES DE 5 ANOS CANTIDAD / MASCULINO,0
Santa Cruz,71101,Concepcion,2011,8,SOBREPESO EN MAYORES DE 5 ANOS CANTIDAD / MASCULINO,1
La Paz,21401,Coroico,2011,8,SOBREPESO EN MAYORES DE 5 ANOS CANTIDAD / MASCULINO,3
Santa Cruz,70102,Cotoca,2011,8,SOBREPESO EN MAYORES DE 5 ANOS CANTIDAD / MASCULINO,1
Santa Cruz,71106,Cuatro Cañadas,2011,8,SOBREPESO EN MAYORES DE 5 ANOS CANTIDAD / MASCULINO,0
La Paz,20105,El Alto,2011,8,SOBREPESO EN MAYORES DE 5 ANOS CANTIDAD / MASCULINO,91
Santa Cruz,71503,El Puente(stc),2011,8,SOBREPESO EN MAYORES DE 5 ANOS CANTIDAD / MASCULINO,0
Santa Cruz,70105,El Torno,2011,8,SOBREPESO EN MAYORES DE 5 ANOS CANTIDAD / MASCULINO,1
La Paz,21601,Gral. J.j. Perez (charazani),2011,8,SOBREPESO EN MAYORES DE 5 ANOS CANTIDAD / MASCULINO,0
Santa Cruz,70705,Gutierrez,2011,8,SOBREPESO EN MAYORES DE 5 ANOS CANTIDAD / MASCULINO,5
La Paz,20203,Huarina,2011,8,SOBREPESO EN MAYORES DE 5 ANOS CANTIDAD / MASCULINO,0
La Paz,21102,Irupana (villa De Lanza),2011,8,SOBREPESO EN MAYORES DE 5 ANOS CANTIDAD / MASCULINO,0
La Paz,20806,Jesus De Machaca,2011,8,SOBREPESO EN MAYORES DE 5 ANOS CANTIDAD / MASCULINO,0
Santa Cruz,70104,La Guardia,2011,8,SOBREPESO EN MAYORES DE 5 ANOS CANTIDAD / MASCULINO,4
La Paz,20101,La Paz,2011,8,SOBREPESO EN MAYORES DE 5 ANOS CANTIDAD / MASCULINO,632
Oruro,40702,Machacamarca,2011,8,SOBREPESO EN MAYORES DE 5 ANOS CANTIDAD / MASCULINO,4
Chuquisaca,11003,Machareti,2011,8,SOBREPESO EN MAYORES DE 5 ANOS CANTIDAD / MASCULINO,2
Chuquisaca,10501,Monteagudo,2011,8,SOBREPESO EN MAYORES DE 5 ANOS CANTIDAD / MASCULINO,1
Santa Cruz,71001,Montero,2011,8,SOBREPESO EN MAYORES DE 5 ANOS CANTIDAD / MASCULINO,0
Pando,90401,Nacebe (santa Rosa Del Abuna),2011,8,SOBREPESO EN MAYORES DE 5 ANOS CANTIDAD / MASCULINO,1
Pando,90501,Nuevo Manoa (nueva Esperanza),2011,8,SOBREPESO EN MAYORES DE 5 ANOS CANTIDAD / MASCULINO,2
Oruro,40101,Oruro,2011,8,SOBREPESO EN MAYORES DE 5 ANOS CANTIDAD / MASCULINO,36
Chuquisaca,10401,Padilla,2011,8,SOBREPESO EN MAYORES DE 5 ANOS CANTIDAD / MASCULINO,2
La Paz,20102,Palca,2011,8,SOBREPESO EN MAYORES DE 5 ANOS CANTIDAD / MASCULINO,3
La Paz,21305,Patacamaya,2011,8,SOBREPESO EN MAYORES DE 5 ANOS CANTIDAD / MASCULINO,1
Oruro,40602,Pazña,2011,8,SOBREPESO EN MAYORES DE 5 ANOS CANTIDAD / MASCULINO,0
Santa Cruz,70601,Portachuelo,2011,8,SOBREPESO EN MAYORES DE 5 ANOS CANTIDAD / MASCULINO,1
Potosí,50101,Potosi,2011,8,SOBREPESO EN MAYORES DE 5 ANOS CANTIDAD / MASCULINO,35
Pando,90301,Puerto Gonzalo Moreno,2011,8,SOBREPESO EN MAYORES DE 5 ANOS CANTIDAD / MASCULINO,1
Pando,90201,Puerto Rico,2011,8,SOBREPESO EN MAYORES DE 5 ANOS CANTIDAD / MASCULINO,1
Potosí,51101,Puna,2011,8,SOBREPESO EN MAYORES DE 5 ANOS CANTIDAD / MASCULINO,0
Cochabamba,30901,Quillacollo,2011,8,SOBREPESO EN MAYORES DE 5 ANOS CANTIDAD / MASCULINO,7
Beni,80201,Riberalta,2011,8,SOBREPESO EN MAYORES DE 5 ANOS CANTIDAD / MASCULINO,2
Santa Cruz,70503,Robore,2011,8,SOBREPESO EN MAYORES DE 5 ANOS CANTIDAD / MASCULINO,0
Cochabamba,31001,Sacaba,2011,8,SOBREPESO EN MAYORES DE 5 ANOS CANTIDAD / MASCULINO,0
Cochabamba,31403,San Benito,2011,8,SOBREPESO EN MAYORES DE 5 ANOS CANTIDAD / MASCULINO,1
Beni,80302,San Borja,2011,8,SOBREPESO EN MAYORES DE 5 ANOS CANTIDAD / MASCULINO,0
Santa Cruz,70402,San Carlos,2011,8,SOBREPESO EN MAYORES DE 5 ANOS CANTIDAD / MASCULINO,1
Beni,80501,San Ignacio,2011,8,SOBREPESO EN MAYORES DE 5 ANOS CANTIDAD / MASCULINO,0
Santa Cruz,70404,San Juan De Yapacani,2011,8,SOBREPESO EN MAYORES DE 5 ANOS CANTIDAD / MASCULINO,0
Chuquisaca,10702,San Lucas,2011,8,SOBREPESO EN MAYORES DE 5 ANOS CANTIDAD / MASCULINO,3
Santa Cruz,70302,San Miguel De Velasco,2011,8,SOBREPESO EN MAYORES DE 5 ANOS CANTIDAD / MASCULINO,2
Santa Cruz,70101,Santa Cruz De La Sierra,2011,8,SOBREPESO EN MAYORES DE 5 ANOS CANTIDAD / MASCULINO,142
Cochabamba,31602,Shinaota,2011,8,SOBREPESO EN MAYORES DE 5 ANOS CANTIDAD / MASCULINO,7
Cochabamba,30902,Sipe Sipe,2011,8,SOBREPESO EN MAYORES DE 5 ANOS CANTIDAD / MASCULINO,1
Oruro,40104,Soracachi,2011,8,SOBREPESO EN MAYORES DE 5 ANOS CANTIDAD / MASCULINO,1
Chuquisaca,10101,Sucre,2011,8,SOBREPESO EN MAYORES DE 5 ANOS CANTIDAD / MASCULINO,43
La Paz,20603,Tacacoma,2011,8,SOBREPESO EN MAYORES DE 5 ANOS CANTIDAD / MASCULINO,1
Chuquisaca,10601,Tarabuco,2011,8,SOBREPESO EN MAYORES DE 5 ANOS CANTIDAD / MASCULINO,1
Tarija,60101,Tarija,2011,8,SOBREPESO EN MAYORES DE 5 ANOS CANTIDAD / MASCULINO,15
La Paz,20608,Teoponte,2011,8,SOBREPESO EN MAYORES DE 5 ANOS CANTIDAD / MASCULINO,0
La Paz,20803,Tiawanacu,2011,8,SOBREPESO EN MAYORES DE 5 ANOS CANTIDAD / MASCULINO,1
La Paz,20606,Tipuani,2011,8,SOBREPESO EN MAYORES DE 5 ANOS CANTIDAD / MASCULINO,4
Cochabamba,30903,Tiquipaya,2011,8,SOBREPESO EN MAYORES DE 5 ANOS CANTIDAD / MASCULINO,15
Oruro,41001,Toledo,2011,8,SOBREPESO EN MAYORES DE 5 ANOS CANTIDAD / MASCULINO,0
Chuquisaca,10402,Tomina,2011,8,SOBREPESO EN MAYORES DE 5 ANOS CANTIDAD / MASCULINO,0
Cochabamba,31201,Totora(cbba),2011,8,SOBREPESO EN MAYORES DE 5 ANOS CANTIDAD / MASCULINO,0
Beni,80101,Trinidad,2011,8,SOBREPESO EN MAYORES DE 5 ANOS CANTIDAD / MASCULINO,3
Potosí,50801,Tupiza,2011,8,SOBREPESO EN MAYORES DE 5 ANOS CANTIDAD / MASCULINO,38
Potosí,51201,Uyuni,2011,8,SOBREPESO EN MAYORES DE 5 ANOS CANTIDAD / MASCULINO,4
La Paz,20801,Viacha,2011,8,SOBREPESO EN MAYORES DE 5 ANOS CANTIDAD / MASCULINO,20
Tarija,60303,Villa Montes,2011,8,SOBREPESO EN MAYORES DE 5 ANOS CANTIDAD / MASCULINO,1
Pando,90502,Villa Nueva (loma Alta),2011,8,SOBREPESO EN MAYORES DE 5 ANOS CANTIDAD / MASCULINO,0
Cochabamba,31402,Villa Rivero,2011,8,SOBREPESO EN MAYORES DE 5 ANOS CANTIDAD / MASCULINO,0
Cochabamba,31003,Villa Tunari,2011,8,SOBREPESO EN MAYORES DE 5 ANOS CANTIDAD / MASCULINO,2
Chuquisaca,11001,Villa Vaca Guzman (muyupampa),2011,8,SOBREPESO EN MAYORES DE 5 ANOS CANTIDAD / MASCULINO,0
Potosí,51501,Villazon,2011,8,SOBREPESO EN MAYORES DE 5 ANOS CANTIDAD / MASCULINO,1
Cochabamba,30904,Vinto,2011,8,SOBREPESO EN MAYORES DE 5 ANOS CANTIDAD / MASCULINO,2
Santa Cruz,70201,Warnes,2011,8,SOBREPESO EN MAYORES DE 5 ANOS CANTIDAD / MASCULINO,2
Tarija,60301,Yacuiba,2011,8,SOBREPESO EN MAYORES DE 5 ANOS CANTIDAD / MASCULINO,1
Chuquisaca,10102,Yotala,2011,8,SOBREPESO EN MAYORES DE 5 ANOS CANTIDAD / MASCULINO,0
La Paz,20201,Achacachi,2011,9,SOBREPESO EN MAYORES DE 5 ANOS CANTIDAD / MASCULINO,4
Cochabamba,30201,Aiquile,2011,9,SOBREPESO EN MAYORES DE 5 ANOS CANTIDAD / MASCULINO,40
Chuquisaca,10404,Alcala,2011,9,SOBREPESO EN MAYORES DE 5 ANOS CANTIDAD / MASCULINO,0
Oruro,41201,Andamarca,2011,9,SOBREPESO EN MAYORES DE 5 ANOS CANTIDAD / MASCULINO,0
Cochabamba,30402,Anzaldo,2011,9,SOBREPESO EN MAYORES DE 5 ANOS CANTIDAD / MASCULINO,1
La Paz,20701,Apolo,2011,9,SOBREPESO EN MAYORES DE 5 ANOS CANTIDAD / MASCULINO,0
Cochabamba,30403,Arbieto,2011,9,SOBREPESO EN MAYORES DE 5 ANOS CANTIDAD / MASCULINO,1
Tarija,60202,Bermejo,2011,9,SOBREPESO EN MAYORES DE 5 ANOS CANTIDAD / MASCULINO,16
Potosí,50301,Betanzos,2011,9,SOBREPESO EN MAYORES DE 5 ANOS CANTIDAD / MASCULINO,0
Santa Cruz,70703,Cabezas,2011,9,SOBREPESO EN MAYORES DE 5 ANOS CANTIDAD / MASCULINO,2
Santa Cruz,70706,Camiri,2011,9,SOBREPESO EN MAYORES DE 5 ANOS CANTIDAD / MASCULINO,0
Cochabamba,30701,Capinota,2011,9,SOBREPESO EN MAYORES DE 5 ANOS CANTIDAD / MASCULINO,13
La Paz,22001,Caranavi,2011,9,SOBREPESO EN MAYORES DE 5 ANOS CANTIDAD / MASCULINO,0
Cochabamba,30801,Cliza,2011,9,SOBREPESO EN MAYORES DE 5 ANOS CANTIDAD / MASCULINO,7
Pando,90101,Cobija,2011,9,SOBREPESO EN MAYORES DE 5 ANOS CANTIDAD / MASCULINO,1
Cochabamba,30101,Cochabamba,2011,9,SOBREPESO EN MAYORES DE 5 ANOS CANTIDAD / MASCULINO,145
Cochabamba,30905,Colcapirhua,2011,9,SOBREPESO EN MAYORES DE 5 ANOS CANTIDAD / MASCULINO,5
Santa Cruz,71301,Comarapa,2011,9,SOBREPESO EN MAYORES DE 5 ANOS CANTIDAD / MASCULINO,0
Santa Cruz,70102,Cotoca,2011,9,SOBREPESO EN MAYORES DE 5 ANOS CANTIDAD / MASCULINO,0
Santa Cruz,71106,Cuatro Cañadas,2011,9,SOBREPESO EN MAYORES DE 5 ANOS CANTIDAD / MASCULINO,0
La Paz,20105,El Alto,2011,9,SOBREPESO EN MAYORES DE 5 ANOS CANTIDAD / MASCULINO,242
Santa Cruz,71503,El Puente(stc),2011,9,SOBREPESO EN MAYORES DE 5 ANOS CANTIDAD / MASCULINO,0
Santa Cruz,70105,El Torno,2011,9,SOBREPESO EN MAYORES DE 5 ANOS CANTIDAD / MASCULINO,0
Cochabamba,31206,Entre Rios Cbba,2011,9,SOBREPESO EN MAYORES DE 5 ANOS CANTIDAD / MASCULINO,0
La Paz,21601,Gral. J.j. Perez (charazani),2011,9,SOBREPESO EN MAYORES DE 5 ANOS CANTIDAD / MASCULINO,0
La Paz,20802,Guaqui,2011,9,SOBREPESO EN MAYORES DE 5 ANOS CANTIDAD / MASCULINO,0
Beni,80202,Guayaramerin,2011,9,SOBREPESO EN MAYORES DE 5 ANOS CANTIDAD / MASCULINO,16
La Paz,21102,Irupana (villa De Lanza),2011,9,SOBREPESO EN MAYORES DE 5 ANOS CANTIDAD / MASCULINO,0
La Paz,20806,Jesus De Machaca,2011,9,SOBREPESO EN MAYORES DE 5 ANOS CANTIDAD / MASCULINO,0
Santa Cruz,70104,La Guardia,2011,9,SOBREPESO EN MAYORES DE 5 ANOS CANTIDAD / MASCULINO,0
La Paz,20101,La Paz,2011,9,SOBREPESO EN MAYORES DE 5 ANOS CANTIDAD / MASCULINO,515
Beni,80601,Loreto,2011,9,SOBREPESO EN MAYORES DE 5 ANOS CANTIDAD / MASCULINO,0
Oruro,40702,Machacamarca,2011,9,SOBREPESO EN MAYORES DE 5 ANOS CANTIDAD / MASCULINO,4
La Paz,20103,Mecapaca,2011,9,SOBREPESO EN MAYORES DE 5 ANOS CANTIDAD / MASCULINO,0
Santa Cruz,71003,Mineros,2011,9,SOBREPESO EN MAYORES DE 5 ANOS CANTIDAD / MASCULINO,1
Chuquisaca,10501,Monteagudo,2011,9,SOBREPESO EN MAYORES DE 5 ANOS CANTIDAD / MASCULINO,0
Santa Cruz,71001,Montero,2011,9,SOBREPESO EN MAYORES DE 5 ANOS CANTIDAD / MASCULINO,52
Pando,90401,Nacebe (santa Rosa Del Abuna),2011,9,SOBREPESO EN MAYORES DE 5 ANOS CANTIDAD / MASCULINO,1
Oruro,40101,Oruro,2011,9,SOBREPESO EN MAYORES DE 5 ANOS CANTIDAD / MASCULINO,32
Oruro,40602,Pazña,2011,9,SOBREPESO EN MAYORES DE 5 ANOS CANTIDAD / MASCULINO,0
Santa Cruz,70103,Porongo,2011,9,SOBREPESO EN MAYORES DE 5 ANOS CANTIDAD / MASCULINO,0
Santa Cruz,70601,Portachuelo,2011,9,SOBREPESO EN MAYORES DE 5 ANOS CANTIDAD / MASCULINO,1
Potosí,50101,Potosi,2011,9,SOBREPESO EN MAYORES DE 5 ANOS CANTIDAD / MASCULINO,27
La Paz,20401,Puerto Acosta,2011,9,SOBREPESO EN MAYORES DE 5 ANOS CANTIDAD / MASCULINO,0
Pando,90301,Puerto Gonzalo Moreno,2011,9,SOBREPESO EN MAYORES DE 5 ANOS CANTIDAD / MASCULINO,1
La Paz,21204,Puerto Perez,2011,9,SOBREPESO EN MAYORES DE 5 ANOS CANTIDAD / MASCULINO,0
Santa Cruz,71401,Puerto Suarez,2011,9,SOBREPESO EN MAYORES DE 5 ANOS CANTIDAD / MASCULINO,2
Cochabamba,31205,Puerto Villarroel,2011,9,SOBREPESO EN MAYORES DE 5 ANOS CANTIDAD / MASCULINO,2
Cochabamba,31401,Punata,2011,9,SOBREPESO EN MAYORES DE 5 ANOS CANTIDAD / MASCULINO,0
Cochabamba,30901,Quillacollo,2011,9,SOBREPESO EN MAYORES DE 5 ANOS CANTIDAD / MASCULINO,11
Beni,80201,Riberalta,2011,9,SOBREPESO EN MAYORES DE 5 ANOS CANTIDAD / MASCULINO,5
Cochabamba,31001,Sacaba,2011,9,SOBREPESO EN MAYORES DE 5 ANOS CANTIDAD / MASCULINO,1
Cochabamba,31403,San Benito,2011,9,SOBREPESO EN MAYORES DE 5 ANOS CANTIDAD / MASCULINO,0
Beni,80302,San Borja,2011,9,SOBREPESO EN MAYORES DE 5 ANOS CANTIDAD / MASCULINO,0
Santa Cruz,70402,San Carlos,2011,9,SOBREPESO EN MAYORES DE 5 ANOS CANTIDAD / MASCULINO,7
Beni,80501,San Ignacio,2011,9,SOBREPESO EN MAYORES DE 5 ANOS CANTIDAD / MASCULINO,0
Santa Cruz,70301,San Ignacio De Velasco,2011,9,SOBREPESO EN MAYORES DE 5 ANOS CANTIDAD / MASCULINO,0
Beni,80102,San Javier(bni),2011,9,SOBREPESO EN MAYORES DE 5 ANOS CANTIDAD / MASCULINO,2
Santa Cruz,70501,San Jose De Chiquitos,2011,9,SOBREPESO EN MAYORES DE 5 ANOS CANTIDAD / MASCULINO,1
Santa Cruz,70302,San Miguel De Velasco,2011,9,SOBREPESO EN MAYORES DE 5 ANOS CANTIDAD / MASCULINO,0
Beni,80401,Santa Ana,2011,9,SOBREPESO EN MAYORES DE 5 ANOS CANTIDAD / MASCULINO,1
Santa Cruz,70101,Santa Cruz De La Sierra,2011,9,SOBREPESO EN MAYORES DE 5 ANOS CANTIDAD / MASCULINO,118
Santa Cruz,70602,Santa Rosa Del Sara,2011,9,SOBREPESO EN MAYORES DE 5 ANOS CANTIDAD / MASCULINO,0
Cochabamba,31602,Shinaota,2011,9,SOBREPESO EN MAYORES DE 5 ANOS CANTIDAD / MASCULINO,4
Cochabamba,30902,Sipe Sipe,2011,9,SOBREPESO EN MAYORES DE 5 ANOS CANTIDAD / MASCULINO,0
La Paz,20601,Sorata,2011,9,SOBREPESO EN MAYORES DE 5 ANOS CANTIDAD / MASCULINO,1
Chuquisaca,10101,Sucre,2011,9,SOBREPESO EN MAYORES DE 5 ANOS CANTIDAD / MASCULINO,21
Tarija,60101,Tarija,2011,9,SOBREPESO EN MAYORES DE 5 ANOS CANTIDAD / MASCULINO,65
La Paz,20606,Tipuani,2011,9,SOBREPESO EN MAYORES DE 5 ANOS CANTIDAD / MASCULINO,27
Cochabamba,30903,Tiquipaya,2011,9,SOBREPESO EN MAYORES DE 5 ANOS CANTIDAD / MASCULINO,7
Chuquisaca,10402,Tomina,2011,9,SOBREPESO EN MAYORES DE 5 ANOS CANTIDAD / MASCULINO,0
Cochabamba,31201,Totora(cbba),2011,9,SOBREPESO EN MAYORES DE 5 ANOS CANTIDAD / MASCULINO,1
Beni,80101,Trinidad,2011,9,SOBREPESO EN MAYORES DE 5 ANOS CANTIDAD / MASCULINO,0
Potosí,50801,Tupiza,2011,9,SOBREPESO EN MAYORES DE 5 ANOS CANTIDAD / MASCULINO,57
Potosí,51201,Uyuni,2011,9,SOBREPESO EN MAYORES DE 5 ANOS CANTIDAD / MASCULINO,0
Cochabamba,30502,Vacas,2011,9,SOBREPESO EN MAYORES DE 5 ANOS CANTIDAD / MASCULINO,2
La Paz,20801,Viacha,2011,9,SOBREPESO EN MAYORES DE 5 ANOS CANTIDAD / MASCULINO,22
Cochabamba,31302,Vila Vila,2011,9,SOBREPESO EN MAYORES DE 5 ANOS CANTIDAD / MASCULINO,0
Pando,90502,Villa Nueva (loma Alta),2011,9,SOBREPESO EN MAYORES DE 5 ANOS CANTIDAD / MASCULINO,1
Cochabamba,31402,Villa Rivero,2011,9,SOBREPESO EN MAYORES DE 5 ANOS CANTIDAD / MASCULINO,0
Cochabamba,31003,Villa Tunari,2011,9,SOBREPESO EN MAYORES DE 5 ANOS CANTIDAD / MASCULINO,0
Cochabamba,30904,Vinto,2011,9,SOBREPESO EN MAYORES DE 5 ANOS CANTIDAD / MASCULINO,0
Santa Cruz,70201,Warnes,2011,9,SOBREPESO EN MAYORES DE 5 ANOS CANTIDAD / MASCULINO,1
Tarija,60301,Yacuiba,2011,9,SOBREPESO EN MAYORES DE 5 ANOS CANTIDAD / MASCULINO,3
Santa Cruz,70403,Yapacani,2011,9,SOBREPESO EN MAYORES DE 5 ANOS CANTIDAD / MASCULINO,0
Chuquisaca,10102,Yotala,2011,9,SOBREPESO EN MAYORES DE 5 ANOS CANTIDAD / MASCULINO,1
Cochabamba,30201,Aiquile,2011,10,SOBREPESO EN MAYORES DE 5 ANOS CANTIDAD / MASCULINO,48
Potosí,50802,Atocha,2011,10,SOBREPESO EN MAYORES DE 5 ANOS CANTIDAD / MASCULINO,1
Beni,80802,Baures,2011,10,SOBREPESO EN MAYORES DE 5 ANOS CANTIDAD / MASCULINO,0
Tarija,60202,Bermejo,2011,10,SOBREPESO EN MAYORES DE 5 ANOS CANTIDAD / MASCULINO,0
Potosí,50301,Betanzos,2011,10,SOBREPESO EN MAYORES DE 5 ANOS CANTIDAD / MASCULINO,6
Pando,90103,Bolpebra,2011,10,SOBREPESO EN MAYORES DE 5 ANOS CANTIDAD / MASCULINO,0
Chuquisaca,10701,Camargo,2011,10,SOBREPESO EN MAYORES DE 5 ANOS CANTIDAD / MASCULINO,2
Cochabamba,30701,Capinota,2011,10,SOBREPESO EN MAYORES DE 5 ANOS CANTIDAD / MASCULINO,0
La Paz,22001,Caranavi,2011,10,SOBREPESO EN MAYORES DE 5 ANOS CANTIDAD / MASCULINO,1
Santa Cruz,71403,Carmen Rivero Torrez,2011,10,SOBREPESO EN MAYORES DE 5 ANOS CANTIDAD / MASCULINO,0
La Paz,21101,Chulumani (v. De La Libertad),2011,10,SOBREPESO EN MAYORES DE 5 ANOS CANTIDAD / MASCULINO,1
Cochabamba,30801,Cliza,2011,10,SOBREPESO EN MAYORES DE 5 ANOS CANTIDAD / MASCULINO,12
Pando,90101,Cobija,2011,10,SOBREPESO EN MAYORES DE 5 ANOS CANTIDAD / MASCULINO,23
Cochabamba,30101,Cochabamba,2011,10,SOBREPESO EN MAYORES DE 5 ANOS CANTIDAD / MASCULINO,113
Cochabamba,30905,Colcapirhua,2011,10,SOBREPESO EN MAYORES DE 5 ANOS CANTIDAD / MASCULINO,10
Santa Cruz,70603,Colpa Belgica,2011,10,SOBREPESO EN MAYORES DE 5 ANOS CANTIDAD / MASCULINO,1
La Paz,21004,Colquiri,2011,10,SOBREPESO EN MAYORES DE 5 ANOS CANTIDAD / MASCULINO,2
La Paz,21402,Coripata,2011,10,SOBREPESO EN MAYORES DE 5 ANOS CANTIDAD / MASCULINO,3
La Paz,21401,Coroico,2011,10,SOBREPESO EN MAYORES DE 5 ANOS CANTIDAD / MASCULINO,3
Potosí,50601,Cotagaita,2011,10,SOBREPESO EN MAYORES DE 5 ANOS CANTIDAD / MASCULINO,0
Santa Cruz,70102,Cotoca,2011,10,SOBREPESO EN MAYORES DE 5 ANOS CANTIDAD / MASCULINO,1
Santa Cruz,71106,Cuatro Cañadas,2011,10,SOBREPESO EN MAYORES DE 5 ANOS CANTIDAD / MASCULINO,1
La Paz,20105,El Alto,2011,10,SOBREPESO EN MAYORES DE 5 ANOS CANTIDAD / MASCULINO,25
Santa Cruz,71503,El Puente(stc),2011,10,SOBREPESO EN MAYORES DE 5 ANOS CANTIDAD / MASCULINO,0
Santa Cruz,71004,Fernandez Alonso,2011,10,SOBREPESO EN MAYORES DE 5 ANOS CANTIDAD / MASCULINO,13
Beni,80202,Guayaramerin,2011,10,SOBREPESO EN MAYORES DE 5 ANOS CANTIDAD / MASCULINO,5
Santa Cruz,70705,Gutierrez,2011,10,SOBREPESO EN MAYORES DE 5 ANOS CANTIDAD / MASCULINO,11
La Paz,21102,Irupana (villa De Lanza),2011,10,SOBREPESO EN MAYORES DE 5 ANOS CANTIDAD / MASCULINO,0
La Paz,21105,La Asunta,2011,10,SOBREPESO EN MAYORES DE 5 ANOS CANTIDAD / MASCULINO,0
Santa Cruz,70104,La Guardia,2011,10,SOBREPESO EN MAYORES DE 5 ANOS CANTIDAD / MASCULINO,2
La Paz,20101,La Paz,2011,10,SOBREPESO EN MAYORES DE 5 ANOS CANTIDAD / MASCULINO,593
Oruro,40702,Machacamarca,2011,10,SOBREPESO EN MAYORES DE 5 ANOS CANTIDAD / MASCULINO,2
La Paz,20103,Mecapaca,2011,10,SOBREPESO EN MAYORES DE 5 ANOS CANTIDAD / MASCULINO,4
Chuquisaca,10501,Monteagudo,2011,10,SOBREPESO EN MAYORES DE 5 ANOS CANTIDAD / MASCULINO,1
Santa Cruz,71001,Montero,2011,10,SOBREPESO EN MAYORES DE 5 ANOS CANTIDAD / MASCULINO,0
Santa Cruz,70803,Moro Moro,2011,10,SOBREPESO EN MAYORES DE 5 ANOS CANTIDAD / MASCULINO,0
Pando,90501,Nuevo Manoa (nueva Esperanza),2011,10,SOBREPESO EN MAYORES DE 5 ANOS CANTIDAD / MASCULINO,0
Oruro,40101,Oruro,2011,10,SOBREPESO EN MAYORES DE 5 ANOS CANTIDAD / MASCULINO,32
Tarija,60201,Padcaya,2011,10,SOBREPESO EN MAYORES DE 5 ANOS CANTIDAD / MASCULINO,0
Oruro,40602,Pazña,2011,10,SOBREPESO EN MAYORES DE 5 ANOS CANTIDAD / MASCULINO,2
Santa Cruz,70103,Porongo,2011,10,SOBREPESO EN MAYORES DE 5 ANOS CANTIDAD / MASCULINO,1
Santa Cruz,70601,Portachuelo,2011,10,SOBREPESO EN MAYORES DE 5 ANOS CANTIDAD / MASCULINO,0
Potosí,50101,Potosi,2011,10,SOBREPESO EN MAYORES DE 5 ANOS CANTIDAD / MASCULINO,10
La Paz,21201,Pucarani,2011,10,SOBREPESO EN MAYORES DE 5 ANOS CANTIDAD / MASCULINO,2
Pando,90301,Puerto Gonzalo Moreno,2011,10,SOBREPESO EN MAYORES DE 5 ANOS CANTIDAD / MASCULINO,1
Santa Cruz,71402,Puerto Quijarro,2011,10,SOBREPESO EN MAYORES DE 5 ANOS CANTIDAD / MASCULINO,0
Cochabamba,31205,Puerto Villarroel,2011,10,SOBREPESO EN MAYORES DE 5 ANOS CANTIDAD / MASCULINO,2
Cochabamba,31401,Punata,2011,10,SOBREPESO EN MAYORES DE 5 ANOS CANTIDAD / MASCULINO,0
Cochabamba,30901,Quillacollo,2011,10,SOBREPESO EN MAYORES DE 5 ANOS CANTIDAD / MASCULINO,11
Beni,80201,Riberalta,2011,10,SOBREPESO EN MAYORES DE 5 ANOS CANTIDAD / MASCULINO,7
Santa Cruz,70503,Robore,2011,10,SOBREPESO EN MAYORES DE 5 ANOS CANTIDAD / MASCULINO,0
Cochabamba,31001,Sacaba,2011,10,SOBREPESO EN MAYORES DE 5 ANOS CANTIDAD / MASCULINO,2
Cochabamba,31403,San Benito,2011,10,SOBREPESO EN MAYORES DE 5 ANOS CANTIDAD / MASCULINO,1
Beni,80302,San Borja,2011,10,SOBREPESO EN MAYORES DE 5 ANOS CANTIDAD / MASCULINO,0
Beni,80501,San Ignacio,2011,10,SOBREPESO EN MAYORES DE 5 ANOS CANTIDAD / MASCULINO,3
Chuquisaca,10702,San Lucas,2011,10,SOBREPESO EN MAYORES DE 5 ANOS CANTIDAD / MASCULINO,1
Santa Cruz,70302,San Miguel De Velasco,2011,10,SOBREPESO EN MAYORES DE 5 ANOS CANTIDAD / MASCULINO,6
Santa Cruz,70101,Santa Cruz De La Sierra,2011,10,SOBREPESO EN MAYORES DE 5 ANOS CANTIDAD / MASCULINO,122
Santa Cruz,70602,Santa Rosa Del Sara,2011,10,SOBREPESO EN MAYORES DE 5 ANOS CANTIDAD / MASCULINO,8
Cochabamba,31602,Shinaota,2011,10,SOBREPESO EN MAYORES DE 5 ANOS CANTIDAD / MASCULINO,5
Cochabamba,30902,Sipe Sipe,2011,10,SOBREPESO EN MAYORES DE 5 ANOS CANTIDAD / MASCULINO,1
Oruro,40104,Soracachi,2011,10,SOBREPESO EN MAYORES DE 5 ANOS CANTIDAD / MASCULINO,2
La Paz,20601,Sorata,2011,10,SOBREPESO EN MAYORES DE 5 ANOS CANTIDAD / MASCULINO,0
Chuquisaca,10101,Sucre,2011,10,SOBREPESO EN MAYORES DE 5 ANOS CANTIDAD / MASCULINO,23
La Paz,20603,Tacacoma,2011,10,SOBREPESO EN MAYORES DE 5 ANOS CANTIDAD / MASCULINO,0
Cochabamba,30401,Tarata,2011,10,SOBREPESO EN MAYORES DE 5 ANOS CANTIDAD / MASCULINO,1
Tarija,60101,Tarija,2011,10,SOBREPESO EN MAYORES DE 5 ANOS CANTIDAD / MASCULINO,12
Cochabamba,30903,Tiquipaya,2011,10,SOBREPESO EN MAYORES DE 5 ANOS CANTIDAD / MASCULINO,8
Chuquisaca,10402,Tomina,2011,10,SOBREPESO EN MAYORES DE 5 ANOS CANTIDAD / MASCULINO,0
Cochabamba,31201,Totora(cbba),2011,10,SOBREPESO EN MAYORES DE 5 ANOS CANTIDAD / MASCULINO,0
Beni,80101,Trinidad,2011,10,SOBREPESO EN MAYORES DE 5 ANOS CANTIDAD / MASCULINO,18
Potosí,50801,Tupiza,2011,10,SOBREPESO EN MAYORES DE 5 ANOS CANTIDAD / MASCULINO,33
Cochabamba,30502,Vacas,2011,10,SOBREPESO EN MAYORES DE 5 ANOS CANTIDAD / MASCULINO,1
La Paz,20801,Viacha,2011,10,SOBREPESO EN MAYORES DE 5 ANOS CANTIDAD / MASCULINO,10
Cochabamba,31302,Vila Vila,2011,10,SOBREPESO EN MAYORES DE 5 ANOS CANTIDAD / MASCULINO,0
Tarija,60303,Villa Montes,2011,10,SOBREPESO EN MAYORES DE 5 ANOS CANTIDAD / MASCULINO,1
Pando,90502,Villa Nueva (loma Alta),2011,10,SOBREPESO EN MAYORES DE 5 ANOS CANTIDAD / MASCULINO,1
Chuquisaca,10801,Villa Serrano,2011,10,SOBREPESO EN MAYORES DE 5 ANOS CANTIDAD / MASCULINO,1
Cochabamba,31003,Villa Tunari,2011,10,SOBREPESO EN MAYORES DE 5 ANOS CANTIDAD / MASCULINO,0
Potosí,51501,Villazon,2011,10,SOBREPESO EN MAYORES DE 5 ANOS CANTIDAD / MASCULINO,0
Cochabamba,30904,Vinto,2011,10,SOBREPESO EN MAYORES DE 5 ANOS CANTIDAD / MASCULINO,2
Santa Cruz,70201,Warnes,2011,10,SOBREPESO EN MAYORES DE 5 ANOS CANTIDAD / MASCULINO,0
Tarija,60301,Yacuiba,2011,10,SOBREPESO EN MAYORES DE 5 ANOS CANTIDAD / MASCULINO,3
Santa Cruz,70403,Yapacani,2011,10,SOBREPESO EN MAYORES DE 5 ANOS CANTIDAD / MASCULINO,1
Cochabamba,30201,Aiquile,2011,11,SOBREPESO EN MAYORES DE 5 ANOS CANTIDAD / MASCULINO,47
La Paz,22002,Alto Beni,2011,11,SOBREPESO EN MAYORES DE 5 ANOS CANTIDAD / MASCULINO,1
Cochabamba,30501,Arani,2011,11,SOBREPESO EN MAYORES DE 5 ANOS CANTIDAD / MASCULINO,1
Chuquisaca,10201,Azurduy,2011,11,SOBREPESO EN MAYORES DE 5 ANOS CANTIDAD / MASCULINO,0
Potosí,50301,Betanzos,2011,11,SOBREPESO EN MAYORES DE 5 ANOS CANTIDAD / MASCULINO,6
La Paz,21304,Calamarca,2011,11,SOBREPESO EN MAYORES DE 5 ANOS CANTIDAD / MASCULINO,0
Chuquisaca,10701,Camargo,2011,11,SOBREPESO EN MAYORES DE 5 ANOS CANTIDAD / MASCULINO,1
Cochabamba,30701,Capinota,2011,11,SOBREPESO EN MAYORES DE 5 ANOS CANTIDAD / MASCULINO,1
Oruro,40102,Caracollo,2011,11,SOBREPESO EN MAYORES DE 5 ANOS CANTIDAD / MASCULINO,0
La Paz,22001,Caranavi,2011,11,SOBREPESO EN MAYORES DE 5 ANOS CANTIDAD / MASCULINO,2
Tarija,60302,Carapari,2011,11,SOBREPESO EN MAYORES DE 5 ANOS CANTIDAD / MASCULINO,1
La Paz,21101,Chulumani (v. De La Libertad),2011,11,SOBREPESO EN MAYORES DE 5 ANOS CANTIDAD / MASCULINO,1
Cochabamba,30801,Cliza,2011,11,SOBREPESO EN MAYORES DE 5 ANOS CANTIDAD / MASCULINO,12
Pando,90101,Cobija,2011,11,SOBREPESO EN MAYORES DE 5 ANOS CANTIDAD / MASCULINO,1
Cochabamba,30101,Cochabamba,2011,11,SOBREPESO EN MAYORES DE 5 ANOS CANTIDAD / MASCULINO,149
Cochabamba,30905,Colcapirhua,2011,11,SOBREPESO EN MAYORES DE 5 ANOS CANTIDAD / MASCULINO,2
La Paz,21402,Coripata,2011,11,SOBREPESO EN MAYORES DE 5 ANOS CANTIDAD / MASCULINO,5
La Paz,20301,Coro Coro,2011,11,SOBREPESO EN MAYORES DE 5 ANOS CANTIDAD / MASCULINO,2
La Paz,21401,Coroico,2011,11,SOBREPESO EN MAYORES DE 5 ANOS CANTIDAD / MASCULINO,3
Santa Cruz,71106,Cuatro Cañadas,2011,11,SOBREPESO EN MAYORES DE 5 ANOS CANTIDAD / MASCULINO,0
La Paz,20804,Desaguadero,2011,11,SOBREPESO EN MAYORES DE 5 ANOS CANTIDAD / MASCULINO,1
La Paz,20105,El Alto,2011,11,SOBREPESO EN MAYORES DE 5 ANOS CANTIDAD / MASCULINO,41
Santa Cruz,71503,El Puente(stc),2011,11,SOBREPESO EN MAYORES DE 5 ANOS CANTIDAD / MASCULINO,2
Santa Cruz,70105,El Torno,2011,11,SOBREPESO EN MAYORES DE 5 ANOS CANTIDAD / MASCULINO,0
Beni,80202,Guayaramerin,2011,11,SOBREPESO EN MAYORES DE 5 ANOS CANTIDAD / MASCULINO,0
Santa Cruz,70705,Gutierrez,2011,11,SOBREPESO EN MAYORES DE 5 ANOS CANTIDAD / MASCULINO,7
Santa Cruz,70104,La Guardia,2011,11,SOBREPESO EN MAYORES DE 5 ANOS CANTIDAD / MASCULINO,0
La Paz,20101,La Paz,2011,11,SOBREPESO EN MAYORES DE 5 ANOS CANTIDAD / MASCULINO,358
La Paz,21202,Laja,2011,11,SOBREPESO EN MAYORES DE 5 ANOS CANTIDAD / MASCULINO,1
Oruro,40702,Machacamarca,2011,11,SOBREPESO EN MAYORES DE 5 ANOS CANTIDAD / MASCULINO,3
Chuquisaca,11003,Machareti,2011,11,SOBREPESO EN MAYORES DE 5 ANOS CANTIDAD / MASCULINO,0
Potosí,51002,Mojinete,2011,11,SOBREPESO EN MAYORES DE 5 ANOS CANTIDAD / MASCULINO,1
Chuquisaca,10501,Monteagudo,2011,11,SOBREPESO EN MAYORES DE 5 ANOS CANTIDAD / MASCULINO,0
Santa Cruz,71001,Montero,2011,11,SOBREPESO EN MAYORES DE 5 ANOS CANTIDAD / MASCULINO,6
Santa Cruz,70803,Moro Moro,2011,11,SOBREPESO EN MAYORES DE 5 ANOS CANTIDAD / MASCULINO,0
Cochabamba,30203,Omereque,2011,11,SOBREPESO EN MAYORES DE 5 ANOS CANTIDAD / MASCULINO,0
Oruro,40101,Oruro,2011,11,SOBREPESO EN MAYORES DE 5 ANOS CANTIDAD / MASCULINO,22
La Paz,21104,Palos Blancos,2011,11,SOBREPESO EN MAYORES DE 5 ANOS CANTIDAD / MASCULINO,2
La Paz,21305,Patacamaya,2011,11,SOBREPESO EN MAYORES DE 5 ANOS CANTIDAD / MASCULINO,1
Santa Cruz,70103,Porongo,2011,11,SOBREPESO EN MAYORES DE 5 ANOS CANTIDAD / MASCULINO,0
Santa Cruz,70601,Portachuelo,2011,11,SOBREPESO EN MAYORES DE 5 ANOS CANTIDAD / MASCULINO,0
Potosí,50101,Potosi,2011,11,SOBREPESO EN MAYORES DE 5 ANOS CANTIDAD / MASCULINO,2
La Paz,21201,Pucarani,2011,11,SOBREPESO EN MAYORES DE 5 ANOS CANTIDAD / MASCULINO,0
Pando,90301,Puerto Gonzalo Moreno,2011,11,SOBREPESO EN MAYORES DE 5 ANOS CANTIDAD / MASCULINO,4
La Paz,21204,Puerto Perez,2011,11,SOBREPESO EN MAYORES DE 5 ANOS CANTIDAD / MASCULINO,2
Pando,90201,Puerto Rico,2011,11,SOBREPESO EN MAYORES DE 5 ANOS CANTIDAD / MASCULINO,1
Cochabamba,31205,Puerto Villarroel,2011,11,SOBREPESO EN MAYORES DE 5 ANOS CANTIDAD / MASCULINO,0
Cochabamba,31401,Punata,2011,11,SOBREPESO EN MAYORES DE 5 ANOS CANTIDAD / MASCULINO,1
Cochabamba,30901,Quillacollo,2011,11,SOBREPESO EN MAYORES DE 5 ANOS CANTIDAD / MASCULINO,10
Beni,80201,Riberalta,2011,11,SOBREPESO EN MAYORES DE 5 ANOS CANTIDAD / MASCULINO,2
Cochabamba,31001,Sacaba,2011,11,SOBREPESO EN MAYORES DE 5 ANOS CANTIDAD / MASCULINO,0
Cochabamba,30404,Sacabamba,2011,11,SOBREPESO EN MAYORES DE 5 ANOS CANTIDAD / MASCULINO,1
Cochabamba,31403,San Benito,2011,11,SOBREPESO EN MAYORES DE 5 ANOS CANTIDAD / MASCULINO,2
Beni,80302,San Borja,2011,11,SOBREPESO EN MAYORES DE 5 ANOS CANTIDAD / MASCULINO,0
Beni,80501,San Ignacio,2011,11,SOBREPESO EN MAYORES DE 5 ANOS CANTIDAD / MASCULINO,0
Santa Cruz,70301,San Ignacio De Velasco,2011,11,SOBREPESO EN MAYORES DE 5 ANOS CANTIDAD / MASCULINO,2
Chuquisaca,10702,San Lucas,2011,11,SOBREPESO EN MAYORES DE 5 ANOS CANTIDAD / MASCULINO,2
Santa Cruz,70302,San Miguel De Velasco,2011,11,SOBREPESO EN MAYORES DE 5 ANOS CANTIDAD / MASCULINO,0
Beni,80401,Santa Ana,2011,11,SOBREPESO EN MAYORES DE 5 ANOS CANTIDAD / MASCULINO,0
Santa Cruz,70101,Santa Cruz De La Sierra,2011,11,SOBREPESO EN MAYORES DE 5 ANOS CANTIDAD / MASCULINO,130
Santa Cruz,70602,Santa Rosa Del Sara,2011,11,SOBREPESO EN MAYORES DE 5 ANOS CANTIDAD / MASCULINO,4
Cochabamba,31602,Shinaota,2011,11,SOBREPESO EN MAYORES DE 5 ANOS CANTIDAD / MASCULINO,4
Cochabamba,30902,Sipe Sipe,2011,11,SOBREPESO EN MAYORES DE 5 ANOS CANTIDAD / MASCULINO,0
Oruro,40104,Soracachi,2011,11,SOBREPESO EN MAYORES DE 5 ANOS CANTIDAD / MASCULINO,0
La Paz,20601,Sorata,2011,11,SOBREPESO EN MAYORES DE 5 ANOS CANTIDAD / MASCULINO,1
Chuquisaca,10101,Sucre,2011,11,SOBREPESO EN MAYORES DE 5 ANOS CANTIDAD / MASCULINO,66
Tarija,60101,Tarija,2011,11,SOBREPESO EN MAYORES DE 5 ANOS CANTIDAD / MASCULINO,31
La Paz,20803,Tiawanacu,2011,11,SOBREPESO EN MAYORES DE 5 ANOS CANTIDAD / MASCULINO,1
Cochabamba,30903,Tiquipaya,2011,11,SOBREPESO EN MAYORES DE 5 ANOS CANTIDAD / MASCULINO,6
Cochabamba,30802,Toco,2011,11,SOBREPESO EN MAYORES DE 5 ANOS CANTIDAD / MASCULINO,0
Chuquisaca,10402,Tomina,2011,11,SOBREPESO EN MAYORES DE 5 ANOS CANTIDAD / MASCULINO,0
Cochabamba,31201,Totora(cbba),2011,11,SOBREPESO EN MAYORES DE 5 ANOS CANTIDAD / MASCULINO,4
Oruro,41301,Totora(orr),2011,11,SOBREPESO EN MAYORES DE 5 ANOS CANTIDAD / MASCULINO,2
Beni,80101,Trinidad,2011,11,SOBREPESO EN MAYORES DE 5 ANOS CANTIDAD / MASCULINO,3
Potosí,50801,Tupiza,2011,11,SOBREPESO EN MAYORES DE 5 ANOS CANTIDAD / MASCULINO,17
Potosí,51201,Uyuni,2011,11,SOBREPESO EN MAYORES DE 5 ANOS CANTIDAD / MASCULINO,3
Cochabamba,30502,Vacas,2011,11,SOBREPESO EN MAYORES DE 5 ANOS CANTIDAD / MASCULINO,1
La Paz,20801,Viacha,2011,11,SOBREPESO EN MAYORES DE 5 ANOS CANTIDAD / MASCULINO,21
Cochabamba,31402,Villa Rivero,2011,11,SOBREPESO EN MAYORES DE 5 ANOS CANTIDAD / MASCULINO,0
Cochabamba,31003,Villa Tunari,2011,11,SOBREPESO EN MAYORES DE 5 ANOS CANTIDAD / MASCULINO,1
Potosí,51501,Villazon,2011,11,SOBREPESO EN MAYORES DE 5 ANOS CANTIDAD / MASCULINO,4
Cochabamba,30904,Vinto,2011,11,SOBREPESO EN MAYORES DE 5 ANOS CANTIDAD / MASCULINO,1
Tarija,60301,Yacuiba,2011,11,SOBREPESO EN MAYORES DE 5 ANOS CANTIDAD / MASCULINO,1
Chuquisaca,10102,Yotala,2011,11,SOBREPESO EN MAYORES DE 5 ANOS CANTIDAD / MASCULINO,0
La Paz,20201,Achacachi,2011,12,SOBREPESO EN MAYORES DE 5 ANOS CANTIDAD / MASCULINO,1
Cochabamba,30201,Aiquile,2011,12,SOBREPESO EN MAYORES DE 5 ANOS CANTIDAD / MASCULINO,32
Potosí,50802,Atocha,2011,12,SOBREPESO EN MAYORES DE 5 ANOS CANTIDAD / MASCULINO,2
Tarija,60202,Bermejo,2011,12,SOBREPESO EN MAYORES DE 5 ANOS CANTIDAD / MASCULINO,2
Potosí,50301,Betanzos,2011,12,SOBREPESO EN MAYORES DE 5 ANOS CANTIDAD / MASCULINO,1
Tarija,60302,Carapari,2011,12,SOBREPESO EN MAYORES DE 5 ANOS CANTIDAD / MASCULINO,0
Santa Cruz,71403,Carmen Rivero Torrez,2011,12,SOBREPESO EN MAYORES DE 5 ANOS CANTIDAD / MASCULINO,0
Cochabamba,31204,Chimore,2011,12,SOBREPESO EN MAYORES DE 5 ANOS CANTIDAD / MASCULINO,0
Cochabamba,30801,Cliza,2011,12,SOBREPESO EN MAYORES DE 5 ANOS CANTIDAD / MASCULINO,15
Pando,90101,Cobija,2011,12,SOBREPESO EN MAYORES DE 5 ANOS CANTIDAD / MASCULINO,1
Cochabamba,30101,Cochabamba,2011,12,SOBREPESO EN MAYORES DE 5 ANOS CANTIDAD / MASCULINO,103
Cochabamba,30905,Colcapirhua,2011,12,SOBREPESO EN MAYORES DE 5 ANOS CANTIDAD / MASCULINO,4
La Paz,21402,Coripata,2011,12,SOBREPESO EN MAYORES DE 5 ANOS CANTIDAD / MASCULINO,1
La Paz,20301,Coro Coro,2011,12,SOBREPESO EN MAYORES DE 5 ANOS CANTIDAD / MASCULINO,1
La Paz,21401,Coroico,2011,12,SOBREPESO EN MAYORES DE 5 ANOS CANTIDAD / MASCULINO,3
Santa Cruz,70102,Cotoca,2011,12,SOBREPESO EN MAYORES DE 5 ANOS CANTIDAD / MASCULINO,1
La Paz,20105,El Alto,2011,12,SOBREPESO EN MAYORES DE 5 ANOS CANTIDAD / MASCULINO,89
Santa Cruz,70105,El Torno,2011,12,SOBREPESO EN MAYORES DE 5 ANOS CANTIDAD / MASCULINO,1
La Paz,21601,Gral. J.j. Perez (charazani),2011,12,SOBREPESO EN MAYORES DE 5 ANOS CANTIDAD / MASCULINO,1
Beni,80202,Guayaramerin,2011,12,SOBREPESO EN MAYORES DE 5 ANOS CANTIDAD / MASCULINO,5
Santa Cruz,70705,Gutierrez,2011,12,SOBREPESO EN MAYORES DE 5 ANOS CANTIDAD / MASCULINO,3
Oruro,40501,Huachacalla,2011,12,SOBREPESO EN MAYORES DE 5 ANOS CANTIDAD / MASCULINO,1
Santa Cruz,70104,La Guardia,2011,12,SOBREPESO EN MAYORES DE 5 ANOS CANTIDAD / MASCULINO,1
La Paz,20101,La Paz,2011,12,SOBREPESO EN MAYORES DE 5 ANOS CANTIDAD / MASCULINO,201
Oruro,40702,Machacamarca,2011,12,SOBREPESO EN MAYORES DE 5 ANOS CANTIDAD / MASCULINO,0
Chuquisaca,10501,Monteagudo,2011,12,SOBREPESO EN MAYORES DE 5 ANOS CANTIDAD / MASCULINO,1
Santa Cruz,71001,Montero,2011,12,SOBREPESO EN MAYORES DE 5 ANOS CANTIDAD / MASCULINO,7
Santa Cruz,70803,Moro Moro,2011,12,SOBREPESO EN MAYORES DE 5 ANOS CANTIDAD / MASCULINO,0
Potosí,50404,Ocuri,2011,12,SOBREPESO EN MAYORES DE 5 ANOS CANTIDAD / MASCULINO,0
Oruro,40101,Oruro,2011,12,SOBREPESO EN MAYORES DE 5 ANOS CANTIDAD / MASCULINO,22
Cochabamba,31203,Pocona,2011,12,SOBREPESO EN MAYORES DE 5 ANOS CANTIDAD / MASCULINO,2
Santa Cruz,70103,Porongo,2011,12,SOBREPESO EN MAYORES DE 5 ANOS CANTIDAD / MASCULINO,0
Santa Cruz,70601,Portachuelo,2011,12,SOBREPESO EN MAYORES DE 5 ANOS CANTIDAD / MASCULINO,3
Potosí,50101,Potosi,2011,12,SOBREPESO EN MAYORES DE 5 ANOS CANTIDAD / MASCULINO,9
La Paz,21201,Pucarani,2011,12,SOBREPESO EN MAYORES DE 5 ANOS CANTIDAD / MASCULINO,1
Pando,90301,Puerto Gonzalo Moreno,2011,12,SOBREPESO EN MAYORES DE 5 ANOS CANTIDAD / MASCULINO,3
La Paz,21204,Puerto Perez,2011,12,SOBREPESO EN MAYORES DE 5 ANOS CANTIDAD / MASCULINO,2
Santa Cruz,71402,Puerto Quijarro,2011,12,SOBREPESO EN MAYORES DE 5 ANOS CANTIDAD / MASCULINO,0
Pando,90201,Puerto Rico,2011,12,SOBREPESO EN MAYORES DE 5 ANOS CANTIDAD / MASCULINO,0
Cochabamba,31205,Puerto Villarroel,2011,12,SOBREPESO EN MAYORES DE 5 ANOS CANTIDAD / MASCULINO,3
Potosí,51101,Puna,2011,12,SOBREPESO EN MAYORES DE 5 ANOS CANTIDAD / MASCULINO,1
Cochabamba,31401,Punata,2011,12,SOBREPESO EN MAYORES DE 5 ANOS CANTIDAD / MASCULINO,1
Cochabamba,30901,Quillacollo,2011,12,SOBREPESO EN MAYORES DE 5 ANOS CANTIDAD / MASCULINO,2
Beni,80201,Riberalta,2011,12,SOBREPESO EN MAYORES DE 5 ANOS CANTIDAD / MASCULINO,2
Santa Cruz,70503,Robore,2011,12,SOBREPESO EN MAYORES DE 5 ANOS CANTIDAD / MASCULINO,0
Cochabamba,31001,Sacaba,2011,12,SOBREPESO EN MAYORES DE 5 ANOS CANTIDAD / MASCULINO,7
Potosí,50701,Sacaca,2011,12,SOBREPESO EN MAYORES DE 5 ANOS CANTIDAD / MASCULINO,1
Santa Cruz,71302,Saipina,2011,12,SOBREPESO EN MAYORES DE 5 ANOS CANTIDAD / MASCULINO,1
Beni,80302,San Borja,2011,12,SOBREPESO EN MAYORES DE 5 ANOS CANTIDAD / MASCULINO,0
Santa Cruz,70301,San Ignacio De Velasco,2011,12,SOBREPESO EN MAYORES DE 5 ANOS CANTIDAD / MASCULINO,0
Santa Cruz,70501,San Jose De Chiquitos,2011,12,SOBREPESO EN MAYORES DE 5 ANOS CANTIDAD / MASCULINO,1
Chuquisaca,10702,San Lucas,2011,12,SOBREPESO EN MAYORES DE 5 ANOS CANTIDAD / MASCULINO,6
Santa Cruz,70302,San Miguel De Velasco,2011,12,SOBREPESO EN MAYORES DE 5 ANOS CANTIDAD / MASCULINO,1
Santa Cruz,70101,Santa Cruz De La Sierra,2011,12,SOBREPESO EN MAYORES DE 5 ANOS CANTIDAD / MASCULINO,118
Santa Cruz,70602,Santa Rosa Del Sara,2011,12,SOBREPESO EN MAYORES DE 5 ANOS CANTIDAD / MASCULINO,6
La Paz,21901,Santiago De Machaca,2011,12,SOBREPESO EN MAYORES DE 5 ANOS CANTIDAD / MASCULINO,0
Cochabamba,31602,Shinaota,2011,12,SOBREPESO EN MAYORES DE 5 ANOS CANTIDAD / MASCULINO,3
La Paz,20601,Sorata,2011,12,SOBREPESO EN MAYORES DE 5 ANOS CANTIDAD / MASCULINO,0
Chuquisaca,10101,Sucre,2011,12,SOBREPESO EN MAYORES DE 5 ANOS CANTIDAD / MASCULINO,6
Cochabamba,30401,Tarata,2011,12,SOBREPESO EN MAYORES DE 5 ANOS CANTIDAD / MASCULINO,1
Tarija,60101,Tarija,2011,12,SOBREPESO EN MAYORES DE 5 ANOS CANTIDAD / MASCULINO,21
La Paz,20608,Teoponte,2011,12,SOBREPESO EN MAYORES DE 5 ANOS CANTIDAD / MASCULINO,0
La Paz,20803,Tiawanacu,2011,12,SOBREPESO EN MAYORES DE 5 ANOS CANTIDAD / MASCULINO,1
Cochabamba,30903,Tiquipaya,2011,12,SOBREPESO EN MAYORES DE 5 ANOS CANTIDAD / MASCULINO,5
Chuquisaca,10402,Tomina,2011,12,SOBREPESO EN MAYORES DE 5 ANOS CANTIDAD / MASCULINO,0
Cochabamba,31201,Totora(cbba),2011,12,SOBREPESO EN MAYORES DE 5 ANOS CANTIDAD / MASCULINO,2
Beni,80101,Trinidad,2011,12,SOBREPESO EN MAYORES DE 5 ANOS CANTIDAD / MASCULINO,1
Potosí,50801,Tupiza,2011,12,SOBREPESO EN MAYORES DE 5 ANOS CANTIDAD / MASCULINO,40
Potosí,51201,Uyuni,2011,12,SOBREPESO EN MAYORES DE 5 ANOS CANTIDAD / MASCULINO,2
Cochabamba,30502,Vacas,2011,12,SOBREPESO EN MAYORES DE 5 ANOS CANTIDAD / MASCULINO,0
La Paz,20801,Viacha,2011,12,SOBREPESO EN MAYORES DE 5 ANOS CANTIDAD / MASCULINO,30
Cochabamba,31302,Vila Vila,2011,12,SOBREPESO EN MAYORES DE 5 ANOS CANTIDAD / MASCULINO,0
Tarija,60303,Villa Montes,2011,12,SOBREPESO EN MAYORES DE 5 ANOS CANTIDAD / MASCULINO,1
Cochabamba,31402,Villa Rivero,2011,12,SOBREPESO EN MAYORES DE 5 ANOS CANTIDAD / MASCULINO,1
Cochabamba,31003,Villa Tunari,2011,12,SOBREPESO EN MAYORES DE 5 ANOS CANTIDAD / MASCULINO,1
Potosí,51501,Villazon,2011,12,SOBREPESO EN MAYORES DE 5 ANOS CANTIDAD / MASCULINO,0
Cochabamba,30904,Vinto,2011,12,SOBREPESO EN MAYORES DE 5 ANOS CANTIDAD / MASCULINO,4
Tarija,60301,Yacuiba,2011,12,SOBREPESO EN MAYORES DE 5 ANOS CANTIDAD / MASCULINO,3
Chuquisaca,10301,Zudañez,2011,12,SOBREPESO EN MAYORES DE 5 ANOS CANTIDAD / MASCULINO,1
Cochabamba,30201,Aiquile,2011,1,SOBREPESO EN MAYORES DE 5 ANOS CANTIDAD / FEMENINO,2
Oruro,41201,Andamarca,2011,1,SOBREPESO EN MAYORES DE 5 ANOS CANTIDAD / FEMENINO,2
Tarija,60202,Bermejo,2011,1,SOBREPESO EN MAYORES DE 5 ANOS CANTIDAD / FEMENINO,2
Potosí,50301,Betanzos,2011,1,SOBREPESO EN MAYORES DE 5 ANOS CANTIDAD / FEMENINO,12
Santa Cruz,70706,Camiri,2011,1,SOBREPESO EN MAYORES DE 5 ANOS CANTIDAD / FEMENINO,1
Cochabamba,30701,Capinota,2011,1,SOBREPESO EN MAYORES DE 5 ANOS CANTIDAD / FEMENINO,0
Santa Cruz,71403,Carmen Rivero Torrez,2011,1,SOBREPESO EN MAYORES DE 5 ANOS CANTIDAD / FEMENINO,1
Cochabamba,30801,Cliza,2011,1,SOBREPESO EN MAYORES DE 5 ANOS CANTIDAD / FEMENINO,6
Pando,90101,Cobija,2011,1,SOBREPESO EN MAYORES DE 5 ANOS CANTIDAD / FEMENINO,2
Cochabamba,30101,Cochabamba,2011,1,SOBREPESO EN MAYORES DE 5 ANOS CANTIDAD / FEMENINO,357
La Paz,21401,Coroico,2011,1,SOBREPESO EN MAYORES DE 5 ANOS CANTIDAD / FEMENINO,0
Santa Cruz,70102,Cotoca,2011,1,SOBREPESO EN MAYORES DE 5 ANOS CANTIDAD / FEMENINO,0
La Paz,20105,El Alto,2011,1,SOBREPESO EN MAYORES DE 5 ANOS CANTIDAD / FEMENINO,480
Santa Cruz,71503,El Puente(stc),2011,1,SOBREPESO EN MAYORES DE 5 ANOS CANTIDAD / FEMENINO,2
Santa Cruz,70105,El Torno,2011,1,SOBREPESO EN MAYORES DE 5 ANOS CANTIDAD / FEMENINO,2
Tarija,60601,Entre Rios Trj,2011,1,SOBREPESO EN MAYORES DE 5 ANOS CANTIDAD / FEMENINO,0
Cochabamba,31206,Entre Rios Cbba,2011,1,SOBREPESO EN MAYORES DE 5 ANOS CANTIDAD / FEMENINO,1
Beni,80202,Guayaramerin,2011,1,SOBREPESO EN MAYORES DE 5 ANOS CANTIDAD / FEMENINO,2
Chuquisaca,10304,Icla,2011,1,SOBREPESO EN MAYORES DE 5 ANOS CANTIDAD / FEMENINO,1
La Paz,21102,Irupana (villa De Lanza),2011,1,SOBREPESO EN MAYORES DE 5 ANOS CANTIDAD / FEMENINO,0
La Paz,21501,Ixiamas,2011,1,SOBREPESO EN MAYORES DE 5 ANOS CANTIDAD / FEMENINO,0
Santa Cruz,70104,La Guardia,2011,1,SOBREPESO EN MAYORES DE 5 ANOS CANTIDAD / FEMENINO,2
La Paz,20101,La Paz,2011,1,SOBREPESO EN MAYORES DE 5 ANOS CANTIDAD / FEMENINO,406
Santa Cruz,70701,Lagunillas,2011,1,SOBREPESO EN MAYORES DE 5 ANOS CANTIDAD / FEMENINO,3
La Paz,21202,Laja,2011,1,SOBREPESO EN MAYORES DE 5 ANOS CANTIDAD / FEMENINO,1
Oruro,40702,Machacamarca,2011,1,SOBREPESO EN MAYORES DE 5 ANOS CANTIDAD / FEMENINO,11
Chuquisaca,11003,Machareti,2011,1,SOBREPESO EN MAYORES DE 5 ANOS CANTIDAD / FEMENINO,1
La Paz,20103,Mecapaca,2011,1,SOBREPESO EN MAYORES DE 5 ANOS CANTIDAD / FEMENINO,1
Chuquisaca,10501,Monteagudo,2011,1,SOBREPESO EN MAYORES DE 5 ANOS CANTIDAD / FEMENINO,16
Santa Cruz,71001,Montero,2011,1,SOBREPESO EN MAYORES DE 5 ANOS CANTIDAD / FEMENINO,2
Santa Cruz,70803,Moro Moro,2011,1,SOBREPESO EN MAYORES DE 5 ANOS CANTIDAD / FEMENINO,4
Cochabamba,30302,Morochata,2011,1,SOBREPESO EN MAYORES DE 5 ANOS CANTIDAD / FEMENINO,1
Cochabamba,30203,Omereque,2011,1,SOBREPESO EN MAYORES DE 5 ANOS CANTIDAD / FEMENINO,1
Oruro,40101,Oruro,2011,1,SOBREPESO EN MAYORES DE 5 ANOS CANTIDAD / FEMENINO,121
Chuquisaca,10401,Padilla,2011,1,SOBREPESO EN MAYORES DE 5 ANOS CANTIDAD / FEMENINO,1
Santa Cruz,70601,Portachuelo,2011,1,SOBREPESO EN MAYORES DE 5 ANOS CANTIDAD / FEMENINO,37
Potosí,50101,Potosi,2011,1,SOBREPESO EN MAYORES DE 5 ANOS CANTIDAD / FEMENINO,7
La Paz,21201,Pucarani,2011,1,SOBREPESO EN MAYORES DE 5 ANOS CANTIDAD / FEMENINO,1
Pando,90301,Puerto Gonzalo Moreno,2011,1,SOBREPESO EN MAYORES DE 5 ANOS CANTIDAD / FEMENINO,6
Santa Cruz,71402,Puerto Quijarro,2011,1,SOBREPESO EN MAYORES DE 5 ANOS CANTIDAD / FEMENINO,1
Santa Cruz,71401,Puerto Suarez,2011,1,SOBREPESO EN MAYORES DE 5 ANOS CANTIDAD / FEMENINO,0
Cochabamba,31205,Puerto Villarroel,2011,1,SOBREPESO EN MAYORES DE 5 ANOS CANTIDAD / FEMENINO,3
Cochabamba,31401,Punata,2011,1,SOBREPESO EN MAYORES DE 5 ANOS CANTIDAD / FEMENINO,1
Cochabamba,30901,Quillacollo,2011,1,SOBREPESO EN MAYORES DE 5 ANOS CANTIDAD / FEMENINO,65
Beni,80201,Riberalta,2011,1,SOBREPESO EN MAYORES DE 5 ANOS CANTIDAD / FEMENINO,7
Cochabamba,31001,Sacaba,2011,1,SOBREPESO EN MAYORES DE 5 ANOS CANTIDAD / FEMENINO,155
Santa Cruz,70402,San Carlos,2011,1,SOBREPESO EN MAYORES DE 5 ANOS CANTIDAD / FEMENINO,12
Beni,80501,San Ignacio,2011,1,SOBREPESO EN MAYORES DE 5 ANOS CANTIDAD / FEMENINO,0
Santa Cruz,70301,San Ignacio De Velasco,2011,1,SOBREPESO EN MAYORES DE 5 ANOS CANTIDAD / FEMENINO,1
Chuquisaca,10702,San Lucas,2011,1,SOBREPESO EN MAYORES DE 5 ANOS CANTIDAD / FEMENINO,1
Santa Cruz,70302,San Miguel De Velasco,2011,1,SOBREPESO EN MAYORES DE 5 ANOS CANTIDAD / FEMENINO,1
Beni,80401,Santa Ana,2011,1,SOBREPESO EN MAYORES DE 5 ANOS CANTIDAD / FEMENINO,0
Santa Cruz,70101,Santa Cruz De La Sierra,2011,1,SOBREPESO EN MAYORES DE 5 ANOS CANTIDAD / FEMENINO,654
Cochabamba,31602,Shinaota,2011,1,SOBREPESO EN MAYORES DE 5 ANOS CANTIDAD / FEMENINO,0
Chuquisaca,10101,Sucre,2011,1,SOBREPESO EN MAYORES DE 5 ANOS CANTIDAD / FEMENINO,192
Chuquisaca,10601,Tarabuco,2011,1,SOBREPESO EN MAYORES DE 5 ANOS CANTIDAD / FEMENINO,5
Tarija,60101,Tarija,2011,1,SOBREPESO EN MAYORES DE 5 ANOS CANTIDAD / FEMENINO,156
La Paz,20608,Teoponte,2011,1,SOBREPESO EN MAYORES DE 5 ANOS CANTIDAD / FEMENINO,1
Cochabamba,30903,Tiquipaya,2011,1,SOBREPESO EN MAYORES DE 5 ANOS CANTIDAD / FEMENINO,65
Cochabamba,30803,Tolata,2011,1,SOBREPESO EN MAYORES DE 5 ANOS CANTIDAD / FEMENINO,3
Oruro,41001,Toledo,2011,1,SOBREPESO EN MAYORES DE 5 ANOS CANTIDAD / FEMENINO,0
Cochabamba,31201,Totora(cbba),2011,1,SOBREPESO EN MAYORES DE 5 ANOS CANTIDAD / FEMENINO,12
Beni,80101,Trinidad,2011,1,SOBREPESO EN MAYORES DE 5 ANOS CANTIDAD / FEMENINO,99
Potosí,50801,Tupiza,2011,1,SOBREPESO EN MAYORES DE 5 ANOS CANTIDAD / FEMENINO,67
Potosí,50201,Uncia,2011,1,SOBREPESO EN MAYORES DE 5 ANOS CANTIDAD / FEMENINO,1
Potosí,51201,Uyuni,2011,1,SOBREPESO EN MAYORES DE 5 ANOS CANTIDAD / FEMENINO,4
La Paz,20801,Viacha,2011,1,SOBREPESO EN MAYORES DE 5 ANOS CANTIDAD / FEMENINO,1
Cochabamba,31302,Vila Vila,2011,1,SOBREPESO EN MAYORES DE 5 ANOS CANTIDAD / FEMENINO,1
Tarija,60303,Villa Montes,2011,1,SOBREPESO EN MAYORES DE 5 ANOS CANTIDAD / FEMENINO,2
Cochabamba,31003,Villa Tunari,2011,1,SOBREPESO EN MAYORES DE 5 ANOS CANTIDAD / FEMENINO,8
Potosí,51501,Villazon,2011,1,SOBREPESO EN MAYORES DE 5 ANOS CANTIDAD / FEMENINO,1
Santa Cruz,70201,Warnes,2011,1,SOBREPESO EN MAYORES DE 5 ANOS CANTIDAD / FEMENINO,7
Tarija,60301,Yacuiba,2011,1,SOBREPESO EN MAYORES DE 5 ANOS CANTIDAD / FEMENINO,2
Cochabamba,30201,Aiquile,2011,2,SOBREPESO EN MAYORES DE 5 ANOS CANTIDAD / FEMENINO,4
Oruro,41201,Andamarca,2011,2,SOBREPESO EN MAYORES DE 5 ANOS CANTIDAD / FEMENINO,1
Potosí,50802,Atocha,2011,2,SOBREPESO EN MAYORES DE 5 ANOS CANTIDAD / FEMENINO,0
Tarija,60202,Bermejo,2011,2,SOBREPESO EN MAYORES DE 5 ANOS CANTIDAD / FEMENINO,0
Potosí,50301,Betanzos,2011,2,SOBREPESO EN MAYORES DE 5 ANOS CANTIDAD / FEMENINO,5
Cochabamba,31501,Bolivar,2011,2,SOBREPESO EN MAYORES DE 5 ANOS CANTIDAD / FEMENINO,1
La Paz,21003,Cajuata,2011,2,SOBREPESO EN MAYORES DE 5 ANOS CANTIDAD / FEMENINO,1
La Paz,20303,Calacoto,2011,2,SOBREPESO EN MAYORES DE 5 ANOS CANTIDAD / FEMENINO,1
Chuquisaca,10701,Camargo,2011,2,SOBREPESO EN MAYORES DE 5 ANOS CANTIDAD / FEMENINO,3
Santa Cruz,70706,Camiri,2011,2,SOBREPESO EN MAYORES DE 5 ANOS CANTIDAD / FEMENINO,0
Cochabamba,30701,Capinota,2011,2,SOBREPESO EN MAYORES DE 5 ANOS CANTIDAD / FEMENINO,1
Cochabamba,30801,Cliza,2011,2,SOBREPESO EN MAYORES DE 5 ANOS CANTIDAD / FEMENINO,7
Pando,90101,Cobija,2011,2,SOBREPESO EN MAYORES DE 5 ANOS CANTIDAD / FEMENINO,3
Cochabamba,30101,Cochabamba,2011,2,SOBREPESO EN MAYORES DE 5 ANOS CANTIDAD / FEMENINO,399
Cochabamba,30905,Colcapirhua,2011,2,SOBREPESO EN MAYORES DE 5 ANOS CANTIDAD / FEMENINO,27
La Paz,20304,Comanche,2011,2,SOBREPESO EN MAYORES DE 5 ANOS CANTIDAD / FEMENINO,19
La Paz,21402,Coripata,2011,2,SOBREPESO EN MAYORES DE 5 ANOS CANTIDAD / FEMENINO,0
La Paz,20301,Coro Coro,2011,2,SOBREPESO EN MAYORES DE 5 ANOS CANTIDAD / FEMENINO,1
La Paz,21401,Coroico,2011,2,SOBREPESO EN MAYORES DE 5 ANOS CANTIDAD / FEMENINO,3
La Paz,20105,El Alto,2011,2,SOBREPESO EN MAYORES DE 5 ANOS CANTIDAD / FEMENINO,582
Santa Cruz,70105,El Torno,2011,2,SOBREPESO EN MAYORES DE 5 ANOS CANTIDAD / FEMENINO,4
Beni,80202,Guayaramerin,2011,2,SOBREPESO EN MAYORES DE 5 ANOS CANTIDAD / FEMENINO,2
La Paz,21501,Ixiamas,2011,2,SOBREPESO EN MAYORES DE 5 ANOS CANTIDAD / FEMENINO,1
La Paz,20806,Jesus De Machaca,2011,2,SOBREPESO EN MAYORES DE 5 ANOS CANTIDAD / FEMENINO,1
La Paz,20101,La Paz,2011,2,SOBREPESO EN MAYORES DE 5 ANOS CANTIDAD / FEMENINO,390
Beni,80601,Loreto,2011,2,SOBREPESO EN MAYORES DE 5 ANOS CANTIDAD / FEMENINO,3
Oruro,40702,Machacamarca,2011,2,SOBREPESO EN MAYORES DE 5 ANOS CANTIDAD / FEMENINO,4
Chuquisaca,10501,Monteagudo,2011,2,SOBREPESO EN MAYORES DE 5 ANOS CANTIDAD / FEMENINO,6
Santa Cruz,71001,Montero,2011,2,SOBREPESO EN MAYORES DE 5 ANOS CANTIDAD / FEMENINO,6
Cochabamba,30203,Omereque,2011,2,SOBREPESO EN MAYORES DE 5 ANOS CANTIDAD / FEMENINO,0
Oruro,40101,Oruro,2011,2,SOBREPESO EN MAYORES DE 5 ANOS CANTIDAD / FEMENINO,37
Tarija,60201,Padcaya,2011,2,SOBREPESO EN MAYORES DE 5 ANOS CANTIDAD / FEMENINO,5
Cochabamba,31202,Pojo (cbba),2011,2,SOBREPESO EN MAYORES DE 5 ANOS CANTIDAD / FEMENINO,1
Santa Cruz,70103,Porongo,2011,2,SOBREPESO EN MAYORES DE 5 ANOS CANTIDAD / FEMENINO,0
Santa Cruz,70601,Portachuelo,2011,2,SOBREPESO EN MAYORES DE 5 ANOS CANTIDAD / FEMENINO,50
Santa Cruz,70804,Postrer Valle,2011,2,SOBREPESO EN MAYORES DE 5 ANOS CANTIDAD / FEMENINO,1
Potosí,50101,Potosi,2011,2,SOBREPESO EN MAYORES DE 5 ANOS CANTIDAD / FEMENINO,27
Pando,90301,Puerto Gonzalo Moreno,2011,2,SOBREPESO EN MAYORES DE 5 ANOS CANTIDAD / FEMENINO,3
Santa Cruz,71401,Puerto Suarez,2011,2,SOBREPESO EN MAYORES DE 5 ANOS CANTIDAD / FEMENINO,1
Potosí,51101,Puna,2011,2,SOBREPESO EN MAYORES DE 5 ANOS CANTIDAD / FEMENINO,8
Cochabamba,31401,Punata,2011,2,SOBREPESO EN MAYORES DE 5 ANOS CANTIDAD / FEMENINO,0
Cochabamba,30901,Quillacollo,2011,2,SOBREPESO EN MAYORES DE 5 ANOS CANTIDAD / FEMENINO,78
Beni,80201,Riberalta,2011,2,SOBREPESO EN MAYORES DE 5 ANOS CANTIDAD / FEMENINO,1
Santa Cruz,70503,Robore,2011,2,SOBREPESO EN MAYORES DE 5 ANOS CANTIDAD / FEMENINO,1
Beni,80304,Rurrenabaque,2011,2,SOBREPESO EN MAYORES DE 5 ANOS CANTIDAD / FEMENINO,6
Cochabamba,31001,Sacaba,2011,2,SOBREPESO EN MAYORES DE 5 ANOS CANTIDAD / FEMENINO,108
Beni,80602,San Andres,2011,2,SOBREPESO EN MAYORES DE 5 ANOS CANTIDAD / FEMENINO,0
La Paz,20805,San Andres De Machaca,2011,2,SOBREPESO EN MAYORES DE 5 ANOS CANTIDAD / FEMENINO,2
Beni,80302,San Borja,2011,2,SOBREPESO EN MAYORES DE 5 ANOS CANTIDAD / FEMENINO,2
Santa Cruz,70402,San Carlos,2011,2,SOBREPESO EN MAYORES DE 5 ANOS CANTIDAD / FEMENINO,19
Santa Cruz,70301,San Ignacio De Velasco,2011,2,SOBREPESO EN MAYORES DE 5 ANOS CANTIDAD / FEMENINO,1
Santa Cruz,71102,San Javier(stc),2011,2,SOBREPESO EN MAYORES DE 5 ANOS CANTIDAD / FEMENINO,1
Santa Cruz,71201,San Matias,2011,2,SOBREPESO EN MAYORES DE 5 ANOS CANTIDAD / FEMENINO,1
Santa Cruz,70302,San Miguel De Velasco,2011,2,SOBREPESO EN MAYORES DE 5 ANOS CANTIDAD / FEMENINO,5
Santa Cruz,70303,San Rafael,2011,2,SOBREPESO EN MAYORES DE 5 ANOS CANTIDAD / FEMENINO,4
Beni,80401,Santa Ana,2011,2,SOBREPESO EN MAYORES DE 5 ANOS CANTIDAD / FEMENINO,1
Santa Cruz,70101,Santa Cruz De La Sierra,2011,2,SOBREPESO EN MAYORES DE 5 ANOS CANTIDAD / FEMENINO,512
Cochabamba,31602,Shinaota,2011,2,SOBREPESO EN MAYORES DE 5 ANOS CANTIDAD / FEMENINO,85
Cochabamba,30902,Sipe Sipe,2011,2,SOBREPESO EN MAYORES DE 5 ANOS CANTIDAD / FEMENINO,43
Chuquisaca,10101,Sucre,2011,2,SOBREPESO EN MAYORES DE 5 ANOS CANTIDAD / FEMENINO,239
Chuquisaca,10601,Tarabuco,2011,2,SOBREPESO EN MAYORES DE 5 ANOS CANTIDAD / FEMENINO,7
Tarija,60101,Tarija,2011,2,SOBREPESO EN MAYORES DE 5 ANOS CANTIDAD / FEMENINO,171
Chuquisaca,10202,Tarvita,2011,2,SOBREPESO EN MAYORES DE 5 ANOS CANTIDAD / FEMENINO,1
Cochabamba,30903,Tiquipaya,2011,2,SOBREPESO EN MAYORES DE 5 ANOS CANTIDAD / FEMENINO,59
Cochabamba,30803,Tolata,2011,2,SOBREPESO EN MAYORES DE 5 ANOS CANTIDAD / FEMENINO,1
Beni,80101,Trinidad,2011,2,SOBREPESO EN MAYORES DE 5 ANOS CANTIDAD / FEMENINO,81
Potosí,50801,Tupiza,2011,2,SOBREPESO EN MAYORES DE 5 ANOS CANTIDAD / FEMENINO,68
Potosí,51201,Uyuni,2011,2,SOBREPESO EN MAYORES DE 5 ANOS CANTIDAD / FEMENINO,4
La Paz,20801,Viacha,2011,2,SOBREPESO EN MAYORES DE 5 ANOS CANTIDAD / FEMENINO,12
Cochabamba,31402,Villa Rivero,2011,2,SOBREPESO EN MAYORES DE 5 ANOS CANTIDAD / FEMENINO,1
Cochabamba,31003,Villa Tunari,2011,2,SOBREPESO EN MAYORES DE 5 ANOS CANTIDAD / FEMENINO,4
Potosí,51501,Villazon,2011,2,SOBREPESO EN MAYORES DE 5 ANOS CANTIDAD / FEMENINO,7
Potosí,50602,Vitichi,2011,2,SOBREPESO EN MAYORES DE 5 ANOS CANTIDAD / FEMENINO,1
Tarija,60301,Yacuiba,2011,2,SOBREPESO EN MAYORES DE 5 ANOS CANTIDAD / FEMENINO,5
Chuquisaca,10301,Zudañez,2011,2,SOBREPESO EN MAYORES DE 5 ANOS CANTIDAD / FEMENINO,2
Cochabamba,30201,Aiquile,2011,3,SOBREPESO EN MAYORES DE 5 ANOS CANTIDAD / FEMENINO,6
Cochabamba,30501,Arani,2011,3,SOBREPESO EN MAYORES DE 5 ANOS CANTIDAD / FEMENINO,1
Tarija,60202,Bermejo,2011,3,SOBREPESO EN MAYORES DE 5 ANOS CANTIDAD / FEMENINO,0
Potosí,50301,Betanzos,2011,3,SOBREPESO EN MAYORES DE 5 ANOS CANTIDAD / FEMENINO,3
Chuquisaca,10701,Camargo,2011,3,SOBREPESO EN MAYORES DE 5 ANOS CANTIDAD / FEMENINO,7
Santa Cruz,70706,Camiri,2011,3,SOBREPESO EN MAYORES DE 5 ANOS CANTIDAD / FEMENINO,3
Cochabamba,30701,Capinota,2011,3,SOBREPESO EN MAYORES DE 5 ANOS CANTIDAD / FEMENINO,3
La Paz,20305,Charaña,2011,3,SOBREPESO EN MAYORES DE 5 ANOS CANTIDAD / FEMENINO,1
Cochabamba,30801,Cliza,2011,3,SOBREPESO EN MAYORES DE 5 ANOS CANTIDAD / FEMENINO,10
Cochabamba,30101,Cochabamba,2011,3,SOBREPESO EN MAYORES DE 5 ANOS CANTIDAD / FEMENINO,518
Cochabamba,30905,Colcapirhua,2011,3,SOBREPESO EN MAYORES DE 5 ANOS CANTIDAD / FEMENINO,22
Cochabamba,31002,Colomi,2011,3,SOBREPESO EN MAYORES DE 5 ANOS CANTIDAD / FEMENINO,1
Santa Cruz,71301,Comarapa,2011,3,SOBREPESO EN MAYORES DE 5 ANOS CANTIDAD / FEMENINO,0
La Paz,20301,Coro Coro,2011,3,SOBREPESO EN MAYORES DE 5 ANOS CANTIDAD / FEMENINO,1
La Paz,20804,Desaguadero,2011,3,SOBREPESO EN MAYORES DE 5 ANOS CANTIDAD / FEMENINO,1
La Paz,20105,El Alto,2011,3,SOBREPESO EN MAYORES DE 5 ANOS CANTIDAD / FEMENINO,540
Santa Cruz,71503,El Puente(stc),2011,3,SOBREPESO EN MAYORES DE 5 ANOS CANTIDAD / FEMENINO,5
Santa Cruz,70105,El Torno,2011,3,SOBREPESO EN MAYORES DE 5 ANOS CANTIDAD / FEMENINO,2
Cochabamba,31206,Entre Rios Cbba,2011,3,SOBREPESO EN MAYORES DE 5 ANOS CANTIDAD / FEMENINO,3
La Paz,21601,Gral. J.j. Perez (charazani),2011,3,SOBREPESO EN MAYORES DE 5 ANOS CANTIDAD / FEMENINO,1
Beni,80202,Guayaramerin,2011,3,SOBREPESO EN MAYORES DE 5 ANOS CANTIDAD / FEMENINO,0
Santa Cruz,70104,La Guardia,2011,3,SOBREPESO EN MAYORES DE 5 ANOS CANTIDAD / FEMENINO,2
La Paz,20101,La Paz,2011,3,SOBREPESO EN MAYORES DE 5 ANOS CANTIDAD / FEMENINO,395
La Paz,21202,Laja,2011,3,SOBREPESO EN MAYORES DE 5 ANOS CANTIDAD / FEMENINO,0
Beni,80601,Loreto,2011,3,SOBREPESO EN MAYORES DE 5 ANOS CANTIDAD / FEMENINO,2
Oruro,40702,Machacamarca,2011,3,SOBREPESO EN MAYORES DE 5 ANOS CANTIDAD / FEMENINO,6
Chuquisaca,10501,Monteagudo,2011,3,SOBREPESO EN MAYORES DE 5 ANOS CANTIDAD / FEMENINO,8
Santa Cruz,70803,Moro Moro,2011,3,SOBREPESO EN MAYORES DE 5 ANOS CANTIDAD / FEMENINO,2
Oruro,40101,Oruro,2011,3,SOBREPESO EN MAYORES DE 5 ANOS CANTIDAD / FEMENINO,58
Santa Cruz,70103,Porongo,2011,3,SOBREPESO EN MAYORES DE 5 ANOS CANTIDAD / FEMENINO,0
Santa Cruz,70601,Portachuelo,2011,3,SOBREPESO EN MAYORES DE 5 ANOS CANTIDAD / FEMENINO,38
Santa Cruz,70804,Postrer Valle,2011,3,SOBREPESO EN MAYORES DE 5 ANOS CANTIDAD / FEMENINO,1
Potosí,50101,Potosi,2011,3,SOBREPESO EN MAYORES DE 5 ANOS CANTIDAD / FEMENINO,51
La Paz,21201,Pucarani,2011,3,SOBREPESO EN MAYORES DE 5 ANOS CANTIDAD / FEMENINO,0
La Paz,20403,Puerto Carabuco,2011,3,SOBREPESO EN MAYORES DE 5 ANOS CANTIDAD / FEMENINO,1
Pando,90301,Puerto Gonzalo Moreno,2011,3,SOBREPESO EN MAYORES DE 5 ANOS CANTIDAD / FEMENINO,5
Cochabamba,31205,Puerto Villarroel,2011,3,SOBREPESO EN MAYORES DE 5 ANOS CANTIDAD / FEMENINO,7
Potosí,51101,Puna,2011,3,SOBREPESO EN MAYORES DE 5 ANOS CANTIDAD / FEMENINO,1
Cochabamba,31401,Punata,2011,3,SOBREPESO EN MAYORES DE 5 ANOS CANTIDAD / FEMENINO,0
Cochabamba,30901,Quillacollo,2011,3,SOBREPESO EN MAYORES DE 5 ANOS CANTIDAD / FEMENINO,22
La Paz,21002,Quime,2011,3,SOBREPESO EN MAYORES DE 5 ANOS CANTIDAD / FEMENINO,1
Beni,80201,Riberalta,2011,3,SOBREPESO EN MAYORES DE 5 ANOS CANTIDAD / FEMENINO,5
Santa Cruz,70503,Robore,2011,3,SOBREPESO EN MAYORES DE 5 ANOS CANTIDAD / FEMENINO,2
Beni,80304,Rurrenabaque,2011,3,SOBREPESO EN MAYORES DE 5 ANOS CANTIDAD / FEMENINO,6
Cochabamba,31001,Sacaba,2011,3,SOBREPESO EN MAYORES DE 5 ANOS CANTIDAD / FEMENINO,202
Cochabamba,30404,Sacabamba,2011,3,SOBREPESO EN MAYORES DE 5 ANOS CANTIDAD / FEMENINO,1
Potosí,50701,Sacaca,2011,3,SOBREPESO EN MAYORES DE 5 ANOS CANTIDAD / FEMENINO,0
La Paz,20805,San Andres De Machaca,2011,3,SOBREPESO EN MAYORES DE 5 ANOS CANTIDAD / FEMENINO,1
Beni,80302,San Borja,2011,3,SOBREPESO EN MAYORES DE 5 ANOS CANTIDAD / FEMENINO,2
La Paz,21502,San Buena Ventura,2011,3,SOBREPESO EN MAYORES DE 5 ANOS CANTIDAD / FEMENINO,2
Santa Cruz,70402,San Carlos,2011,3,SOBREPESO EN MAYORES DE 5 ANOS CANTIDAD / FEMENINO,0
Beni,80102,San Javier(bni),2011,3,SOBREPESO EN MAYORES DE 5 ANOS CANTIDAD / FEMENINO,1
Santa Cruz,71104,San Julian,2011,3,SOBREPESO EN MAYORES DE 5 ANOS CANTIDAD / FEMENINO,0
Chuquisaca,10702,San Lucas,2011,3,SOBREPESO EN MAYORES DE 5 ANOS CANTIDAD / FEMENINO,0
Santa Cruz,70302,San Miguel De Velasco,2011,3,SOBREPESO EN MAYORES DE 5 ANOS CANTIDAD / FEMENINO,4
Santa Cruz,70101,Santa Cruz De La Sierra,2011,3,SOBREPESO EN MAYORES DE 5 ANOS CANTIDAD / FEMENINO,449
Chuquisaca,10101,Sucre,2011,3,SOBREPESO EN MAYORES DE 5 ANOS CANTIDAD / FEMENINO,264
Tarija,60101,Tarija,2011,3,SOBREPESO EN MAYORES DE 5 ANOS CANTIDAD / FEMENINO,267
Cochabamba,30903,Tiquipaya,2011,3,SOBREPESO EN MAYORES DE 5 ANOS CANTIDAD / FEMENINO,67
Cochabamba,31201,Totora(cbba),2011,3,SOBREPESO EN MAYORES DE 5 ANOS CANTIDAD / FEMENINO,1
Beni,80101,Trinidad,2011,3,SOBREPESO EN MAYORES DE 5 ANOS CANTIDAD / FEMENINO,130
Potosí,50801,Tupiza,2011,3,SOBREPESO EN MAYORES DE 5 ANOS CANTIDAD / FEMENINO,65
Potosí,51201,Uyuni,2011,3,SOBREPESO EN MAYORES DE 5 ANOS CANTIDAD / FEMENINO,2
La Paz,20801,Viacha,2011,3,SOBREPESO EN MAYORES DE 5 ANOS CANTIDAD / FEMENINO,28
Tarija,60303,Villa Montes,2011,3,SOBREPESO EN MAYORES DE 5 ANOS CANTIDAD / FEMENINO,32
Pando,90502,Villa Nueva (loma Alta),2011,3,SOBREPESO EN MAYORES DE 5 ANOS CANTIDAD / FEMENINO,0
Cochabamba,31003,Villa Tunari,2011,3,SOBREPESO EN MAYORES DE 5 ANOS CANTIDAD / FEMENINO,6
Potosí,51501,Villazon,2011,3,SOBREPESO EN MAYORES DE 5 ANOS CANTIDAD / FEMENINO,2
Cochabamba,30904,Vinto,2011,3,SOBREPESO EN MAYORES DE 5 ANOS CANTIDAD / FEMENINO,1
Santa Cruz,70201,Warnes,2011,3,SOBREPESO EN MAYORES DE 5 ANOS CANTIDAD / FEMENINO,2
Tarija,60301,Yacuiba,2011,3,SOBREPESO EN MAYORES DE 5 ANOS CANTIDAD / FEMENINO,0
Santa Cruz,70403,Yapacani,2011,3,SOBREPESO EN MAYORES DE 5 ANOS CANTIDAD / FEMENINO,2
Cochabamba,30201,Aiquile,2011,4,SOBREPESO EN MAYORES DE 5 ANOS CANTIDAD / FEMENINO,6
Oruro,40603,Antequera,2011,4,SOBREPESO EN MAYORES DE 5 ANOS CANTIDAD / FEMENINO,12
Cochabamba,30301,Ayopaya (v. De Independencia),2011,4,SOBREPESO EN MAYORES DE 5 ANOS CANTIDAD / FEMENINO,1
La Paz,21203,Batallas,2011,4,SOBREPESO EN MAYORES DE 5 ANOS CANTIDAD / FEMENINO,1
Potosí,50301,Betanzos,2011,4,SOBREPESO EN MAYORES DE 5 ANOS CANTIDAD / FEMENINO,9
Santa Cruz,70703,Cabezas,2011,4,SOBREPESO EN MAYORES DE 5 ANOS CANTIDAD / FEMENINO,0
La Paz,20303,Calacoto,2011,4,SOBREPESO EN MAYORES DE 5 ANOS CANTIDAD / FEMENINO,1
Santa Cruz,70706,Camiri,2011,4,SOBREPESO EN MAYORES DE 5 ANOS CANTIDAD / FEMENINO,2
Cochabamba,30701,Capinota,2011,4,SOBREPESO EN MAYORES DE 5 ANOS CANTIDAD / FEMENINO,4
Potosí,50202,Chayanta,2011,4,SOBREPESO EN MAYORES DE 5 ANOS CANTIDAD / FEMENINO,2
Cochabamba,30801,Cliza,2011,4,SOBREPESO EN MAYORES DE 5 ANOS CANTIDAD / FEMENINO,4
Pando,90101,Cobija,2011,4,SOBREPESO EN MAYORES DE 5 ANOS CANTIDAD / FEMENINO,2
Cochabamba,30101,Cochabamba,2011,4,SOBREPESO EN MAYORES DE 5 ANOS CANTIDAD / FEMENINO,375
Cochabamba,30905,Colcapirhua,2011,4,SOBREPESO EN MAYORES DE 5 ANOS CANTIDAD / FEMENINO,57
Santa Cruz,71301,Comarapa,2011,4,SOBREPESO EN MAYORES DE 5 ANOS CANTIDAD / FEMENINO,1
Santa Cruz,71101,Concepcion,2011,4,SOBREPESO EN MAYORES DE 5 ANOS CANTIDAD / FEMENINO,1
La Paz,21401,Coroico,2011,4,SOBREPESO EN MAYORES DE 5 ANOS CANTIDAD / FEMENINO,11
Potosí,50601,Cotagaita,2011,4,SOBREPESO EN MAYORES DE 5 ANOS CANTIDAD / FEMENINO,0
La Paz,20105,El Alto,2011,4,SOBREPESO EN MAYORES DE 5 ANOS CANTIDAD / FEMENINO,502
Santa Cruz,71503,El Puente(stc),2011,4,SOBREPESO EN MAYORES DE 5 ANOS CANTIDAD / FEMENINO,8
Santa Cruz,70105,El Torno,2011,4,SOBREPESO EN MAYORES DE 5 ANOS CANTIDAD / FEMENINO,1
Cochabamba,31206,Entre Rios Cbba,2011,4,SOBREPESO EN MAYORES DE 5 ANOS CANTIDAD / FEMENINO,3
Santa Cruz,70705,Gutierrez,2011,4,SOBREPESO EN MAYORES DE 5 ANOS CANTIDAD / FEMENINO,3
La Paz,20101,La Paz,2011,4,SOBREPESO EN MAYORES DE 5 ANOS CANTIDAD / FEMENINO,600
La Paz,21202,Laja,2011,4,SOBREPESO EN MAYORES DE 5 ANOS CANTIDAD / FEMENINO,2
Beni,80601,Loreto,2011,4,SOBREPESO EN MAYORES DE 5 ANOS CANTIDAD / FEMENINO,1
Oruro,40702,Machacamarca,2011,4,SOBREPESO EN MAYORES DE 5 ANOS CANTIDAD / FEMENINO,4
Chuquisaca,10501,Monteagudo,2011,4,SOBREPESO EN MAYORES DE 5 ANOS CANTIDAD / FEMENINO,8
Santa Cruz,71001,Montero,2011,4,SOBREPESO EN MAYORES DE 5 ANOS CANTIDAD / FEMENINO,6
Santa Cruz,70803,Moro Moro,2011,4,SOBREPESO EN MAYORES DE 5 ANOS CANTIDAD / FEMENINO,1
Cochabamba,30203,Omereque,2011,4,SOBREPESO EN MAYORES DE 5 ANOS CANTIDAD / FEMENINO,0
Oruro,40101,Oruro,2011,4,SOBREPESO EN MAYORES DE 5 ANOS CANTIDAD / FEMENINO,130
Tarija,60201,Padcaya,2011,4,SOBREPESO EN MAYORES DE 5 ANOS CANTIDAD / FEMENINO,5
Santa Cruz,70103,Porongo,2011,4,SOBREPESO EN MAYORES DE 5 ANOS CANTIDAD / FEMENINO,0
Santa Cruz,70601,Portachuelo,2011,4,SOBREPESO EN MAYORES DE 5 ANOS CANTIDAD / FEMENINO,32
Potosí,50101,Potosi,2011,4,SOBREPESO EN MAYORES DE 5 ANOS CANTIDAD / FEMENINO,131
La Paz,20401,Puerto Acosta,2011,4,SOBREPESO EN MAYORES DE 5 ANOS CANTIDAD / FEMENINO,2
Pando,90301,Puerto Gonzalo Moreno,2011,4,SOBREPESO EN MAYORES DE 5 ANOS CANTIDAD / FEMENINO,0
Santa Cruz,71402,Puerto Quijarro,2011,4,SOBREPESO EN MAYORES DE 5 ANOS CANTIDAD / FEMENINO,0
Cochabamba,31205,Puerto Villarroel,2011,4,SOBREPESO EN MAYORES DE 5 ANOS CANTIDAD / FEMENINO,6
Potosí,51101,Puna,2011,4,SOBREPESO EN MAYORES DE 5 ANOS CANTIDAD / FEMENINO,1
Cochabamba,31401,Punata,2011,4,SOBREPESO EN MAYORES DE 5 ANOS CANTIDAD / FEMENINO,1
Cochabamba,30901,Quillacollo,2011,4,SOBREPESO EN MAYORES DE 5 ANOS CANTIDAD / FEMENINO,30
Beni,80201,Riberalta,2011,4,SOBREPESO EN MAYORES DE 5 ANOS CANTIDAD / FEMENINO,1
Cochabamba,31001,Sacaba,2011,4,SOBREPESO EN MAYORES DE 5 ANOS CANTIDAD / FEMENINO,56
Beni,80302,San Borja,2011,4,SOBREPESO EN MAYORES DE 5 ANOS CANTIDAD / FEMENINO,13
Santa Cruz,70402,San Carlos,2011,4,SOBREPESO EN MAYORES DE 5 ANOS CANTIDAD / FEMENINO,35
Tarija,60501,San Lorenzo(tja),2011,4,SOBREPESO EN MAYORES DE 5 ANOS CANTIDAD / FEMENINO,1
Santa Cruz,70302,San Miguel De Velasco,2011,4,SOBREPESO EN MAYORES DE 5 ANOS CANTIDAD / FEMENINO,3
Beni,80401,Santa Ana,2011,4,SOBREPESO EN MAYORES DE 5 ANOS CANTIDAD / FEMENINO,63
Santa Cruz,70101,Santa Cruz De La Sierra,2011,4,SOBREPESO EN MAYORES DE 5 ANOS CANTIDAD / FEMENINO,392
Cochabamba,31602,Shinaota,2011,4,SOBREPESO EN MAYORES DE 5 ANOS CANTIDAD / FEMENINO,92
Chuquisaca,10101,Sucre,2011,4,SOBREPESO EN MAYORES DE 5 ANOS CANTIDAD / FEMENINO,248
Cochabamba,30602,Tacopaya,2011,4,SOBREPESO EN MAYORES DE 5 ANOS CANTIDAD / FEMENINO,1
Tarija,60101,Tarija,2011,4,SOBREPESO EN MAYORES DE 5 ANOS CANTIDAD / FEMENINO,167
Cochabamba,30903,Tiquipaya,2011,4,SOBREPESO EN MAYORES DE 5 ANOS CANTIDAD / FEMENINO,60
Oruro,41001,Toledo,2011,4,SOBREPESO EN MAYORES DE 5 ANOS CANTIDAD / FEMENINO,0
Beni,80101,Trinidad,2011,4,SOBREPESO EN MAYORES DE 5 ANOS CANTIDAD / FEMENINO,184
Potosí,50801,Tupiza,2011,4,SOBREPESO EN MAYORES DE 5 ANOS CANTIDAD / FEMENINO,30
Potosí,51201,Uyuni,2011,4,SOBREPESO EN MAYORES DE 5 ANOS CANTIDAD / FEMENINO,3
La Paz,20801,Viacha,2011,4,SOBREPESO EN MAYORES DE 5 ANOS CANTIDAD / FEMENINO,25
Cochabamba,31302,Vila Vila,2011,4,SOBREPESO EN MAYORES DE 5 ANOS CANTIDAD / FEMENINO,1
Cochabamba,31402,Villa Rivero,2011,4,SOBREPESO EN MAYORES DE 5 ANOS CANTIDAD / FEMENINO,0
Cochabamba,31003,Villa Tunari,2011,4,SOBREPESO EN MAYORES DE 5 ANOS CANTIDAD / FEMENINO,6
Cochabamba,30904,Vinto,2011,4,SOBREPESO EN MAYORES DE 5 ANOS CANTIDAD / FEMENINO,0
Tarija,60301,Yacuiba,2011,4,SOBREPESO EN MAYORES DE 5 ANOS CANTIDAD / FEMENINO,1
Cochabamba,30201,Aiquile,2011,5,SOBREPESO EN MAYORES DE 5 ANOS CANTIDAD / FEMENINO,4
Cochabamba,30301,Ayopaya (v. De Independencia),2011,5,SOBREPESO EN MAYORES DE 5 ANOS CANTIDAD / FEMENINO,2
Potosí,50301,Betanzos,2011,5,SOBREPESO EN MAYORES DE 5 ANOS CANTIDAD / FEMENINO,13
La Paz,21304,Calamarca,2011,5,SOBREPESO EN MAYORES DE 5 ANOS CANTIDAD / FEMENINO,0
Chuquisaca,10701,Camargo,2011,5,SOBREPESO EN MAYORES DE 5 ANOS CANTIDAD / FEMENINO,4
Santa Cruz,70706,Camiri,2011,5,SOBREPESO EN MAYORES DE 5 ANOS CANTIDAD / FEMENINO,0
Cochabamba,30701,Capinota,2011,5,SOBREPESO EN MAYORES DE 5 ANOS CANTIDAD / FEMENINO,2
Oruro,40102,Caracollo,2011,5,SOBREPESO EN MAYORES DE 5 ANOS CANTIDAD / FEMENINO,0
La Paz,22001,Caranavi,2011,5,SOBREPESO EN MAYORES DE 5 ANOS CANTIDAD / FEMENINO,3
Santa Cruz,70702,Charagua,2011,5,SOBREPESO EN MAYORES DE 5 ANOS CANTIDAD / FEMENINO,1
Cochabamba,31204,Chimore,2011,5,SOBREPESO EN MAYORES DE 5 ANOS CANTIDAD / FEMENINO,1
La Paz,21101,Chulumani (v. De La Libertad),2011,5,SOBREPESO EN MAYORES DE 5 ANOS CANTIDAD / FEMENINO,2
Cochabamba,30801,Cliza,2011,5,SOBREPESO EN MAYORES DE 5 ANOS CANTIDAD / FEMENINO,6
Pando,90101,Cobija,2011,5,SOBREPESO EN MAYORES DE 5 ANOS CANTIDAD / FEMENINO,5
Cochabamba,30101,Cochabamba,2011,5,SOBREPESO EN MAYORES DE 5 ANOS CANTIDAD / FEMENINO,594
Cochabamba,30905,Colcapirhua,2011,5,SOBREPESO EN MAYORES DE 5 ANOS CANTIDAD / FEMENINO,20
Santa Cruz,71101,Concepcion,2011,5,SOBREPESO EN MAYORES DE 5 ANOS CANTIDAD / FEMENINO,1
La Paz,20301,Coro Coro,2011,5,SOBREPESO EN MAYORES DE 5 ANOS CANTIDAD / FEMENINO,1
Potosí,50601,Cotagaita,2011,5,SOBREPESO EN MAYORES DE 5 ANOS CANTIDAD / FEMENINO,4
Santa Cruz,71106,Cuatro Cañadas,2011,5,SOBREPESO EN MAYORES DE 5 ANOS CANTIDAD / FEMENINO,1
Chuquisaca,10902,Culpina,2011,5,SOBREPESO EN MAYORES DE 5 ANOS CANTIDAD / FEMENINO,1
La Paz,20105,El Alto,2011,5,SOBREPESO EN MAYORES DE 5 ANOS CANTIDAD / FEMENINO,496
Santa Cruz,71503,El Puente(stc),2011,5,SOBREPESO EN MAYORES DE 5 ANOS CANTIDAD / FEMENINO,2
Santa Cruz,70105,El Torno,2011,5,SOBREPESO EN MAYORES DE 5 ANOS CANTIDAD / FEMENINO,0
Tarija,60601,Entre Rios Trj,2011,5,SOBREPESO EN MAYORES DE 5 ANOS CANTIDAD / FEMENINO,3
Beni,80202,Guayaramerin,2011,5,SOBREPESO EN MAYORES DE 5 ANOS CANTIDAD / FEMENINO,19
Santa Cruz,70705,Gutierrez,2011,5,SOBREPESO EN MAYORES DE 5 ANOS CANTIDAD / FEMENINO,5
La Paz,21102,Irupana (villa De Lanza),2011,5,SOBREPESO EN MAYORES DE 5 ANOS CANTIDAD / FEMENINO,2
La Paz,20101,La Paz,2011,5,SOBREPESO EN MAYORES DE 5 ANOS CANTIDAD / FEMENINO,783
La Paz,21202,Laja,2011,5,SOBREPESO EN MAYORES DE 5 ANOS CANTIDAD / FEMENINO,2
Oruro,40702,Machacamarca,2011,5,SOBREPESO EN MAYORES DE 5 ANOS CANTIDAD / FEMENINO,7
Cochabamba,31301,Mizque,2011,5,SOBREPESO EN MAYORES DE 5 ANOS CANTIDAD / FEMENINO,2
Chuquisaca,10501,Monteagudo,2011,5,SOBREPESO EN MAYORES DE 5 ANOS CANTIDAD / FEMENINO,10
Santa Cruz,71001,Montero,2011,5,SOBREPESO EN MAYORES DE 5 ANOS CANTIDAD / FEMENINO,41
Santa Cruz,70803,Moro Moro,2011,5,SOBREPESO EN MAYORES DE 5 ANOS CANTIDAD / FEMENINO,6
Oruro,40101,Oruro,2011,5,SOBREPESO EN MAYORES DE 5 ANOS CANTIDAD / FEMENINO,215
Tarija,60201,Padcaya,2011,5,SOBREPESO EN MAYORES DE 5 ANOS CANTIDAD / FEMENINO,2
La Paz,21104,Palos Blancos,2011,5,SOBREPESO EN MAYORES DE 5 ANOS CANTIDAD / FEMENINO,2
Santa Cruz,70601,Portachuelo,2011,5,SOBREPESO EN MAYORES DE 5 ANOS CANTIDAD / FEMENINO,39
Potosí,50101,Potosi,2011,5,SOBREPESO EN MAYORES DE 5 ANOS CANTIDAD / FEMENINO,33
Pando,90301,Puerto Gonzalo Moreno,2011,5,SOBREPESO EN MAYORES DE 5 ANOS CANTIDAD / FEMENINO,4
Santa Cruz,71401,Puerto Suarez,2011,5,SOBREPESO EN MAYORES DE 5 ANOS CANTIDAD / FEMENINO,1
Cochabamba,31205,Puerto Villarroel,2011,5,SOBREPESO EN MAYORES DE 5 ANOS CANTIDAD / FEMENINO,1
Cochabamba,31401,Punata,2011,5,SOBREPESO EN MAYORES DE 5 ANOS CANTIDAD / FEMENINO,2
Cochabamba,30901,Quillacollo,2011,5,SOBREPESO EN MAYORES DE 5 ANOS CANTIDAD / FEMENINO,29
Beni,80201,Riberalta,2011,5,SOBREPESO EN MAYORES DE 5 ANOS CANTIDAD / FEMENINO,4
Santa Cruz,70503,Robore,2011,5,SOBREPESO EN MAYORES DE 5 ANOS CANTIDAD / FEMENINO,1
Cochabamba,31001,Sacaba,2011,5,SOBREPESO EN MAYORES DE 5 ANOS CANTIDAD / FEMENINO,152
La Paz,20805,San Andres De Machaca,2011,5,SOBREPESO EN MAYORES DE 5 ANOS CANTIDAD / FEMENINO,1
Cochabamba,31403,San Benito,2011,5,SOBREPESO EN MAYORES DE 5 ANOS CANTIDAD / FEMENINO,6
Beni,80302,San Borja,2011,5,SOBREPESO EN MAYORES DE 5 ANOS CANTIDAD / FEMENINO,11
Santa Cruz,70402,San Carlos,2011,5,SOBREPESO EN MAYORES DE 5 ANOS CANTIDAD / FEMENINO,41
Beni,80501,San Ignacio,2011,5,SOBREPESO EN MAYORES DE 5 ANOS CANTIDAD / FEMENINO,0
Santa Cruz,70301,San Ignacio De Velasco,2011,5,SOBREPESO EN MAYORES DE 5 ANOS CANTIDAD / FEMENINO,0
Santa Cruz,70501,San Jose De Chiquitos,2011,5,SOBREPESO EN MAYORES DE 5 ANOS CANTIDAD / FEMENINO,1
Chuquisaca,10702,San Lucas,2011,5,SOBREPESO EN MAYORES DE 5 ANOS CANTIDAD / FEMENINO,0
Santa Cruz,70302,San Miguel De Velasco,2011,5,SOBREPESO EN MAYORES DE 5 ANOS CANTIDAD / FEMENINO,4
Santa Cruz,70101,Santa Cruz De La Sierra,2011,5,SOBREPESO EN MAYORES DE 5 ANOS CANTIDAD / FEMENINO,606
Cochabamba,31602,Shinaota,2011,5,SOBREPESO EN MAYORES DE 5 ANOS CANTIDAD / FEMENINO,95
Chuquisaca,10101,Sucre,2011,5,SOBREPESO EN MAYORES DE 5 ANOS CANTIDAD / FEMENINO,309
La Paz,20603,Tacacoma,2011,5,SOBREPESO EN MAYORES DE 5 ANOS CANTIDAD / FEMENINO,3
Chuquisaca,10601,Tarabuco,2011,5,SOBREPESO EN MAYORES DE 5 ANOS CANTIDAD / FEMENINO,2
Cochabamba,30401,Tarata,2011,5,SOBREPESO EN MAYORES DE 5 ANOS CANTIDAD / FEMENINO,2
Tarija,60101,Tarija,2011,5,SOBREPESO EN MAYORES DE 5 ANOS CANTIDAD / FEMENINO,350
La Paz,20606,Tipuani,2011,5,SOBREPESO EN MAYORES DE 5 ANOS CANTIDAD / FEMENINO,5
Cochabamba,30903,Tiquipaya,2011,5,SOBREPESO EN MAYORES DE 5 ANOS CANTIDAD / FEMENINO,27
Cochabamba,30803,Tolata,2011,5,SOBREPESO EN MAYORES DE 5 ANOS CANTIDAD / FEMENINO,0
Beni,80101,Trinidad,2011,5,SOBREPESO EN MAYORES DE 5 ANOS CANTIDAD / FEMENINO,102
Potosí,50801,Tupiza,2011,5,SOBREPESO EN MAYORES DE 5 ANOS CANTIDAD / FEMENINO,145
Potosí,51201,Uyuni,2011,5,SOBREPESO EN MAYORES DE 5 ANOS CANTIDAD / FEMENINO,0
Santa Cruz,70801,Vallegrande,2011,5,SOBREPESO EN MAYORES DE 5 ANOS CANTIDAD / FEMENINO,4
La Paz,20801,Viacha,2011,5,SOBREPESO EN MAYORES DE 5 ANOS CANTIDAD / FEMENINO,52
Tarija,60303,Villa Montes,2011,5,SOBREPESO EN MAYORES DE 5 ANOS CANTIDAD / FEMENINO,1
Chuquisaca,10801,Villa Serrano,2011,5,SOBREPESO EN MAYORES DE 5 ANOS CANTIDAD / FEMENINO,0
Cochabamba,31003,Villa Tunari,2011,5,SOBREPESO EN MAYORES DE 5 ANOS CANTIDAD / FEMENINO,15
Potosí,51501,Villazon,2011,5,SOBREPESO EN MAYORES DE 5 ANOS CANTIDAD / FEMENINO,0
Cochabamba,30904,Vinto,2011,5,SOBREPESO EN MAYORES DE 5 ANOS CANTIDAD / FEMENINO,1
Santa Cruz,70201,Warnes,2011,5,SOBREPESO EN MAYORES DE 5 ANOS CANTIDAD / FEMENINO,1
Tarija,60301,Yacuiba,2011,5,SOBREPESO EN MAYORES DE 5 ANOS CANTIDAD / FEMENINO,4
Cochabamba,30201,Aiquile,2011,6,SOBREPESO EN MAYORES DE 5 ANOS CANTIDAD / FEMENINO,12
Oruro,41201,Andamarca,2011,6,SOBREPESO EN MAYORES DE 5 ANOS CANTIDAD / FEMENINO,1
La Paz,20701,Apolo,2011,6,SOBREPESO EN MAYORES DE 5 ANOS CANTIDAD / FEMENINO,2
Tarija,60202,Bermejo,2011,6,SOBREPESO EN MAYORES DE 5 ANOS CANTIDAD / FEMENINO,0
Potosí,50301,Betanzos,2011,6,SOBREPESO EN MAYORES DE 5 ANOS CANTIDAD / FEMENINO,7
Santa Cruz,70703,Cabezas,2011,6,SOBREPESO EN MAYORES DE 5 ANOS CANTIDAD / FEMENINO,0
Chuquisaca,10701,Camargo,2011,6,SOBREPESO EN MAYORES DE 5 ANOS CANTIDAD / FEMENINO,1
Cochabamba,30701,Capinota,2011,6,SOBREPESO EN MAYORES DE 5 ANOS CANTIDAD / FEMENINO,2
Cochabamba,31204,Chimore,2011,6,SOBREPESO EN MAYORES DE 5 ANOS CANTIDAD / FEMENINO,0
La Paz,21101,Chulumani (v. De La Libertad),2011,6,SOBREPESO EN MAYORES DE 5 ANOS CANTIDAD / FEMENINO,2
Cochabamba,30801,Cliza,2011,6,SOBREPESO EN MAYORES DE 5 ANOS CANTIDAD / FEMENINO,4
Pando,90101,Cobija,2011,6,SOBREPESO EN MAYORES DE 5 ANOS CANTIDAD / FEMENINO,1
Cochabamba,30101,Cochabamba,2011,6,SOBREPESO EN MAYORES DE 5 ANOS CANTIDAD / FEMENINO,603
Cochabamba,30905,Colcapirhua,2011,6,SOBREPESO EN MAYORES DE 5 ANOS CANTIDAD / FEMENINO,50
Santa Cruz,70603,Colpa Belgica,2011,6,SOBREPESO EN MAYORES DE 5 ANOS CANTIDAD / FEMENINO,0
La Paz,20301,Coro Coro,2011,6,SOBREPESO EN MAYORES DE 5 ANOS CANTIDAD / FEMENINO,1
Santa Cruz,71106,Cuatro Cañadas,2011,6,SOBREPESO EN MAYORES DE 5 ANOS CANTIDAD / FEMENINO,2
La Paz,20105,El Alto,2011,6,SOBREPESO EN MAYORES DE 5 ANOS CANTIDAD / FEMENINO,661
Santa Cruz,71503,El Puente(stc),2011,6,SOBREPESO EN MAYORES DE 5 ANOS CANTIDAD / FEMENINO,4
La Paz,21601,Gral. J.j. Perez (charazani),2011,6,SOBREPESO EN MAYORES DE 5 ANOS CANTIDAD / FEMENINO,4
Santa Cruz,70705,Gutierrez,2011,6,SOBREPESO EN MAYORES DE 5 ANOS CANTIDAD / FEMENINO,1
Chuquisaca,10502,Huacareta,2011,6,SOBREPESO EN MAYORES DE 5 ANOS CANTIDAD / FEMENINO,8
La Paz,21102,Irupana (villa De Lanza),2011,6,SOBREPESO EN MAYORES DE 5 ANOS CANTIDAD / FEMENINO,1
Santa Cruz,70104,La Guardia,2011,6,SOBREPESO EN MAYORES DE 5 ANOS CANTIDAD / FEMENINO,2
La Paz,20101,La Paz,2011,6,SOBREPESO EN MAYORES DE 5 ANOS CANTIDAD / FEMENINO,876
La Paz,21202,Laja,2011,6,SOBREPESO EN MAYORES DE 5 ANOS CANTIDAD / FEMENINO,3
Beni,80601,Loreto,2011,6,SOBREPESO EN MAYORES DE 5 ANOS CANTIDAD / FEMENINO,2
Oruro,40702,Machacamarca,2011,6,SOBREPESO EN MAYORES DE 5 ANOS CANTIDAD / FEMENINO,4
Chuquisaca,11003,Machareti,2011,6,SOBREPESO EN MAYORES DE 5 ANOS CANTIDAD / FEMENINO,9
Cochabamba,31301,Mizque,2011,6,SOBREPESO EN MAYORES DE 5 ANOS CANTIDAD / FEMENINO,4
Chuquisaca,10501,Monteagudo,2011,6,SOBREPESO EN MAYORES DE 5 ANOS CANTIDAD / FEMENINO,6
Santa Cruz,71001,Montero,2011,6,SOBREPESO EN MAYORES DE 5 ANOS CANTIDAD / FEMENINO,8
Santa Cruz,70803,Moro Moro,2011,6,SOBREPESO EN MAYORES DE 5 ANOS CANTIDAD / FEMENINO,3
Oruro,40101,Oruro,2011,6,SOBREPESO EN MAYORES DE 5 ANOS CANTIDAD / FEMENINO,225
Chuquisaca,10401,Padilla,2011,6,SOBREPESO EN MAYORES DE 5 ANOS CANTIDAD / FEMENINO,8
Santa Cruz,70601,Portachuelo,2011,6,SOBREPESO EN MAYORES DE 5 ANOS CANTIDAD / FEMENINO,42
Potosí,50101,Potosi,2011,6,SOBREPESO EN MAYORES DE 5 ANOS CANTIDAD / FEMENINO,20
Pando,90301,Puerto Gonzalo Moreno,2011,6,SOBREPESO EN MAYORES DE 5 ANOS CANTIDAD / FEMENINO,1
La Paz,21204,Puerto Perez,2011,6,SOBREPESO EN MAYORES DE 5 ANOS CANTIDAD / FEMENINO,1
Pando,90201,Puerto Rico,2011,6,SOBREPESO EN MAYORES DE 5 ANOS CANTIDAD / FEMENINO,0
Potosí,51101,Puna,2011,6,SOBREPESO EN MAYORES DE 5 ANOS CANTIDAD / FEMENINO,1
Cochabamba,30901,Quillacollo,2011,6,SOBREPESO EN MAYORES DE 5 ANOS CANTIDAD / FEMENINO,80
La Paz,21002,Quime,2011,6,SOBREPESO EN MAYORES DE 5 ANOS CANTIDAD / FEMENINO,0
Beni,80201,Riberalta,2011,6,SOBREPESO EN MAYORES DE 5 ANOS CANTIDAD / FEMENINO,3
Santa Cruz,70503,Robore,2011,6,SOBREPESO EN MAYORES DE 5 ANOS CANTIDAD / FEMENINO,2
Cochabamba,31001,Sacaba,2011,6,SOBREPESO EN MAYORES DE 5 ANOS CANTIDAD / FEMENINO,73
Cochabamba,31403,San Benito,2011,6,SOBREPESO EN MAYORES DE 5 ANOS CANTIDAD / FEMENINO,8
Santa Cruz,70402,San Carlos,2011,6,SOBREPESO EN MAYORES DE 5 ANOS CANTIDAD / FEMENINO,25
Beni,80501,San Ignacio,2011,6,SOBREPESO EN MAYORES DE 5 ANOS CANTIDAD / FEMENINO,0
Santa Cruz,70301,San Ignacio De Velasco,2011,6,SOBREPESO EN MAYORES DE 5 ANOS CANTIDAD / FEMENINO,0
Chuquisaca,10702,San Lucas,2011,6,SOBREPESO EN MAYORES DE 5 ANOS CANTIDAD / FEMENINO,2
Santa Cruz,70101,Santa Cruz De La Sierra,2011,6,SOBREPESO EN MAYORES DE 5 ANOS CANTIDAD / FEMENINO,475
La Paz,20204,Santiago De Huata,2011,6,SOBREPESO EN MAYORES DE 5 ANOS CANTIDAD / FEMENINO,0
Cochabamba,31602,Shinaota,2011,6,SOBREPESO EN MAYORES DE 5 ANOS CANTIDAD / FEMENINO,124
Chuquisaca,10101,Sucre,2011,6,SOBREPESO EN MAYORES DE 5 ANOS CANTIDAD / FEMENINO,274
La Paz,20603,Tacacoma,2011,6,SOBREPESO EN MAYORES DE 5 ANOS CANTIDAD / FEMENINO,2
Cochabamba,30401,Tarata,2011,6,SOBREPESO EN MAYORES DE 5 ANOS CANTIDAD / FEMENINO,2
Tarija,60101,Tarija,2011,6,SOBREPESO EN MAYORES DE 5 ANOS CANTIDAD / FEMENINO,181
La Paz,20606,Tipuani,2011,6,SOBREPESO EN MAYORES DE 5 ANOS CANTIDAD / FEMENINO,2
Cochabamba,30903,Tiquipaya,2011,6,SOBREPESO EN MAYORES DE 5 ANOS CANTIDAD / FEMENINO,0
Beni,80101,Trinidad,2011,6,SOBREPESO EN MAYORES DE 5 ANOS CANTIDAD / FEMENINO,156
Potosí,50801,Tupiza,2011,6,SOBREPESO EN MAYORES DE 5 ANOS CANTIDAD / FEMENINO,3
Potosí,51201,Uyuni,2011,6,SOBREPESO EN MAYORES DE 5 ANOS CANTIDAD / FEMENINO,4
La Paz,20801,Viacha,2011,6,SOBREPESO EN MAYORES DE 5 ANOS CANTIDAD / FEMENINO,20
Cochabamba,31302,Vila Vila,2011,6,SOBREPESO EN MAYORES DE 5 ANOS CANTIDAD / FEMENINO,3
Cochabamba,31402,Villa Rivero,2011,6,SOBREPESO EN MAYORES DE 5 ANOS CANTIDAD / FEMENINO,2
Chuquisaca,10801,Villa Serrano,2011,6,SOBREPESO EN MAYORES DE 5 ANOS CANTIDAD / FEMENINO,3
Cochabamba,31003,Villa Tunari,2011,6,SOBREPESO EN MAYORES DE 5 ANOS CANTIDAD / FEMENINO,3
Chuquisaca,11001,Villa Vaca Guzman (muyupampa),2011,6,SOBREPESO EN MAYORES DE 5 ANOS CANTIDAD / FEMENINO,0
Potosí,51501,Villazon,2011,6,SOBREPESO EN MAYORES DE 5 ANOS CANTIDAD / FEMENINO,0
Santa Cruz,70201,Warnes,2011,6,SOBREPESO EN MAYORES DE 5 ANOS CANTIDAD / FEMENINO,3
La Paz,21103,Yanacachi,2011,6,SOBREPESO EN MAYORES DE 5 ANOS CANTIDAD / FEMENINO,1
Chuquisaca,10301,Zudañez,2011,6,SOBREPESO EN MAYORES DE 5 ANOS CANTIDAD / FEMENINO,0
Cochabamba,30201,Aiquile,2011,7,SOBREPESO EN MAYORES DE 5 ANOS CANTIDAD / FEMENINO,16
Oruro,41201,Andamarca,2011,7,SOBREPESO EN MAYORES DE 5 ANOS CANTIDAD / FEMENINO,0
La Paz,20701,Apolo,2011,7,SOBREPESO EN MAYORES DE 5 ANOS CANTIDAD / FEMENINO,2
Cochabamba,30501,Arani,2011,7,SOBREPESO EN MAYORES DE 5 ANOS CANTIDAD / FEMENINO,1
Potosí,50301,Betanzos,2011,7,SOBREPESO EN MAYORES DE 5 ANOS CANTIDAD / FEMENINO,10
Chuquisaca,10701,Camargo,2011,7,SOBREPESO EN MAYORES DE 5 ANOS CANTIDAD / FEMENINO,3
Santa Cruz,70706,Camiri,2011,7,SOBREPESO EN MAYORES DE 5 ANOS CANTIDAD / FEMENINO,0
La Paz,22001,Caranavi,2011,7,SOBREPESO EN MAYORES DE 5 ANOS CANTIDAD / FEMENINO,1
Cochabamba,31204,Chimore,2011,7,SOBREPESO EN MAYORES DE 5 ANOS CANTIDAD / FEMENINO,1
Pando,90101,Cobija,2011,7,SOBREPESO EN MAYORES DE 5 ANOS CANTIDAD / FEMENINO,2
Cochabamba,30101,Cochabamba,2011,7,SOBREPESO EN MAYORES DE 5 ANOS CANTIDAD / FEMENINO,651
Cochabamba,30905,Colcapirhua,2011,7,SOBREPESO EN MAYORES DE 5 ANOS CANTIDAD / FEMENINO,50
Santa Cruz,71101,Concepcion,2011,7,SOBREPESO EN MAYORES DE 5 ANOS CANTIDAD / FEMENINO,2
La Paz,20105,El Alto,2011,7,SOBREPESO EN MAYORES DE 5 ANOS CANTIDAD / FEMENINO,511
Santa Cruz,71503,El Puente(stc),2011,7,SOBREPESO EN MAYORES DE 5 ANOS CANTIDAD / FEMENINO,6
Santa Cruz,70105,El Torno,2011,7,SOBREPESO EN MAYORES DE 5 ANOS CANTIDAD / FEMENINO,1
Tarija,60601,Entre Rios Trj,2011,7,SOBREPESO EN MAYORES DE 5 ANOS CANTIDAD / FEMENINO,1
Cochabamba,31206,Entre Rios Cbba,2011,7,SOBREPESO EN MAYORES DE 5 ANOS CANTIDAD / FEMENINO,1
La Paz,20405,Escoma,2011,7,SOBREPESO EN MAYORES DE 5 ANOS CANTIDAD / FEMENINO,1
La Paz,21601,Gral. J.j. Perez (charazani),2011,7,SOBREPESO EN MAYORES DE 5 ANOS CANTIDAD / FEMENINO,5
Santa Cruz,70705,Gutierrez,2011,7,SOBREPESO EN MAYORES DE 5 ANOS CANTIDAD / FEMENINO,5
La Paz,20806,Jesus De Machaca,2011,7,SOBREPESO EN MAYORES DE 5 ANOS CANTIDAD / FEMENINO,0
Santa Cruz,70104,La Guardia,2011,7,SOBREPESO EN MAYORES DE 5 ANOS CANTIDAD / FEMENINO,8
La Paz,20101,La Paz,2011,7,SOBREPESO EN MAYORES DE 5 ANOS CANTIDAD / FEMENINO,946
La Paz,21202,Laja,2011,7,SOBREPESO EN MAYORES DE 5 ANOS CANTIDAD / FEMENINO,1
Beni,80601,Loreto,2011,7,SOBREPESO EN MAYORES DE 5 ANOS CANTIDAD / FEMENINO,2
Oruro,40702,Machacamarca,2011,7,SOBREPESO EN MAYORES DE 5 ANOS CANTIDAD / FEMENINO,14
Chuquisaca,11003,Machareti,2011,7,SOBREPESO EN MAYORES DE 5 ANOS CANTIDAD / FEMENINO,1
Chuquisaca,10501,Monteagudo,2011,7,SOBREPESO EN MAYORES DE 5 ANOS CANTIDAD / FEMENINO,3
Santa Cruz,71001,Montero,2011,7,SOBREPESO EN MAYORES DE 5 ANOS CANTIDAD / FEMENINO,1
Santa Cruz,70803,Moro Moro,2011,7,SOBREPESO EN MAYORES DE 5 ANOS CANTIDAD / FEMENINO,1
Oruro,40101,Oruro,2011,7,SOBREPESO EN MAYORES DE 5 ANOS CANTIDAD / FEMENINO,185
Chuquisaca,10401,Padilla,2011,7,SOBREPESO EN MAYORES DE 5 ANOS CANTIDAD / FEMENINO,1
Santa Cruz,70601,Portachuelo,2011,7,SOBREPESO EN MAYORES DE 5 ANOS CANTIDAD / FEMENINO,43
Potosí,50101,Potosi,2011,7,SOBREPESO EN MAYORES DE 5 ANOS CANTIDAD / FEMENINO,65
Pando,90301,Puerto Gonzalo Moreno,2011,7,SOBREPESO EN MAYORES DE 5 ANOS CANTIDAD / FEMENINO,6
La Paz,21204,Puerto Perez,2011,7,SOBREPESO EN MAYORES DE 5 ANOS CANTIDAD / FEMENINO,1
Cochabamba,31205,Puerto Villarroel,2011,7,SOBREPESO EN MAYORES DE 5 ANOS CANTIDAD / FEMENINO,1
Cochabamba,31401,Punata,2011,7,SOBREPESO EN MAYORES DE 5 ANOS CANTIDAD / FEMENINO,1
Cochabamba,30901,Quillacollo,2011,7,SOBREPESO EN MAYORES DE 5 ANOS CANTIDAD / FEMENINO,56
Beni,80201,Riberalta,2011,7,SOBREPESO EN MAYORES DE 5 ANOS CANTIDAD / FEMENINO,3
Santa Cruz,70503,Robore,2011,7,SOBREPESO EN MAYORES DE 5 ANOS CANTIDAD / FEMENINO,1
Cochabamba,31001,Sacaba,2011,7,SOBREPESO EN MAYORES DE 5 ANOS CANTIDAD / FEMENINO,58
La Paz,20805,San Andres De Machaca,2011,7,SOBREPESO EN MAYORES DE 5 ANOS CANTIDAD / FEMENINO,1
Cochabamba,31403,San Benito,2011,7,SOBREPESO EN MAYORES DE 5 ANOS CANTIDAD / FEMENINO,7
Beni,80302,San Borja,2011,7,SOBREPESO EN MAYORES DE 5 ANOS CANTIDAD / FEMENINO,3
Santa Cruz,70402,San Carlos,2011,7,SOBREPESO EN MAYORES DE 5 ANOS CANTIDAD / FEMENINO,21
Beni,80501,San Ignacio,2011,7,SOBREPESO EN MAYORES DE 5 ANOS CANTIDAD / FEMENINO,3
Santa Cruz,70501,San Jose De Chiquitos,2011,7,SOBREPESO EN MAYORES DE 5 ANOS CANTIDAD / FEMENINO,1
Tarija,60501,San Lorenzo(tja),2011,7,SOBREPESO EN MAYORES DE 5 ANOS CANTIDAD / FEMENINO,11
Potosí,50902,San Pedro De Quemes,2011,7,SOBREPESO EN MAYORES DE 5 ANOS CANTIDAD / FEMENINO,0
Santa Cruz,70101,Santa Cruz De La Sierra,2011,7,SOBREPESO EN MAYORES DE 5 ANOS CANTIDAD / FEMENINO,612
Beni,80303,Santa Rosa,2011,7,SOBREPESO EN MAYORES DE 5 ANOS CANTIDAD / FEMENINO,0
Santa Cruz,70602,Santa Rosa Del Sara,2011,7,SOBREPESO EN MAYORES DE 5 ANOS CANTIDAD / FEMENINO,1
Cochabamba,31602,Shinaota,2011,7,SOBREPESO EN MAYORES DE 5 ANOS CANTIDAD / FEMENINO,119
Cochabamba,30902,Sipe Sipe,2011,7,SOBREPESO EN MAYORES DE 5 ANOS CANTIDAD / FEMENINO,3
La Paz,20601,Sorata,2011,7,SOBREPESO EN MAYORES DE 5 ANOS CANTIDAD / FEMENINO,2
Chuquisaca,10101,Sucre,2011,7,SOBREPESO EN MAYORES DE 5 ANOS CANTIDAD / FEMENINO,373
La Paz,20603,Tacacoma,2011,7,SOBREPESO EN MAYORES DE 5 ANOS CANTIDAD / FEMENINO,4
Chuquisaca,10601,Tarabuco,2011,7,SOBREPESO EN MAYORES DE 5 ANOS CANTIDAD / FEMENINO,8
Cochabamba,30401,Tarata,2011,7,SOBREPESO EN MAYORES DE 5 ANOS CANTIDAD / FEMENINO,3
Tarija,60101,Tarija,2011,7,SOBREPESO EN MAYORES DE 5 ANOS CANTIDAD / FEMENINO,236
Chuquisaca,10202,Tarvita,2011,7,SOBREPESO EN MAYORES DE 5 ANOS CANTIDAD / FEMENINO,1
La Paz,20803,Tiawanacu,2011,7,SOBREPESO EN MAYORES DE 5 ANOS CANTIDAD / FEMENINO,0
Cochabamba,30903,Tiquipaya,2011,7,SOBREPESO EN MAYORES DE 5 ANOS CANTIDAD / FEMENINO,12
La Paz,21703,Tito Yupanqui (parquipujio),2011,7,SOBREPESO EN MAYORES DE 5 ANOS CANTIDAD / FEMENINO,0
Oruro,41001,Toledo,2011,7,SOBREPESO EN MAYORES DE 5 ANOS CANTIDAD / FEMENINO,2
Cochabamba,31201,Totora(cbba),2011,7,SOBREPESO EN MAYORES DE 5 ANOS CANTIDAD / FEMENINO,7
Beni,80101,Trinidad,2011,7,SOBREPESO EN MAYORES DE 5 ANOS CANTIDAD / FEMENINO,152
Potosí,50801,Tupiza,2011,7,SOBREPESO EN MAYORES DE 5 ANOS CANTIDAD / FEMENINO,112
Potosí,51201,Uyuni,2011,7,SOBREPESO EN MAYORES DE 5 ANOS CANTIDAD / FEMENINO,1
La Paz,20801,Viacha,2011,7,SOBREPESO EN MAYORES DE 5 ANOS CANTIDAD / FEMENINO,17
Cochabamba,31302,Vila Vila,2011,7,SOBREPESO EN MAYORES DE 5 ANOS CANTIDAD / FEMENINO,1
Cochabamba,31003,Villa Tunari,2011,7,SOBREPESO EN MAYORES DE 5 ANOS CANTIDAD / FEMENINO,12
Chuquisaca,11001,Villa Vaca Guzman (muyupampa),2011,7,SOBREPESO EN MAYORES DE 5 ANOS CANTIDAD / FEMENINO,8
Cochabamba,30904,Vinto,2011,7,SOBREPESO EN MAYORES DE 5 ANOS CANTIDAD / FEMENINO,0
Santa Cruz,70201,Warnes,2011,7,SOBREPESO EN MAYORES DE 5 ANOS CANTIDAD / FEMENINO,1
Tarija,60301,Yacuiba,2011,7,SOBREPESO EN MAYORES DE 5 ANOS CANTIDAD / FEMENINO,2
Chuquisaca,10301,Zudañez,2011,7,SOBREPESO EN MAYORES DE 5 ANOS CANTIDAD / FEMENINO,2
La Paz,20201,Achacachi,2011,8,SOBREPESO EN MAYORES DE 5 ANOS CANTIDAD / FEMENINO,0
Cochabamba,30201,Aiquile,2011,8,SOBREPESO EN MAYORES DE 5 ANOS CANTIDAD / FEMENINO,102
La Paz,20701,Apolo,2011,8,SOBREPESO EN MAYORES DE 5 ANOS CANTIDAD / FEMENINO,0
Potosí,50802,Atocha,2011,8,SOBREPESO EN MAYORES DE 5 ANOS CANTIDAD / FEMENINO,0
La Paz,21203,Batallas,2011,8,SOBREPESO EN MAYORES DE 5 ANOS CANTIDAD / FEMENINO,1
Tarija,60202,Bermejo,2011,8,SOBREPESO EN MAYORES DE 5 ANOS CANTIDAD / FEMENINO,1
Potosí,50301,Betanzos,2011,8,SOBREPESO EN MAYORES DE 5 ANOS CANTIDAD / FEMENINO,7
Pando,90103,Bolpebra,2011,8,SOBREPESO EN MAYORES DE 5 ANOS CANTIDAD / FEMENINO,1
Chuquisaca,10701,Camargo,2011,8,SOBREPESO EN MAYORES DE 5 ANOS CANTIDAD / FEMENINO,3
Cochabamba,30701,Capinota,2011,8,SOBREPESO EN MAYORES DE 5 ANOS CANTIDAD / FEMENINO,1
La Paz,22001,Caranavi,2011,8,SOBREPESO EN MAYORES DE 5 ANOS CANTIDAD / FEMENINO,2
Cochabamba,30801,Cliza,2011,8,SOBREPESO EN MAYORES DE 5 ANOS CANTIDAD / FEMENINO,32
Pando,90101,Cobija,2011,8,SOBREPESO EN MAYORES DE 5 ANOS CANTIDAD / FEMENINO,6
Cochabamba,30101,Cochabamba,2011,8,SOBREPESO EN MAYORES DE 5 ANOS CANTIDAD / FEMENINO,722
Cochabamba,30905,Colcapirhua,2011,8,SOBREPESO EN MAYORES DE 5 ANOS CANTIDAD / FEMENINO,43
Santa Cruz,70603,Colpa Belgica,2011,8,SOBREPESO EN MAYORES DE 5 ANOS CANTIDAD / FEMENINO,1
Santa Cruz,71101,Concepcion,2011,8,SOBREPESO EN MAYORES DE 5 ANOS CANTIDAD / FEMENINO,2
La Paz,21401,Coroico,2011,8,SOBREPESO EN MAYORES DE 5 ANOS CANTIDAD / FEMENINO,1
Santa Cruz,70102,Cotoca,2011,8,SOBREPESO EN MAYORES DE 5 ANOS CANTIDAD / FEMENINO,2
Santa Cruz,71106,Cuatro Cañadas,2011,8,SOBREPESO EN MAYORES DE 5 ANOS CANTIDAD / FEMENINO,2
La Paz,20105,El Alto,2011,8,SOBREPESO EN MAYORES DE 5 ANOS CANTIDAD / FEMENINO,739
Santa Cruz,71503,El Puente(stc),2011,8,SOBREPESO EN MAYORES DE 5 ANOS CANTIDAD / FEMENINO,4
Santa Cruz,70105,El Torno,2011,8,SOBREPESO EN MAYORES DE 5 ANOS CANTIDAD / FEMENINO,6
La Paz,21601,Gral. J.j. Perez (charazani),2011,8,SOBREPESO EN MAYORES DE 5 ANOS CANTIDAD / FEMENINO,8
Santa Cruz,70705,Gutierrez,2011,8,SOBREPESO EN MAYORES DE 5 ANOS CANTIDAD / FEMENINO,14
La Paz,20203,Huarina,2011,8,SOBREPESO EN MAYORES DE 5 ANOS CANTIDAD / FEMENINO,2
La Paz,21102,Irupana (villa De Lanza),2011,8,SOBREPESO EN MAYORES DE 5 ANOS CANTIDAD / FEMENINO,1
La Paz,20806,Jesus De Machaca,2011,8,SOBREPESO EN MAYORES DE 5 ANOS CANTIDAD / FEMENINO,1
Santa Cruz,70104,La Guardia,2011,8,SOBREPESO EN MAYORES DE 5 ANOS CANTIDAD / FEMENINO,9
La Paz,20101,La Paz,2011,8,SOBREPESO EN MAYORES DE 5 ANOS CANTIDAD / FEMENINO,1662
Oruro,40702,Machacamarca,2011,8,SOBREPESO EN MAYORES DE 5 ANOS CANTIDAD / FEMENINO,8
Chuquisaca,11003,Machareti,2011,8,SOBREPESO EN MAYORES DE 5 ANOS CANTIDAD / FEMENINO,0
Chuquisaca,10501,Monteagudo,2011,8,SOBREPESO EN MAYORES DE 5 ANOS CANTIDAD / FEMENINO,0
Santa Cruz,71001,Montero,2011,8,SOBREPESO EN MAYORES DE 5 ANOS CANTIDAD / FEMENINO,1
Pando,90401,Nacebe (santa Rosa Del Abuna),2011,8,SOBREPESO EN MAYORES DE 5 ANOS CANTIDAD / FEMENINO,0
Pando,90501,Nuevo Manoa (nueva Esperanza),2011,8,SOBREPESO EN MAYORES DE 5 ANOS CANTIDAD / FEMENINO,1
Oruro,40101,Oruro,2011,8,SOBREPESO EN MAYORES DE 5 ANOS CANTIDAD / FEMENINO,574
Chuquisaca,10401,Padilla,2011,8,SOBREPESO EN MAYORES DE 5 ANOS CANTIDAD / FEMENINO,0
La Paz,20102,Palca,2011,8,SOBREPESO EN MAYORES DE 5 ANOS CANTIDAD / FEMENINO,0
La Paz,21305,Patacamaya,2011,8,SOBREPESO EN MAYORES DE 5 ANOS CANTIDAD / FEMENINO,1
Oruro,40602,Pazña,2011,8,SOBREPESO EN MAYORES DE 5 ANOS CANTIDAD / FEMENINO,4
Santa Cruz,70601,Portachuelo,2011,8,SOBREPESO EN MAYORES DE 5 ANOS CANTIDAD / FEMENINO,42
Potosí,50101,Potosi,2011,8,SOBREPESO EN MAYORES DE 5 ANOS CANTIDAD / FEMENINO,132
Pando,90301,Puerto Gonzalo Moreno,2011,8,SOBREPESO EN MAYORES DE 5 ANOS CANTIDAD / FEMENINO,9
Pando,90201,Puerto Rico,2011,8,SOBREPESO EN MAYORES DE 5 ANOS CANTIDAD / FEMENINO,0
Potosí,51101,Puna,2011,8,SOBREPESO EN MAYORES DE 5 ANOS CANTIDAD / FEMENINO,1
Cochabamba,30901,Quillacollo,2011,8,SOBREPESO EN MAYORES DE 5 ANOS CANTIDAD / FEMENINO,58
Beni,80201,Riberalta,2011,8,SOBREPESO EN MAYORES DE 5 ANOS CANTIDAD / FEMENINO,3
Santa Cruz,70503,Robore,2011,8,SOBREPESO EN MAYORES DE 5 ANOS CANTIDAD / FEMENINO,2
Cochabamba,31001,Sacaba,2011,8,SOBREPESO EN MAYORES DE 5 ANOS CANTIDAD / FEMENINO,161
Cochabamba,31403,San Benito,2011,8,SOBREPESO EN MAYORES DE 5 ANOS CANTIDAD / FEMENINO,3
Beni,80302,San Borja,2011,8,SOBREPESO EN MAYORES DE 5 ANOS CANTIDAD / FEMENINO,2
Santa Cruz,70402,San Carlos,2011,8,SOBREPESO EN MAYORES DE 5 ANOS CANTIDAD / FEMENINO,8
Beni,80501,San Ignacio,2011,8,SOBREPESO EN MAYORES DE 5 ANOS CANTIDAD / FEMENINO,2
Santa Cruz,70404,San Juan De Yapacani,2011,8,SOBREPESO EN MAYORES DE 5 ANOS CANTIDAD / FEMENINO,1
Chuquisaca,10702,San Lucas,2011,8,SOBREPESO EN MAYORES DE 5 ANOS CANTIDAD / FEMENINO,4
Santa Cruz,70302,San Miguel De Velasco,2011,8,SOBREPESO EN MAYORES DE 5 ANOS CANTIDAD / FEMENINO,3
Santa Cruz,70101,Santa Cruz De La Sierra,2011,8,SOBREPESO EN MAYORES DE 5 ANOS CANTIDAD / FEMENINO,394
Cochabamba,31602,Shinaota,2011,8,SOBREPESO EN MAYORES DE 5 ANOS CANTIDAD / FEMENINO,130
Cochabamba,30902,Sipe Sipe,2011,8,SOBREPESO EN MAYORES DE 5 ANOS CANTIDAD / FEMENINO,2
Oruro,40104,Soracachi,2011,8,SOBREPESO EN MAYORES DE 5 ANOS CANTIDAD / FEMENINO,1
Chuquisaca,10101,Sucre,2011,8,SOBREPESO EN MAYORES DE 5 ANOS CANTIDAD / FEMENINO,237
La Paz,20603,Tacacoma,2011,8,SOBREPESO EN MAYORES DE 5 ANOS CANTIDAD / FEMENINO,0
Chuquisaca,10601,Tarabuco,2011,8,SOBREPESO EN MAYORES DE 5 ANOS CANTIDAD / FEMENINO,1
Tarija,60101,Tarija,2011,8,SOBREPESO EN MAYORES DE 5 ANOS CANTIDAD / FEMENINO,328
La Paz,20608,Teoponte,2011,8,SOBREPESO EN MAYORES DE 5 ANOS CANTIDAD / FEMENINO,2
La Paz,20803,Tiawanacu,2011,8,SOBREPESO EN MAYORES DE 5 ANOS CANTIDAD / FEMENINO,0
La Paz,20606,Tipuani,2011,8,SOBREPESO EN MAYORES DE 5 ANOS CANTIDAD / FEMENINO,0
Cochabamba,30903,Tiquipaya,2011,8,SOBREPESO EN MAYORES DE 5 ANOS CANTIDAD / FEMENINO,26
Oruro,41001,Toledo,2011,8,SOBREPESO EN MAYORES DE 5 ANOS CANTIDAD / FEMENINO,2
Chuquisaca,10402,Tomina,2011,8,SOBREPESO EN MAYORES DE 5 ANOS CANTIDAD / FEMENINO,1
Cochabamba,31201,Totora(cbba),2011,8,SOBREPESO EN MAYORES DE 5 ANOS CANTIDAD / FEMENINO,4
Beni,80101,Trinidad,2011,8,SOBREPESO EN MAYORES DE 5 ANOS CANTIDAD / FEMENINO,80
Potosí,50801,Tupiza,2011,8,SOBREPESO EN MAYORES DE 5 ANOS CANTIDAD / FEMENINO,95
Potosí,51201,Uyuni,2011,8,SOBREPESO EN MAYORES DE 5 ANOS CANTIDAD / FEMENINO,2
La Paz,20801,Viacha,2011,8,SOBREPESO EN MAYORES DE 5 ANOS CANTIDAD / FEMENINO,27
Tarija,60303,Villa Montes,2011,8,SOBREPESO EN MAYORES DE 5 ANOS CANTIDAD / FEMENINO,1
Pando,90502,Villa Nueva (loma Alta),2011,8,SOBREPESO EN MAYORES DE 5 ANOS CANTIDAD / FEMENINO,2
Cochabamba,31402,Villa Rivero,2011,8,SOBREPESO EN MAYORES DE 5 ANOS CANTIDAD / FEMENINO,1
Cochabamba,31003,Villa Tunari,2011,8,SOBREPESO EN MAYORES DE 5 ANOS CANTIDAD / FEMENINO,3
Chuquisaca,11001,Villa Vaca Guzman (muyupampa),2011,8,SOBREPESO EN MAYORES DE 5 ANOS CANTIDAD / FEMENINO,2
Potosí,51501,Villazon,2011,8,SOBREPESO EN MAYORES DE 5 ANOS CANTIDAD / FEMENINO,0
Cochabamba,30904,Vinto,2011,8,SOBREPESO EN MAYORES DE 5 ANOS CANTIDAD / FEMENINO,3
Santa Cruz,70201,Warnes,2011,8,SOBREPESO EN MAYORES DE 5 ANOS CANTIDAD / FEMENINO,1
Tarija,60301,Yacuiba,2011,8,SOBREPESO EN MAYORES DE 5 ANOS CANTIDAD / FEMENINO,1
Chuquisaca,10102,Yotala,2011,8,SOBREPESO EN MAYORES DE 5 ANOS CANTIDAD / FEMENINO,13
La Paz,20201,Achacachi,2011,9,SOBREPESO EN MAYORES DE 5 ANOS CANTIDAD / FEMENINO,9
Cochabamba,30201,Aiquile,2011,9,SOBREPESO EN MAYORES DE 5 ANOS CANTIDAD / FEMENINO,70
Chuquisaca,10404,Alcala,2011,9,SOBREPESO EN MAYORES DE 5 ANOS CANTIDAD / FEMENINO,1
Oruro,41201,Andamarca,2011,9,SOBREPESO EN MAYORES DE 5 ANOS CANTIDAD / FEMENINO,1
Cochabamba,30402,Anzaldo,2011,9,SOBREPESO EN MAYORES DE 5 ANOS CANTIDAD / FEMENINO,1
La Paz,20701,Apolo,2011,9,SOBREPESO EN MAYORES DE 5 ANOS CANTIDAD / FEMENINO,1
Cochabamba,30403,Arbieto,2011,9,SOBREPESO EN MAYORES DE 5 ANOS CANTIDAD / FEMENINO,0
Tarija,60202,Bermejo,2011,9,SOBREPESO EN MAYORES DE 5 ANOS CANTIDAD / FEMENINO,12
Potosí,50301,Betanzos,2011,9,SOBREPESO EN MAYORES DE 5 ANOS CANTIDAD / FEMENINO,7
Santa Cruz,70703,Cabezas,2011,9,SOBREPESO EN MAYORES DE 5 ANOS CANTIDAD / FEMENINO,3
Santa Cruz,70706,Camiri,2011,9,SOBREPESO EN MAYORES DE 5 ANOS CANTIDAD / FEMENINO,1
Cochabamba,30701,Capinota,2011,9,SOBREPESO EN MAYORES DE 5 ANOS CANTIDAD / FEMENINO,0
La Paz,22001,Caranavi,2011,9,SOBREPESO EN MAYORES DE 5 ANOS CANTIDAD / FEMENINO,1
Cochabamba,30801,Cliza,2011,9,SOBREPESO EN MAYORES DE 5 ANOS CANTIDAD / FEMENINO,31
Pando,90101,Cobija,2011,9,SOBREPESO EN MAYORES DE 5 ANOS CANTIDAD / FEMENINO,0
Cochabamba,30101,Cochabamba,2011,9,SOBREPESO EN MAYORES DE 5 ANOS CANTIDAD / FEMENINO,434
Cochabamba,30905,Colcapirhua,2011,9,SOBREPESO EN MAYORES DE 5 ANOS CANTIDAD / FEMENINO,56
Santa Cruz,71301,Comarapa,2011,9,SOBREPESO EN MAYORES DE 5 ANOS CANTIDAD / FEMENINO,1
Santa Cruz,70102,Cotoca,2011,9,SOBREPESO EN MAYORES DE 5 ANOS CANTIDAD / FEMENINO,3
Santa Cruz,71106,Cuatro Cañadas,2011,9,SOBREPESO EN MAYORES DE 5 ANOS CANTIDAD / FEMENINO,2
La Paz,20105,El Alto,2011,9,SOBREPESO EN MAYORES DE 5 ANOS CANTIDAD / FEMENINO,713
Santa Cruz,71503,El Puente(stc),2011,9,SOBREPESO EN MAYORES DE 5 ANOS CANTIDAD / FEMENINO,2
Santa Cruz,70105,El Torno,2011,9,SOBREPESO EN MAYORES DE 5 ANOS CANTIDAD / FEMENINO,2
Cochabamba,31206,Entre Rios Cbba,2011,9,SOBREPESO EN MAYORES DE 5 ANOS CANTIDAD / FEMENINO,59
La Paz,21601,Gral. J.j. Perez (charazani),2011,9,SOBREPESO EN MAYORES DE 5 ANOS CANTIDAD / FEMENINO,1
La Paz,20802,Guaqui,2011,9,SOBREPESO EN MAYORES DE 5 ANOS CANTIDAD / FEMENINO,1
Beni,80202,Guayaramerin,2011,9,SOBREPESO EN MAYORES DE 5 ANOS CANTIDAD / FEMENINO,42
La Paz,21102,Irupana (villa De Lanza),2011,9,SOBREPESO EN MAYORES DE 5 ANOS CANTIDAD / FEMENINO,1
La Paz,20806,Jesus De Machaca,2011,9,SOBREPESO EN MAYORES DE 5 ANOS CANTIDAD / FEMENINO,1
Santa Cruz,70104,La Guardia,2011,9,SOBREPESO EN MAYORES DE 5 ANOS CANTIDAD / FEMENINO,2
La Paz,20101,La Paz,2011,9,SOBREPESO EN MAYORES DE 5 ANOS CANTIDAD / FEMENINO,1431
Beni,80601,Loreto,2011,9,SOBREPESO EN MAYORES DE 5 ANOS CANTIDAD / FEMENINO,1
Oruro,40702,Machacamarca,2011,9,SOBREPESO EN MAYORES DE 5 ANOS CANTIDAD / FEMENINO,2
La Paz,20103,Mecapaca,2011,9,SOBREPESO EN MAYORES DE 5 ANOS CANTIDAD / FEMENINO,2
Santa Cruz,71003,Mineros,2011,9,SOBREPESO EN MAYORES DE 5 ANOS CANTIDAD / FEMENINO,0
Chuquisaca,10501,Monteagudo,2011,9,SOBREPESO EN MAYORES DE 5 ANOS CANTIDAD / FEMENINO,5
Santa Cruz,71001,Montero,2011,9,SOBREPESO EN MAYORES DE 5 ANOS CANTIDAD / FEMENINO,1
Pando,90401,Nacebe (santa Rosa Del Abuna),2011,9,SOBREPESO EN MAYORES DE 5 ANOS CANTIDAD / FEMENINO,0
Oruro,40101,Oruro,2011,9,SOBREPESO EN MAYORES DE 5 ANOS CANTIDAD / FEMENINO,296
Oruro,40602,Pazña,2011,9,SOBREPESO EN MAYORES DE 5 ANOS CANTIDAD / FEMENINO,3
Santa Cruz,70103,Porongo,2011,9,SOBREPESO EN MAYORES DE 5 ANOS CANTIDAD / FEMENINO,3
Santa Cruz,70601,Portachuelo,2011,9,SOBREPESO EN MAYORES DE 5 ANOS CANTIDAD / FEMENINO,31
Potosí,50101,Potosi,2011,9,SOBREPESO EN MAYORES DE 5 ANOS CANTIDAD / FEMENINO,50
La Paz,20401,Puerto Acosta,2011,9,SOBREPESO EN MAYORES DE 5 ANOS CANTIDAD / FEMENINO,1
Pando,90301,Puerto Gonzalo Moreno,2011,9,SOBREPESO EN MAYORES DE 5 ANOS CANTIDAD / FEMENINO,4
La Paz,21204,Puerto Perez,2011,9,SOBREPESO EN MAYORES DE 5 ANOS CANTIDAD / FEMENINO,1
Santa Cruz,71401,Puerto Suarez,2011,9,SOBREPESO EN MAYORES DE 5 ANOS CANTIDAD / FEMENINO,0
Cochabamba,31205,Puerto Villarroel,2011,9,SOBREPESO EN MAYORES DE 5 ANOS CANTIDAD / FEMENINO,1
Cochabamba,31401,Punata,2011,9,SOBREPESO EN MAYORES DE 5 ANOS CANTIDAD / FEMENINO,3
Cochabamba,30901,Quillacollo,2011,9,SOBREPESO EN MAYORES DE 5 ANOS CANTIDAD / FEMENINO,63
Beni,80201,Riberalta,2011,9,SOBREPESO EN MAYORES DE 5 ANOS CANTIDAD / FEMENINO,2
Cochabamba,31001,Sacaba,2011,9,SOBREPESO EN MAYORES DE 5 ANOS CANTIDAD / FEMENINO,126
Cochabamba,31403,San Benito,2011,9,SOBREPESO EN MAYORES DE 5 ANOS CANTIDAD / FEMENINO,1
Beni,80302,San Borja,2011,9,SOBREPESO EN MAYORES DE 5 ANOS CANTIDAD / FEMENINO,5
Santa Cruz,70402,San Carlos,2011,9,SOBREPESO EN MAYORES DE 5 ANOS CANTIDAD / FEMENINO,23
Beni,80501,San Ignacio,2011,9,SOBREPESO EN MAYORES DE 5 ANOS CANTIDAD / FEMENINO,2
Santa Cruz,70301,San Ignacio De Velasco,2011,9,SOBREPESO EN MAYORES DE 5 ANOS CANTIDAD / FEMENINO,1
Beni,80102,San Javier(bni),2011,9,SOBREPESO EN MAYORES DE 5 ANOS CANTIDAD / FEMENINO,0
Santa Cruz,70501,San Jose De Chiquitos,2011,9,SOBREPESO EN MAYORES DE 5 ANOS CANTIDAD / FEMENINO,1
Santa Cruz,70302,San Miguel De Velasco,2011,9,SOBREPESO EN MAYORES DE 5 ANOS CANTIDAD / FEMENINO,1
Beni,80401,Santa Ana,2011,9,SOBREPESO EN MAYORES DE 5 ANOS CANTIDAD / FEMENINO,0
Santa Cruz,70101,Santa Cruz De La Sierra,2011,9,SOBREPESO EN MAYORES DE 5 ANOS CANTIDAD / FEMENINO,456
Santa Cruz,70602,Santa Rosa Del Sara,2011,9,SOBREPESO EN MAYORES DE 5 ANOS CANTIDAD / FEMENINO,1
Cochabamba,31602,Shinaota,2011,9,SOBREPESO EN MAYORES DE 5 ANOS CANTIDAD / FEMENINO,99
Cochabamba,30902,Sipe Sipe,2011,9,SOBREPESO EN MAYORES DE 5 ANOS CANTIDAD / FEMENINO,1
La Paz,20601,Sorata,2011,9,SOBREPESO EN MAYORES DE 5 ANOS CANTIDAD / FEMENINO,1
Chuquisaca,10101,Sucre,2011,9,SOBREPESO EN MAYORES DE 5 ANOS CANTIDAD / FEMENINO,238
Tarija,60101,Tarija,2011,9,SOBREPESO EN MAYORES DE 5 ANOS CANTIDAD / FEMENINO,273
La Paz,20606,Tipuani,2011,9,SOBREPESO EN MAYORES DE 5 ANOS CANTIDAD / FEMENINO,63
Cochabamba,30903,Tiquipaya,2011,9,SOBREPESO EN MAYORES DE 5 ANOS CANTIDAD / FEMENINO,13
Chuquisaca,10402,Tomina,2011,9,SOBREPESO EN MAYORES DE 5 ANOS CANTIDAD / FEMENINO,1
Cochabamba,31201,Totora(cbba),2011,9,SOBREPESO EN MAYORES DE 5 ANOS CANTIDAD / FEMENINO,5
Beni,80101,Trinidad,2011,9,SOBREPESO EN MAYORES DE 5 ANOS CANTIDAD / FEMENINO,102
Potosí,50801,Tupiza,2011,9,SOBREPESO EN MAYORES DE 5 ANOS CANTIDAD / FEMENINO,138
Potosí,51201,Uyuni,2011,9,SOBREPESO EN MAYORES DE 5 ANOS CANTIDAD / FEMENINO,7
Cochabamba,30502,Vacas,2011,9,SOBREPESO EN MAYORES DE 5 ANOS CANTIDAD / FEMENINO,0
La Paz,20801,Viacha,2011,9,SOBREPESO EN MAYORES DE 5 ANOS CANTIDAD / FEMENINO,30
Cochabamba,31302,Vila Vila,2011,9,SOBREPESO EN MAYORES DE 5 ANOS CANTIDAD / FEMENINO,2
Pando,90502,Villa Nueva (loma Alta),2011,9,SOBREPESO EN MAYORES DE 5 ANOS CANTIDAD / FEMENINO,0
Cochabamba,31402,Villa Rivero,2011,9,SOBREPESO EN MAYORES DE 5 ANOS CANTIDAD / FEMENINO,1
Cochabamba,31003,Villa Tunari,2011,9,SOBREPESO EN MAYORES DE 5 ANOS CANTIDAD / FEMENINO,2
Cochabamba,30904,Vinto,2011,9,SOBREPESO EN MAYORES DE 5 ANOS CANTIDAD / FEMENINO,4
Santa Cruz,70201,Warnes,2011,9,SOBREPESO EN MAYORES DE 5 ANOS CANTIDAD / FEMENINO,1
Tarija,60301,Yacuiba,2011,9,SOBREPESO EN MAYORES DE 5 ANOS CANTIDAD / FEMENINO,0
Santa Cruz,70403,Yapacani,2011,9,SOBREPESO EN MAYORES DE 5 ANOS CANTIDAD / FEMENINO,1
Chuquisaca,10102,Yotala,2011,9,SOBREPESO EN MAYORES DE 5 ANOS CANTIDAD / FEMENINO,16
Cochabamba,30201,Aiquile,2011,10,SOBREPESO EN MAYORES DE 5 ANOS CANTIDAD / FEMENINO,74
Potosí,50802,Atocha,2011,10,SOBREPESO EN MAYORES DE 5 ANOS CANTIDAD / FEMENINO,1
Beni,80802,Baures,2011,10,SOBREPESO EN MAYORES DE 5 ANOS CANTIDAD / FEMENINO,1
Tarija,60202,Bermejo,2011,10,SOBREPESO EN MAYORES DE 5 ANOS CANTIDAD / FEMENINO,2
Potosí,50301,Betanzos,2011,10,SOBREPESO EN MAYORES DE 5 ANOS CANTIDAD / FEMENINO,11
Pando,90103,Bolpebra,2011,10,SOBREPESO EN MAYORES DE 5 ANOS CANTIDAD / FEMENINO,1
Chuquisaca,10701,Camargo,2011,10,SOBREPESO EN MAYORES DE 5 ANOS CANTIDAD / FEMENINO,9
Cochabamba,30701,Capinota,2011,10,SOBREPESO EN MAYORES DE 5 ANOS CANTIDAD / FEMENINO,1
La Paz,22001,Caranavi,2011,10,SOBREPESO EN MAYORES DE 5 ANOS CANTIDAD / FEMENINO,50
Santa Cruz,71403,Carmen Rivero Torrez,2011,10,SOBREPESO EN MAYORES DE 5 ANOS CANTIDAD / FEMENINO,1
La Paz,21101,Chulumani (v. De La Libertad),2011,10,SOBREPESO EN MAYORES DE 5 ANOS CANTIDAD / FEMENINO,1
Cochabamba,30801,Cliza,2011,10,SOBREPESO EN MAYORES DE 5 ANOS CANTIDAD / FEMENINO,24
Pando,90101,Cobija,2011,10,SOBREPESO EN MAYORES DE 5 ANOS CANTIDAD / FEMENINO,38
Cochabamba,30101,Cochabamba,2011,10,SOBREPESO EN MAYORES DE 5 ANOS CANTIDAD / FEMENINO,666
Cochabamba,30905,Colcapirhua,2011,10,SOBREPESO EN MAYORES DE 5 ANOS CANTIDAD / FEMENINO,62
Santa Cruz,70603,Colpa Belgica,2011,10,SOBREPESO EN MAYORES DE 5 ANOS CANTIDAD / FEMENINO,5
La Paz,21004,Colquiri,2011,10,SOBREPESO EN MAYORES DE 5 ANOS CANTIDAD / FEMENINO,1
La Paz,21402,Coripata,2011,10,SOBREPESO EN MAYORES DE 5 ANOS CANTIDAD / FEMENINO,10
La Paz,21401,Coroico,2011,10,SOBREPESO EN MAYORES DE 5 ANOS CANTIDAD / FEMENINO,9
Potosí,50601,Cotagaita,2011,10,SOBREPESO EN MAYORES DE 5 ANOS CANTIDAD / FEMENINO,1
Santa Cruz,70102,Cotoca,2011,10,SOBREPESO EN MAYORES DE 5 ANOS CANTIDAD / FEMENINO,0
Santa Cruz,71106,Cuatro Cañadas,2011,10,SOBREPESO EN MAYORES DE 5 ANOS CANTIDAD / FEMENINO,0
La Paz,20105,El Alto,2011,10,SOBREPESO EN MAYORES DE 5 ANOS CANTIDAD / FEMENINO,696
Santa Cruz,71503,El Puente(stc),2011,10,SOBREPESO EN MAYORES DE 5 ANOS CANTIDAD / FEMENINO,7
Santa Cruz,71004,Fernandez Alonso,2011,10,SOBREPESO EN MAYORES DE 5 ANOS CANTIDAD / FEMENINO,1
Beni,80202,Guayaramerin,2011,10,SOBREPESO EN MAYORES DE 5 ANOS CANTIDAD / FEMENINO,8
Santa Cruz,70705,Gutierrez,2011,10,SOBREPESO EN MAYORES DE 5 ANOS CANTIDAD / FEMENINO,7
La Paz,21102,Irupana (villa De Lanza),2011,10,SOBREPESO EN MAYORES DE 5 ANOS CANTIDAD / FEMENINO,1
La Paz,21105,La Asunta,2011,10,SOBREPESO EN MAYORES DE 5 ANOS CANTIDAD / FEMENINO,3
Santa Cruz,70104,La Guardia,2011,10,SOBREPESO EN MAYORES DE 5 ANOS CANTIDAD / FEMENINO,1
La Paz,20101,La Paz,2011,10,SOBREPESO EN MAYORES DE 5 ANOS CANTIDAD / FEMENINO,1467
Oruro,40702,Machacamarca,2011,10,SOBREPESO EN MAYORES DE 5 ANOS CANTIDAD / FEMENINO,4
La Paz,20103,Mecapaca,2011,10,SOBREPESO EN MAYORES DE 5 ANOS CANTIDAD / FEMENINO,8
Chuquisaca,10501,Monteagudo,2011,10,SOBREPESO EN MAYORES DE 5 ANOS CANTIDAD / FEMENINO,7
Santa Cruz,71001,Montero,2011,10,SOBREPESO EN MAYORES DE 5 ANOS CANTIDAD / FEMENINO,53
Santa Cruz,70803,Moro Moro,2011,10,SOBREPESO EN MAYORES DE 5 ANOS CANTIDAD / FEMENINO,2
Pando,90501,Nuevo Manoa (nueva Esperanza),2011,10,SOBREPESO EN MAYORES DE 5 ANOS CANTIDAD / FEMENINO,1
Oruro,40101,Oruro,2011,10,SOBREPESO EN MAYORES DE 5 ANOS CANTIDAD / FEMENINO,218
Tarija,60201,Padcaya,2011,10,SOBREPESO EN MAYORES DE 5 ANOS CANTIDAD / FEMENINO,1
Oruro,40602,Pazña,2011,10,SOBREPESO EN MAYORES DE 5 ANOS CANTIDAD / FEMENINO,1
Santa Cruz,70103,Porongo,2011,10,SOBREPESO EN MAYORES DE 5 ANOS CANTIDAD / FEMENINO,4
Santa Cruz,70601,Portachuelo,2011,10,SOBREPESO EN MAYORES DE 5 ANOS CANTIDAD / FEMENINO,34
Potosí,50101,Potosi,2011,10,SOBREPESO EN MAYORES DE 5 ANOS CANTIDAD / FEMENINO,49
La Paz,21201,Pucarani,2011,10,SOBREPESO EN MAYORES DE 5 ANOS CANTIDAD / FEMENINO,0
Pando,90301,Puerto Gonzalo Moreno,2011,10,SOBREPESO EN MAYORES DE 5 ANOS CANTIDAD / FEMENINO,4
Santa Cruz,71402,Puerto Quijarro,2011,10,SOBREPESO EN MAYORES DE 5 ANOS CANTIDAD / FEMENINO,1
Cochabamba,31205,Puerto Villarroel,2011,10,SOBREPESO EN MAYORES DE 5 ANOS CANTIDAD / FEMENINO,0
Cochabamba,31401,Punata,2011,10,SOBREPESO EN MAYORES DE 5 ANOS CANTIDAD / FEMENINO,1
Cochabamba,30901,Quillacollo,2011,10,SOBREPESO EN MAYORES DE 5 ANOS CANTIDAD / FEMENINO,62
Beni,80201,Riberalta,2011,10,SOBREPESO EN MAYORES DE 5 ANOS CANTIDAD / FEMENINO,52
Santa Cruz,70503,Robore,2011,10,SOBREPESO EN MAYORES DE 5 ANOS CANTIDAD / FEMENINO,1
Cochabamba,31001,Sacaba,2011,10,SOBREPESO EN MAYORES DE 5 ANOS CANTIDAD / FEMENINO,108
Cochabamba,31403,San Benito,2011,10,SOBREPESO EN MAYORES DE 5 ANOS CANTIDAD / FEMENINO,0
Beni,80302,San Borja,2011,10,SOBREPESO EN MAYORES DE 5 ANOS CANTIDAD / FEMENINO,6
Beni,80501,San Ignacio,2011,10,SOBREPESO EN MAYORES DE 5 ANOS CANTIDAD / FEMENINO,3
Chuquisaca,10702,San Lucas,2011,10,SOBREPESO EN MAYORES DE 5 ANOS CANTIDAD / FEMENINO,0
Santa Cruz,70302,San Miguel De Velasco,2011,10,SOBREPESO EN MAYORES DE 5 ANOS CANTIDAD / FEMENINO,8
Santa Cruz,70101,Santa Cruz De La Sierra,2011,10,SOBREPESO EN MAYORES DE 5 ANOS CANTIDAD / FEMENINO,346
Santa Cruz,70602,Santa Rosa Del Sara,2011,10,SOBREPESO EN MAYORES DE 5 ANOS CANTIDAD / FEMENINO,13
Cochabamba,31602,Shinaota,2011,10,SOBREPESO EN MAYORES DE 5 ANOS CANTIDAD / FEMENINO,122
Cochabamba,30902,Sipe Sipe,2011,10,SOBREPESO EN MAYORES DE 5 ANOS CANTIDAD / FEMENINO,0
Oruro,40104,Soracachi,2011,10,SOBREPESO EN MAYORES DE 5 ANOS CANTIDAD / FEMENINO,1
La Paz,20601,Sorata,2011,10,SOBREPESO EN MAYORES DE 5 ANOS CANTIDAD / FEMENINO,1
Chuquisaca,10101,Sucre,2011,10,SOBREPESO EN MAYORES DE 5 ANOS CANTIDAD / FEMENINO,254
La Paz,20603,Tacacoma,2011,10,SOBREPESO EN MAYORES DE 5 ANOS CANTIDAD / FEMENINO,1
Cochabamba,30401,Tarata,2011,10,SOBREPESO EN MAYORES DE 5 ANOS CANTIDAD / FEMENINO,0
Tarija,60101,Tarija,2011,10,SOBREPESO EN MAYORES DE 5 ANOS CANTIDAD / FEMENINO,274
Cochabamba,30903,Tiquipaya,2011,10,SOBREPESO EN MAYORES DE 5 ANOS CANTIDAD / FEMENINO,15
Chuquisaca,10402,Tomina,2011,10,SOBREPESO EN MAYORES DE 5 ANOS CANTIDAD / FEMENINO,1
Cochabamba,31201,Totora(cbba),2011,10,SOBREPESO EN MAYORES DE 5 ANOS CANTIDAD / FEMENINO,4
Beni,80101,Trinidad,2011,10,SOBREPESO EN MAYORES DE 5 ANOS CANTIDAD / FEMENINO,175
Potosí,50801,Tupiza,2011,10,SOBREPESO EN MAYORES DE 5 ANOS CANTIDAD / FEMENINO,51
Cochabamba,30502,Vacas,2011,10,SOBREPESO EN MAYORES DE 5 ANOS CANTIDAD / FEMENINO,3
La Paz,20801,Viacha,2011,10,SOBREPESO EN MAYORES DE 5 ANOS CANTIDAD / FEMENINO,16
Cochabamba,31302,Vila Vila,2011,10,SOBREPESO EN MAYORES DE 5 ANOS CANTIDAD / FEMENINO,1
Tarija,60303,Villa Montes,2011,10,SOBREPESO EN MAYORES DE 5 ANOS CANTIDAD / FEMENINO,1
Pando,90502,Villa Nueva (loma Alta),2011,10,SOBREPESO EN MAYORES DE 5 ANOS CANTIDAD / FEMENINO,0
Chuquisaca,10801,Villa Serrano,2011,10,SOBREPESO EN MAYORES DE 5 ANOS CANTIDAD / FEMENINO,0
Cochabamba,31003,Villa Tunari,2011,10,SOBREPESO EN MAYORES DE 5 ANOS CANTIDAD / FEMENINO,6
Potosí,51501,Villazon,2011,10,SOBREPESO EN MAYORES DE 5 ANOS CANTIDAD / FEMENINO,5
Cochabamba,30904,Vinto,2011,10,SOBREPESO EN MAYORES DE 5 ANOS CANTIDAD / FEMENINO,0
Santa Cruz,70201,Warnes,2011,10,SOBREPESO EN MAYORES DE 5 ANOS CANTIDAD / FEMENINO,5
Tarija,60301,Yacuiba,2011,10,SOBREPESO EN MAYORES DE 5 ANOS CANTIDAD / FEMENINO,3
Santa Cruz,70403,Yapacani,2011,10,SOBREPESO EN MAYORES DE 5 ANOS CANTIDAD / FEMENINO,0
Cochabamba,30201,Aiquile,2011,11,SOBREPESO EN MAYORES DE 5 ANOS CANTIDAD / FEMENINO,49
La Paz,22002,Alto Beni,2011,11,SOBREPESO EN MAYORES DE 5 ANOS CANTIDAD / FEMENINO,0
Cochabamba,30501,Arani,2011,11,SOBREPESO EN MAYORES DE 5 ANOS CANTIDAD / FEMENINO,0
Chuquisaca,10201,Azurduy,2011,11,SOBREPESO EN MAYORES DE 5 ANOS CANTIDAD / FEMENINO,1
Potosí,50301,Betanzos,2011,11,SOBREPESO EN MAYORES DE 5 ANOS CANTIDAD / FEMENINO,13
La Paz,21304,Calamarca,2011,11,SOBREPESO EN MAYORES DE 5 ANOS CANTIDAD / FEMENINO,1
Chuquisaca,10701,Camargo,2011,11,SOBREPESO EN MAYORES DE 5 ANOS CANTIDAD / FEMENINO,0
Cochabamba,30701,Capinota,2011,11,SOBREPESO EN MAYORES DE 5 ANOS CANTIDAD / FEMENINO,3
Oruro,40102,Caracollo,2011,11,SOBREPESO EN MAYORES DE 5 ANOS CANTIDAD / FEMENINO,2
La Paz,22001,Caranavi,2011,11,SOBREPESO EN MAYORES DE 5 ANOS CANTIDAD / FEMENINO,40
Tarija,60302,Carapari,2011,11,SOBREPESO EN MAYORES DE 5 ANOS CANTIDAD / FEMENINO,0
La Paz,21101,Chulumani (v. De La Libertad),2011,11,SOBREPESO EN MAYORES DE 5 ANOS CANTIDAD / FEMENINO,0
Cochabamba,30801,Cliza,2011,11,SOBREPESO EN MAYORES DE 5 ANOS CANTIDAD / FEMENINO,17
Pando,90101,Cobija,2011,11,SOBREPESO EN MAYORES DE 5 ANOS CANTIDAD / FEMENINO,2
Cochabamba,30101,Cochabamba,2011,11,SOBREPESO EN MAYORES DE 5 ANOS CANTIDAD / FEMENINO,779
Cochabamba,30905,Colcapirhua,2011,11,SOBREPESO EN MAYORES DE 5 ANOS CANTIDAD / FEMENINO,46
La Paz,21402,Coripata,2011,11,SOBREPESO EN MAYORES DE 5 ANOS CANTIDAD / FEMENINO,8
La Paz,20301,Coro Coro,2011,11,SOBREPESO EN MAYORES DE 5 ANOS CANTIDAD / FEMENINO,1
La Paz,21401,Coroico,2011,11,SOBREPESO EN MAYORES DE 5 ANOS CANTIDAD / FEMENINO,3
Santa Cruz,71106,Cuatro Cañadas,2011,11,SOBREPESO EN MAYORES DE 5 ANOS CANTIDAD / FEMENINO,1
La Paz,20804,Desaguadero,2011,11,SOBREPESO EN MAYORES DE 5 ANOS CANTIDAD / FEMENINO,0
La Paz,20105,El Alto,2011,11,SOBREPESO EN MAYORES DE 5 ANOS CANTIDAD / FEMENINO,566
Santa Cruz,71503,El Puente(stc),2011,11,SOBREPESO EN MAYORES DE 5 ANOS CANTIDAD / FEMENINO,5
Santa Cruz,70105,El Torno,2011,11,SOBREPESO EN MAYORES DE 5 ANOS CANTIDAD / FEMENINO,5
Beni,80202,Guayaramerin,2011,11,SOBREPESO EN MAYORES DE 5 ANOS CANTIDAD / FEMENINO,16
Santa Cruz,70705,Gutierrez,2011,11,SOBREPESO EN MAYORES DE 5 ANOS CANTIDAD / FEMENINO,18
Santa Cruz,70104,La Guardia,2011,11,SOBREPESO EN MAYORES DE 5 ANOS CANTIDAD / FEMENINO,2
La Paz,20101,La Paz,2011,11,SOBREPESO EN MAYORES DE 5 ANOS CANTIDAD / FEMENINO,1025
La Paz,21202,Laja,2011,11,SOBREPESO EN MAYORES DE 5 ANOS CANTIDAD / FEMENINO,1
Oruro,40702,Machacamarca,2011,11,SOBREPESO EN MAYORES DE 5 ANOS CANTIDAD / FEMENINO,3
Chuquisaca,11003,Machareti,2011,11,SOBREPESO EN MAYORES DE 5 ANOS CANTIDAD / FEMENINO,1
Potosí,51002,Mojinete,2011,11,SOBREPESO EN MAYORES DE 5 ANOS CANTIDAD / FEMENINO,0
Chuquisaca,10501,Monteagudo,2011,11,SOBREPESO EN MAYORES DE 5 ANOS CANTIDAD / FEMENINO,6
Santa Cruz,71001,Montero,2011,11,SOBREPESO EN MAYORES DE 5 ANOS CANTIDAD / FEMENINO,9
Santa Cruz,70803,Moro Moro,2011,11,SOBREPESO EN MAYORES DE 5 ANOS CANTIDAD / FEMENINO,3
Cochabamba,30203,Omereque,2011,11,SOBREPESO EN MAYORES DE 5 ANOS CANTIDAD / FEMENINO,2
Oruro,40101,Oruro,2011,11,SOBREPESO EN MAYORES DE 5 ANOS CANTIDAD / FEMENINO,165
La Paz,21104,Palos Blancos,2011,11,SOBREPESO EN MAYORES DE 5 ANOS CANTIDAD / FEMENINO,3
La Paz,21305,Patacamaya,2011,11,SOBREPESO EN MAYORES DE 5 ANOS CANTIDAD / FEMENINO,0
Santa Cruz,70103,Porongo,2011,11,SOBREPESO EN MAYORES DE 5 ANOS CANTIDAD / FEMENINO,2
Santa Cruz,70601,Portachuelo,2011,11,SOBREPESO EN MAYORES DE 5 ANOS CANTIDAD / FEMENINO,45
Potosí,50101,Potosi,2011,11,SOBREPESO EN MAYORES DE 5 ANOS CANTIDAD / FEMENINO,41
La Paz,21201,Pucarani,2011,11,SOBREPESO EN MAYORES DE 5 ANOS CANTIDAD / FEMENINO,1
Pando,90301,Puerto Gonzalo Moreno,2011,11,SOBREPESO EN MAYORES DE 5 ANOS CANTIDAD / FEMENINO,12
La Paz,21204,Puerto Perez,2011,11,SOBREPESO EN MAYORES DE 5 ANOS CANTIDAD / FEMENINO,0
Pando,90201,Puerto Rico,2011,11,SOBREPESO EN MAYORES DE 5 ANOS CANTIDAD / FEMENINO,0
Cochabamba,31205,Puerto Villarroel,2011,11,SOBREPESO EN MAYORES DE 5 ANOS CANTIDAD / FEMENINO,1
Cochabamba,31401,Punata,2011,11,SOBREPESO EN MAYORES DE 5 ANOS CANTIDAD / FEMENINO,1
Cochabamba,30901,Quillacollo,2011,11,SOBREPESO EN MAYORES DE 5 ANOS CANTIDAD / FEMENINO,81
Beni,80201,Riberalta,2011,11,SOBREPESO EN MAYORES DE 5 ANOS CANTIDAD / FEMENINO,13
Cochabamba,31001,Sacaba,2011,11,SOBREPESO EN MAYORES DE 5 ANOS CANTIDAD / FEMENINO,61
Cochabamba,30404,Sacabamba,2011,11,SOBREPESO EN MAYORES DE 5 ANOS CANTIDAD / FEMENINO,0
Cochabamba,31403,San Benito,2011,11,SOBREPESO EN MAYORES DE 5 ANOS CANTIDAD / FEMENINO,7
Beni,80302,San Borja,2011,11,SOBREPESO EN MAYORES DE 5 ANOS CANTIDAD / FEMENINO,54
Beni,80501,San Ignacio,2011,11,SOBREPESO EN MAYORES DE 5 ANOS CANTIDAD / FEMENINO,2
Santa Cruz,70301,San Ignacio De Velasco,2011,11,SOBREPESO EN MAYORES DE 5 ANOS CANTIDAD / FEMENINO,3
Chuquisaca,10702,San Lucas,2011,11,SOBREPESO EN MAYORES DE 5 ANOS CANTIDAD / FEMENINO,3
Santa Cruz,70302,San Miguel De Velasco,2011,11,SOBREPESO EN MAYORES DE 5 ANOS CANTIDAD / FEMENINO,3
Beni,80401,Santa Ana,2011,11,SOBREPESO EN MAYORES DE 5 ANOS CANTIDAD / FEMENINO,1
Santa Cruz,70101,Santa Cruz De La Sierra,2011,11,SOBREPESO EN MAYORES DE 5 ANOS CANTIDAD / FEMENINO,224
Santa Cruz,70602,Santa Rosa Del Sara,2011,11,SOBREPESO EN MAYORES DE 5 ANOS CANTIDAD / FEMENINO,1
Cochabamba,31602,Shinaota,2011,11,SOBREPESO EN MAYORES DE 5 ANOS CANTIDAD / FEMENINO,121
Cochabamba,30902,Sipe Sipe,2011,11,SOBREPESO EN MAYORES DE 5 ANOS CANTIDAD / FEMENINO,1
Oruro,40104,Soracachi,2011,11,SOBREPESO EN MAYORES DE 5 ANOS CANTIDAD / FEMENINO,3
La Paz,20601,Sorata,2011,11,SOBREPESO EN MAYORES DE 5 ANOS CANTIDAD / FEMENINO,0
Chuquisaca,10101,Sucre,2011,11,SOBREPESO EN MAYORES DE 5 ANOS CANTIDAD / FEMENINO,341
Tarija,60101,Tarija,2011,11,SOBREPESO EN MAYORES DE 5 ANOS CANTIDAD / FEMENINO,263
La Paz,20803,Tiawanacu,2011,11,SOBREPESO EN MAYORES DE 5 ANOS CANTIDAD / FEMENINO,0
Cochabamba,30903,Tiquipaya,2011,11,SOBREPESO EN MAYORES DE 5 ANOS CANTIDAD / FEMENINO,18
Cochabamba,30802,Toco,2011,11,SOBREPESO EN MAYORES DE 5 ANOS CANTIDAD / FEMENINO,1
Chuquisaca,10402,Tomina,2011,11,SOBREPESO EN MAYORES DE 5 ANOS CANTIDAD / FEMENINO,1
Cochabamba,31201,Totora(cbba),2011,11,SOBREPESO EN MAYORES DE 5 ANOS CANTIDAD / FEMENINO,14
Oruro,41301,Totora(orr),2011,11,SOBREPESO EN MAYORES DE 5 ANOS CANTIDAD / FEMENINO,1
Beni,80101,Trinidad,2011,11,SOBREPESO EN MAYORES DE 5 ANOS CANTIDAD / FEMENINO,44
Potosí,50801,Tupiza,2011,11,SOBREPESO EN MAYORES DE 5 ANOS CANTIDAD / FEMENINO,90
Potosí,51201,Uyuni,2011,11,SOBREPESO EN MAYORES DE 5 ANOS CANTIDAD / FEMENINO,4
Cochabamba,30502,Vacas,2011,11,SOBREPESO EN MAYORES DE 5 ANOS CANTIDAD / FEMENINO,2
La Paz,20801,Viacha,2011,11,SOBREPESO EN MAYORES DE 5 ANOS CANTIDAD / FEMENINO,40
Cochabamba,31402,Villa Rivero,2011,11,SOBREPESO EN MAYORES DE 5 ANOS CANTIDAD / FEMENINO,1
Cochabamba,31003,Villa Tunari,2011,11,SOBREPESO EN MAYORES DE 5 ANOS CANTIDAD / FEMENINO,4
Potosí,51501,Villazon,2011,11,SOBREPESO EN MAYORES DE 5 ANOS CANTIDAD / FEMENINO,8
Cochabamba,30904,Vinto,2011,11,SOBREPESO EN MAYORES DE 5 ANOS CANTIDAD / FEMENINO,1
Tarija,60301,Yacuiba,2011,11,SOBREPESO EN MAYORES DE 5 ANOS CANTIDAD / FEMENINO,0
Chuquisaca,10102,Yotala,2011,11,SOBREPESO EN MAYORES DE 5 ANOS CANTIDAD / FEMENINO,1
La Paz,20201,Achacachi,2011,12,SOBREPESO EN MAYORES DE 5 ANOS CANTIDAD / FEMENINO,2
Cochabamba,30201,Aiquile,2011,12,SOBREPESO EN MAYORES DE 5 ANOS CANTIDAD / FEMENINO,58
Potosí,50802,Atocha,2011,12,SOBREPESO EN MAYORES DE 5 ANOS CANTIDAD / FEMENINO,1
Tarija,60202,Bermejo,2011,12,SOBREPESO EN MAYORES DE 5 ANOS CANTIDAD / FEMENINO,0
Potosí,50301,Betanzos,2011,12,SOBREPESO EN MAYORES DE 5 ANOS CANTIDAD / FEMENINO,10
Tarija,60302,Carapari,2011,12,SOBREPESO EN MAYORES DE 5 ANOS CANTIDAD / FEMENINO,2
Santa Cruz,71403,Carmen Rivero Torrez,2011,12,SOBREPESO EN MAYORES DE 5 ANOS CANTIDAD / FEMENINO,1
Cochabamba,31204,Chimore,2011,12,SOBREPESO EN MAYORES DE 5 ANOS CANTIDAD / FEMENINO,2
Cochabamba,30801,Cliza,2011,12,SOBREPESO EN MAYORES DE 5 ANOS CANTIDAD / FEMENINO,17
Pando,90101,Cobija,2011,12,SOBREPESO EN MAYORES DE 5 ANOS CANTIDAD / FEMENINO,7
Cochabamba,30101,Cochabamba,2011,12,SOBREPESO EN MAYORES DE 5 ANOS CANTIDAD / FEMENINO,400
Cochabamba,30905,Colcapirhua,2011,12,SOBREPESO EN MAYORES DE 5 ANOS CANTIDAD / FEMENINO,30
La Paz,21402,Coripata,2011,12,SOBREPESO EN MAYORES DE 5 ANOS CANTIDAD / FEMENINO,0
La Paz,20301,Coro Coro,2011,12,SOBREPESO EN MAYORES DE 5 ANOS CANTIDAD / FEMENINO,0
La Paz,21401,Coroico,2011,12,SOBREPESO EN MAYORES DE 5 ANOS CANTIDAD / FEMENINO,8
Santa Cruz,70102,Cotoca,2011,12,SOBREPESO EN MAYORES DE 5 ANOS CANTIDAD / FEMENINO,2
La Paz,20105,El Alto,2011,12,SOBREPESO EN MAYORES DE 5 ANOS CANTIDAD / FEMENINO,349
Santa Cruz,70105,El Torno,2011,12,SOBREPESO EN MAYORES DE 5 ANOS CANTIDAD / FEMENINO,1
La Paz,21601,Gral. J.j. Perez (charazani),2011,12,SOBREPESO EN MAYORES DE 5 ANOS CANTIDAD / FEMENINO,2
Beni,80202,Guayaramerin,2011,12,SOBREPESO EN MAYORES DE 5 ANOS CANTIDAD / FEMENINO,8
Santa Cruz,70705,Gutierrez,2011,12,SOBREPESO EN MAYORES DE 5 ANOS CANTIDAD / FEMENINO,7
Oruro,40501,Huachacalla,2011,12,SOBREPESO EN MAYORES DE 5 ANOS CANTIDAD / FEMENINO,1
Santa Cruz,70104,La Guardia,2011,12,SOBREPESO EN MAYORES DE 5 ANOS CANTIDAD / FEMENINO,0
La Paz,20101,La Paz,2011,12,SOBREPESO EN MAYORES DE 5 ANOS CANTIDAD / FEMENINO,741
Oruro,40702,Machacamarca,2011,12,SOBREPESO EN MAYORES DE 5 ANOS CANTIDAD / FEMENINO,2
Chuquisaca,10501,Monteagudo,2011,12,SOBREPESO EN MAYORES DE 5 ANOS CANTIDAD / FEMENINO,3
Santa Cruz,71001,Montero,2011,12,SOBREPESO EN MAYORES DE 5 ANOS CANTIDAD / FEMENINO,40
Santa Cruz,70803,Moro Moro,2011,12,SOBREPESO EN MAYORES DE 5 ANOS CANTIDAD / FEMENINO,2
Potosí,50404,Ocuri,2011,12,SOBREPESO EN MAYORES DE 5 ANOS CANTIDAD / FEMENINO,4
Oruro,40101,Oruro,2011,12,SOBREPESO EN MAYORES DE 5 ANOS CANTIDAD / FEMENINO,74
Cochabamba,31203,Pocona,2011,12,SOBREPESO EN MAYORES DE 5 ANOS CANTIDAD / FEMENINO,1
Santa Cruz,70103,Porongo,2011,12,SOBREPESO EN MAYORES DE 5 ANOS CANTIDAD / FEMENINO,2
Santa Cruz,70601,Portachuelo,2011,12,SOBREPESO EN MAYORES DE 5 ANOS CANTIDAD / FEMENINO,29
Potosí,50101,Potosi,2011,12,SOBREPESO EN MAYORES DE 5 ANOS CANTIDAD / FEMENINO,11
La Paz,21201,Pucarani,2011,12,SOBREPESO EN MAYORES DE 5 ANOS CANTIDAD / FEMENINO,1
Pando,90301,Puerto Gonzalo Moreno,2011,12,SOBREPESO EN MAYORES DE 5 ANOS CANTIDAD / FEMENINO,9
La Paz,21204,Puerto Perez,2011,12,SOBREPESO EN MAYORES DE 5 ANOS CANTIDAD / FEMENINO,3
Santa Cruz,71402,Puerto Quijarro,2011,12,SOBREPESO EN MAYORES DE 5 ANOS CANTIDAD / FEMENINO,1
Pando,90201,Puerto Rico,2011,12,SOBREPESO EN MAYORES DE 5 ANOS CANTIDAD / FEMENINO,1
Cochabamba,31205,Puerto Villarroel,2011,12,SOBREPESO EN MAYORES DE 5 ANOS CANTIDAD / FEMENINO,1
Potosí,51101,Puna,2011,12,SOBREPESO EN MAYORES DE 5 ANOS CANTIDAD / FEMENINO,0
Cochabamba,31401,Punata,2011,12,SOBREPESO EN MAYORES DE 5 ANOS CANTIDAD / FEMENINO,1
Cochabamba,30901,Quillacollo,2011,12,SOBREPESO EN MAYORES DE 5 ANOS CANTIDAD / FEMENINO,19
Beni,80201,Riberalta,2011,12,SOBREPESO EN MAYORES DE 5 ANOS CANTIDAD / FEMENINO,5
Santa Cruz,70503,Robore,2011,12,SOBREPESO EN MAYORES DE 5 ANOS CANTIDAD / FEMENINO,1
Cochabamba,31001,Sacaba,2011,12,SOBREPESO EN MAYORES DE 5 ANOS CANTIDAD / FEMENINO,50
Potosí,50701,Sacaca,2011,12,SOBREPESO EN MAYORES DE 5 ANOS CANTIDAD / FEMENINO,0
Santa Cruz,71302,Saipina,2011,12,SOBREPESO EN MAYORES DE 5 ANOS CANTIDAD / FEMENINO,1
Beni,80302,San Borja,2011,12,SOBREPESO EN MAYORES DE 5 ANOS CANTIDAD / FEMENINO,3
Santa Cruz,70301,San Ignacio De Velasco,2011,12,SOBREPESO EN MAYORES DE 5 ANOS CANTIDAD / FEMENINO,1
Santa Cruz,70501,San Jose De Chiquitos,2011,12,SOBREPESO EN MAYORES DE 5 ANOS CANTIDAD / FEMENINO,1
Chuquisaca,10702,San Lucas,2011,12,SOBREPESO EN MAYORES DE 5 ANOS CANTIDAD / FEMENINO,3
Santa Cruz,70302,San Miguel De Velasco,2011,12,SOBREPESO EN MAYORES DE 5 ANOS CANTIDAD / FEMENINO,3
Santa Cruz,70101,Santa Cruz De La Sierra,2011,12,SOBREPESO EN MAYORES DE 5 ANOS CANTIDAD / FEMENINO,357
Santa Cruz,70602,Santa Rosa Del Sara,2011,12,SOBREPESO EN MAYORES DE 5 ANOS CANTIDAD / FEMENINO,9
La Paz,21901,Santiago De Machaca,2011,12,SOBREPESO EN MAYORES DE 5 ANOS CANTIDAD / FEMENINO,1
Cochabamba,31602,Shinaota,2011,12,SOBREPESO EN MAYORES DE 5 ANOS CANTIDAD / FEMENINO,150
La Paz,20601,Sorata,2011,12,SOBREPESO EN MAYORES DE 5 ANOS CANTIDAD / FEMENINO,2
Chuquisaca,10101,Sucre,2011,12,SOBREPESO EN MAYORES DE 5 ANOS CANTIDAD / FEMENINO,95
Cochabamba,30401,Tarata,2011,12,SOBREPESO EN MAYORES DE 5 ANOS CANTIDAD / FEMENINO,1
Tarija,60101,Tarija,2011,12,SOBREPESO EN MAYORES DE 5 ANOS CANTIDAD / FEMENINO,75
La Paz,20608,Teoponte,2011,12,SOBREPESO EN MAYORES DE 5 ANOS CANTIDAD / FEMENINO,1
La Paz,20803,Tiawanacu,2011,12,SOBREPESO EN MAYORES DE 5 ANOS CANTIDAD / FEMENINO,0
Cochabamba,30903,Tiquipaya,2011,12,SOBREPESO EN MAYORES DE 5 ANOS CANTIDAD / FEMENINO,13
Chuquisaca,10402,Tomina,2011,12,SOBREPESO EN MAYORES DE 5 ANOS CANTIDAD / FEMENINO,1
Cochabamba,31201,Totora(cbba),2011,12,SOBREPESO EN MAYORES DE 5 ANOS CANTIDAD / FEMENINO,14
Beni,80101,Trinidad,2011,12,SOBREPESO EN MAYORES DE 5 ANOS CANTIDAD / FEMENINO,54
Potosí,50801,Tupiza,2011,12,SOBREPESO EN MAYORES DE 5 ANOS CANTIDAD / FEMENINO,86
Potosí,51201,Uyuni,2011,12,SOBREPESO EN MAYORES DE 5 ANOS CANTIDAD / FEMENINO,2
Cochabamba,30502,Vacas,2011,12,SOBREPESO EN MAYORES DE 5 ANOS CANTIDAD / FEMENINO,2
La Paz,20801,Viacha,2011,12,SOBREPESO EN MAYORES DE 5 ANOS CANTIDAD / FEMENINO,41
Cochabamba,31302,Vila Vila,2011,12,SOBREPESO EN MAYORES DE 5 ANOS CANTIDAD / FEMENINO,1
Tarija,60303,Villa Montes,2011,12,SOBREPESO EN MAYORES DE 5 ANOS CANTIDAD / FEMENINO,0
Cochabamba,31402,Villa Rivero,2011,12,SOBREPESO EN MAYORES DE 5 ANOS CANTIDAD / FEMENINO,0
Cochabamba,31003,Villa Tunari,2011,12,SOBREPESO EN MAYORES DE 5 ANOS CANTIDAD / FEMENINO,1
Potosí,51501,Villazon,2011,12,SOBREPESO EN MAYORES DE 5 ANOS CANTIDAD / FEMENINO,1
Cochabamba,30904,Vinto,2011,12,SOBREPESO EN MAYORES DE 5 ANOS CANTIDAD / FEMENINO,2
Tarija,60301,Yacuiba,2011,12,SOBREPESO EN MAYORES DE 5 ANOS CANTIDAD / FEMENINO,4
Chuquisaca,10301,Zudañez,2011,12,SOBREPESO EN MAYORES DE 5 ANOS CANTIDAD / FEMENINO,0
Cochabamba,30201,Aiquile,2011,1,TOTALES / TOTAL,2
Oruro,41201,Andamarca,2011,1,TOTALES / TOTAL,2
Tarija,60202,Bermejo,2011,1,TOTALES / TOTAL,4
Potosí,50301,Betanzos,2011,1,TOTALES / TOTAL,13
Santa Cruz,70706,Camiri,2011,1,TOTALES / TOTAL,3
Cochabamba,30701,Capinota,2011,1,TOTALES / TOTAL,4
Santa Cruz,71403,Carmen Rivero Torrez,2011,1,TOTALES / TOTAL,1
Cochabamba,30801,Cliza,2011,1,TOTALES / TOTAL,7
Pando,90101,Cobija,2011,1,TOTALES / TOTAL,3
Cochabamba,30101,Cochabamba,2011,1,TOTALES / TOTAL,437
La Paz,21401,Coroico,2011,1,TOTALES / TOTAL,16
Santa Cruz,70102,Cotoca,2011,1,TOTALES / TOTAL,1
La Paz,20105,El Alto,2011,1,TOTALES / TOTAL,589
Santa Cruz,71503,El Puente(stc),2011,1,TOTALES / TOTAL,2
Santa Cruz,70105,El Torno,2011,1,TOTALES / TOTAL,2
Tarija,60601,Entre Rios Trj,2011,1,TOTALES / TOTAL,1
Cochabamba,31206,Entre Rios Cbba,2011,1,TOTALES / TOTAL,1
Beni,80202,Guayaramerin,2011,1,TOTALES / TOTAL,2
Chuquisaca,10304,Icla,2011,1,TOTALES / TOTAL,1
La Paz,21102,Irupana (villa De Lanza),2011,1,TOTALES / TOTAL,1
La Paz,21501,Ixiamas,2011,1,TOTALES / TOTAL,2
Santa Cruz,70104,La Guardia,2011,1,TOTALES / TOTAL,2
La Paz,20101,La Paz,2011,1,TOTALES / TOTAL,523
Santa Cruz,70701,Lagunillas,2011,1,TOTALES / TOTAL,4
La Paz,21202,Laja,2011,1,TOTALES / TOTAL,1
Oruro,40702,Machacamarca,2011,1,TOTALES / TOTAL,24
Chuquisaca,11003,Machareti,2011,1,TOTALES / TOTAL,2
La Paz,20103,Mecapaca,2011,1,TOTALES / TOTAL,1
Chuquisaca,10501,Monteagudo,2011,1,TOTALES / TOTAL,18
Santa Cruz,71001,Montero,2011,1,TOTALES / TOTAL,6
Santa Cruz,70803,Moro Moro,2011,1,TOTALES / TOTAL,5
Cochabamba,30302,Morochata,2011,1,TOTALES / TOTAL,4
Cochabamba,30203,Omereque,2011,1,TOTALES / TOTAL,1
Oruro,40101,Oruro,2011,1,TOTALES / TOTAL,137
Chuquisaca,10401,Padilla,2011,1,TOTALES / TOTAL,1
Santa Cruz,70601,Portachuelo,2011,1,TOTALES / TOTAL,40
Potosí,50101,Potosi,2011,1,TOTALES / TOTAL,7
La Paz,21201,Pucarani,2011,1,TOTALES / TOTAL,2
Pando,90301,Puerto Gonzalo Moreno,2011,1,TOTALES / TOTAL,7
Santa Cruz,71402,Puerto Quijarro,2011,1,TOTALES / TOTAL,3
Santa Cruz,71401,Puerto Suarez,2011,1,TOTALES / TOTAL,1
Cochabamba,31205,Puerto Villarroel,2011,1,TOTALES / TOTAL,5
Cochabamba,31401,Punata,2011,1,TOTALES / TOTAL,1
Cochabamba,30901,Quillacollo,2011,1,TOTALES / TOTAL,67
Beni,80201,Riberalta,2011,1,TOTALES / TOTAL,7
Cochabamba,31001,Sacaba,2011,1,TOTALES / TOTAL,161
Santa Cruz,70402,San Carlos,2011,1,TOTALES / TOTAL,29
Beni,80501,San Ignacio,2011,1,TOTALES / TOTAL,1
Santa Cruz,70301,San Ignacio De Velasco,2011,1,TOTALES / TOTAL,2
Chuquisaca,10702,San Lucas,2011,1,TOTALES / TOTAL,2
Santa Cruz,70302,San Miguel De Velasco,2011,1,TOTALES / TOTAL,1
Beni,80401,Santa Ana,2011,1,TOTALES / TOTAL,7
Santa Cruz,70101,Santa Cruz De La Sierra,2011,1,TOTALES / TOTAL,772
Cochabamba,31602,Shinaota,2011,1,TOTALES / TOTAL,10
Chuquisaca,10101,Sucre,2011,1,TOTALES / TOTAL,197
Chuquisaca,10601,Tarabuco,2011,1,TOTALES / TOTAL,8
Tarija,60101,Tarija,2011,1,TOTALES / TOTAL,180
La Paz,20608,Teoponte,2011,1,TOTALES / TOTAL,1
Cochabamba,30903,Tiquipaya,2011,1,TOTALES / TOTAL,67
Cochabamba,30803,Tolata,2011,1,TOTALES / TOTAL,5
Oruro,41001,Toledo,2011,1,TOTALES / TOTAL,1
Cochabamba,31201,Totora(cbba),2011,1,TOTALES / TOTAL,12
Beni,80101,Trinidad,2011,1,TOTALES / TOTAL,107
Potosí,50801,Tupiza,2011,1,TOTALES / TOTAL,108
Potosí,50201,Uncia,2011,1,TOTALES / TOTAL,1
Potosí,51201,Uyuni,2011,1,TOTALES / TOTAL,9
La Paz,20801,Viacha,2011,1,TOTALES / TOTAL,6
Cochabamba,31302,Vila Vila,2011,1,TOTALES / TOTAL,1
Tarija,60303,Villa Montes,2011,1,TOTALES / TOTAL,3
Cochabamba,31003,Villa Tunari,2011,1,TOTALES / TOTAL,14
Potosí,51501,Villazon,2011,1,TOTALES / TOTAL,2
Santa Cruz,70201,Warnes,2011,1,TOTALES / TOTAL,9
Tarija,60301,Yacuiba,2011,1,TOTALES / TOTAL,5
Cochabamba,30201,Aiquile,2011,2,TOTALES / TOTAL,6
Oruro,41201,Andamarca,2011,2,TOTALES / TOTAL,1
Potosí,50802,Atocha,2011,2,TOTALES / TOTAL,2
Tarija,60202,Bermejo,2011,2,TOTALES / TOTAL,2
Potosí,50301,Betanzos,2011,2,TOTALES / TOTAL,6
Cochabamba,31501,Bolivar,2011,2,TOTALES / TOTAL,1
La Paz,21003,Cajuata,2011,2,TOTALES / TOTAL,8
La Paz,20303,Calacoto,2011,2,TOTALES / TOTAL,2
Chuquisaca,10701,Camargo,2011,2,TOTALES / TOTAL,6
Santa Cruz,70706,Camiri,2011,2,TOTALES / TOTAL,1
Cochabamba,30701,Capinota,2011,2,TOTALES / TOTAL,6
Cochabamba,30801,Cliza,2011,2,TOTALES / TOTAL,8
Pando,90101,Cobija,2011,2,TOTALES / TOTAL,4
Cochabamba,30101,Cochabamba,2011,2,TOTALES / TOTAL,492
Cochabamba,30905,Colcapirhua,2011,2,TOTALES / TOTAL,30
La Paz,20304,Comanche,2011,2,TOTALES / TOTAL,24
La Paz,21402,Coripata,2011,2,TOTALES / TOTAL,1
La Paz,20301,Coro Coro,2011,2,TOTALES / TOTAL,2
La Paz,21401,Coroico,2011,2,TOTALES / TOTAL,6
La Paz,20105,El Alto,2011,2,TOTALES / TOTAL,662
Santa Cruz,70105,El Torno,2011,2,TOTALES / TOTAL,5
Beni,80202,Guayaramerin,2011,2,TOTALES / TOTAL,4
La Paz,21501,Ixiamas,2011,2,TOTALES / TOTAL,1
La Paz,20806,Jesus De Machaca,2011,2,TOTALES / TOTAL,1
La Paz,20101,La Paz,2011,2,TOTALES / TOTAL,509
Beni,80601,Loreto,2011,2,TOTALES / TOTAL,3
Oruro,40702,Machacamarca,2011,2,TOTALES / TOTAL,7
Chuquisaca,10501,Monteagudo,2011,2,TOTALES / TOTAL,7
Santa Cruz,71001,Montero,2011,2,TOTALES / TOTAL,10
Cochabamba,30203,Omereque,2011,2,TOTALES / TOTAL,1
Oruro,40101,Oruro,2011,2,TOTALES / TOTAL,45
Tarija,60201,Padcaya,2011,2,TOTALES / TOTAL,7
Cochabamba,31202,Pojo (cbba),2011,2,TOTALES / TOTAL,1
Santa Cruz,70103,Porongo,2011,2,TOTALES / TOTAL,1
Santa Cruz,70601,Portachuelo,2011,2,TOTALES / TOTAL,53
Santa Cruz,70804,Postrer Valle,2011,2,TOTALES / TOTAL,1
Potosí,50101,Potosi,2011,2,TOTALES / TOTAL,27
Pando,90301,Puerto Gonzalo Moreno,2011,2,TOTALES / TOTAL,8
Santa Cruz,71401,Puerto Suarez,2011,2,TOTALES / TOTAL,2
Potosí,51101,Puna,2011,2,TOTALES / TOTAL,8
Cochabamba,31401,Punata,2011,2,TOTALES / TOTAL,2
Cochabamba,30901,Quillacollo,2011,2,TOTALES / TOTAL,81
Beni,80201,Riberalta,2011,2,TOTALES / TOTAL,2
Santa Cruz,70503,Robore,2011,2,TOTALES / TOTAL,3
Beni,80304,Rurrenabaque,2011,2,TOTALES / TOTAL,6
Cochabamba,31001,Sacaba,2011,2,TOTALES / TOTAL,111
Beni,80602,San Andres,2011,2,TOTALES / TOTAL,1
La Paz,20805,San Andres De Machaca,2011,2,TOTALES / TOTAL,2
Beni,80302,San Borja,2011,2,TOTALES / TOTAL,2
Santa Cruz,70402,San Carlos,2011,2,TOTALES / TOTAL,35
Santa Cruz,70301,San Ignacio De Velasco,2011,2,TOTALES / TOTAL,1
Santa Cruz,71102,San Javier(stc),2011,2,TOTALES / TOTAL,1
Santa Cruz,71201,San Matias,2011,2,TOTALES / TOTAL,1
Santa Cruz,70302,San Miguel De Velasco,2011,2,TOTALES / TOTAL,8
Santa Cruz,70303,San Rafael,2011,2,TOTALES / TOTAL,7
Beni,80401,Santa Ana,2011,2,TOTALES / TOTAL,1
Santa Cruz,70101,Santa Cruz De La Sierra,2011,2,TOTALES / TOTAL,627
Cochabamba,31602,Shinaota,2011,2,TOTALES / TOTAL,85
Cochabamba,30902,Sipe Sipe,2011,2,TOTALES / TOTAL,43
Chuquisaca,10101,Sucre,2011,2,TOTALES / TOTAL,241
Chuquisaca,10601,Tarabuco,2011,2,TOTALES / TOTAL,9
Tarija,60101,Tarija,2011,2,TOTALES / TOTAL,257
Chuquisaca,10202,Tarvita,2011,2,TOTALES / TOTAL,1
Cochabamba,30903,Tiquipaya,2011,2,TOTALES / TOTAL,63
Cochabamba,30803,Tolata,2011,2,TOTALES / TOTAL,1
Beni,80101,Trinidad,2011,2,TOTALES / TOTAL,84
Potosí,50801,Tupiza,2011,2,TOTALES / TOTAL,115
Potosí,51201,Uyuni,2011,2,TOTALES / TOTAL,7
La Paz,20801,Viacha,2011,2,TOTALES / TOTAL,22
Cochabamba,31402,Villa Rivero,2011,2,TOTALES / TOTAL,1
Cochabamba,31003,Villa Tunari,2011,2,TOTALES / TOTAL,6
Potosí,51501,Villazon,2011,2,TOTALES / TOTAL,7
Potosí,50602,Vitichi,2011,2,TOTALES / TOTAL,1
Tarija,60301,Yacuiba,2011,2,TOTALES / TOTAL,7
Chuquisaca,10301,Zudañez,2011,2,TOTALES / TOTAL,3
Cochabamba,30201,Aiquile,2011,3,TOTALES / TOTAL,6
Cochabamba,30501,Arani,2011,3,TOTALES / TOTAL,1
Tarija,60202,Bermejo,2011,3,TOTALES / TOTAL,2
Potosí,50301,Betanzos,2011,3,TOTALES / TOTAL,3
Chuquisaca,10701,Camargo,2011,3,TOTALES / TOTAL,8
Santa Cruz,70706,Camiri,2011,3,TOTALES / TOTAL,3
Cochabamba,30701,Capinota,2011,3,TOTALES / TOTAL,3
La Paz,20305,Charaña,2011,3,TOTALES / TOTAL,2
Cochabamba,30801,Cliza,2011,3,TOTALES / TOTAL,10
Cochabamba,30101,Cochabamba,2011,3,TOTALES / TOTAL,569
Cochabamba,30905,Colcapirhua,2011,3,TOTALES / TOTAL,27
Cochabamba,31002,Colomi,2011,3,TOTALES / TOTAL,1
Santa Cruz,71301,Comarapa,2011,3,TOTALES / TOTAL,1
La Paz,20301,Coro Coro,2011,3,TOTALES / TOTAL,1
La Paz,20804,Desaguadero,2011,3,TOTALES / TOTAL,1
La Paz,20105,El Alto,2011,3,TOTALES / TOTAL,621
Santa Cruz,71503,El Puente(stc),2011,3,TOTALES / TOTAL,5
Santa Cruz,70105,El Torno,2011,3,TOTALES / TOTAL,2
Cochabamba,31206,Entre Rios Cbba,2011,3,TOTALES / TOTAL,5
La Paz,21601,Gral. J.j. Perez (charazani),2011,3,TOTALES / TOTAL,1
Beni,80202,Guayaramerin,2011,3,TOTALES / TOTAL,1
Santa Cruz,70104,La Guardia,2011,3,TOTALES / TOTAL,3
La Paz,20101,La Paz,2011,3,TOTALES / TOTAL,505
La Paz,21202,Laja,2011,3,TOTALES / TOTAL,1
Beni,80601,Loreto,2011,3,TOTALES / TOTAL,2
Oruro,40702,Machacamarca,2011,3,TOTALES / TOTAL,11
Chuquisaca,10501,Monteagudo,2011,3,TOTALES / TOTAL,8
Santa Cruz,70803,Moro Moro,2011,3,TOTALES / TOTAL,2
Oruro,40101,Oruro,2011,3,TOTALES / TOTAL,85
Santa Cruz,70103,Porongo,2011,3,TOTALES / TOTAL,1
Santa Cruz,70601,Portachuelo,2011,3,TOTALES / TOTAL,39
Santa Cruz,70804,Postrer Valle,2011,3,TOTALES / TOTAL,1
Potosí,50101,Potosi,2011,3,TOTALES / TOTAL,61
La Paz,21201,Pucarani,2011,3,TOTALES / TOTAL,5
La Paz,20403,Puerto Carabuco,2011,3,TOTALES / TOTAL,1
Pando,90301,Puerto Gonzalo Moreno,2011,3,TOTALES / TOTAL,6
Cochabamba,31205,Puerto Villarroel,2011,3,TOTALES / TOTAL,9
Potosí,51101,Puna,2011,3,TOTALES / TOTAL,1
Cochabamba,31401,Punata,2011,3,TOTALES / TOTAL,1
Cochabamba,30901,Quillacollo,2011,3,TOTALES / TOTAL,22
La Paz,21002,Quime,2011,3,TOTALES / TOTAL,1
Beni,80201,Riberalta,2011,3,TOTALES / TOTAL,5
Santa Cruz,70503,Robore,2011,3,TOTALES / TOTAL,4
Beni,80304,Rurrenabaque,2011,3,TOTALES / TOTAL,11
Cochabamba,31001,Sacaba,2011,3,TOTALES / TOTAL,205
Cochabamba,30404,Sacabamba,2011,3,TOTALES / TOTAL,1
Potosí,50701,Sacaca,2011,3,TOTALES / TOTAL,1
La Paz,20805,San Andres De Machaca,2011,3,TOTALES / TOTAL,1
Beni,80302,San Borja,2011,3,TOTALES / TOTAL,2
La Paz,21502,San Buena Ventura,2011,3,TOTALES / TOTAL,3
Santa Cruz,70402,San Carlos,2011,3,TOTALES / TOTAL,1
Beni,80102,San Javier(bni),2011,3,TOTALES / TOTAL,1
Santa Cruz,71104,San Julian,2011,3,TOTALES / TOTAL,1
Chuquisaca,10702,San Lucas,2011,3,TOTALES / TOTAL,1
Santa Cruz,70302,San Miguel De Velasco,2011,3,TOTALES / TOTAL,4
Santa Cruz,70101,Santa Cruz De La Sierra,2011,3,TOTALES / TOTAL,546
Chuquisaca,10101,Sucre,2011,3,TOTALES / TOTAL,294
Tarija,60101,Tarija,2011,3,TOTALES / TOTAL,300
Cochabamba,30903,Tiquipaya,2011,3,TOTALES / TOTAL,69
Cochabamba,31201,Totora(cbba),2011,3,TOTALES / TOTAL,1
Beni,80101,Trinidad,2011,3,TOTALES / TOTAL,133
Potosí,50801,Tupiza,2011,3,TOTALES / TOTAL,118
Potosí,51201,Uyuni,2011,3,TOTALES / TOTAL,4
La Paz,20801,Viacha,2011,3,TOTALES / TOTAL,48
Tarija,60303,Villa Montes,2011,3,TOTALES / TOTAL,34
Pando,90502,Villa Nueva (loma Alta),2011,3,TOTALES / TOTAL,1
Cochabamba,31003,Villa Tunari,2011,3,TOTALES / TOTAL,7
Potosí,51501,Villazon,2011,3,TOTALES / TOTAL,2
Cochabamba,30904,Vinto,2011,3,TOTALES / TOTAL,1
Santa Cruz,70201,Warnes,2011,3,TOTALES / TOTAL,5
Tarija,60301,Yacuiba,2011,3,TOTALES / TOTAL,1
Santa Cruz,70403,Yapacani,2011,3,TOTALES / TOTAL,2
Cochabamba,30201,Aiquile,2011,4,TOTALES / TOTAL,8
Oruro,40603,Antequera,2011,4,TOTALES / TOTAL,12
Cochabamba,30301,Ayopaya (v. De Independencia),2011,4,TOTALES / TOTAL,1
La Paz,21203,Batallas,2011,4,TOTALES / TOTAL,1
Potosí,50301,Betanzos,2011,4,TOTALES / TOTAL,10
Santa Cruz,70703,Cabezas,2011,4,TOTALES / TOTAL,1
La Paz,20303,Calacoto,2011,4,TOTALES / TOTAL,1
Santa Cruz,70706,Camiri,2011,4,TOTALES / TOTAL,2
Cochabamba,30701,Capinota,2011,4,TOTALES / TOTAL,9
Potosí,50202,Chayanta,2011,4,TOTALES / TOTAL,2
Cochabamba,30801,Cliza,2011,4,TOTALES / TOTAL,4
Pando,90101,Cobija,2011,4,TOTALES / TOTAL,6
Cochabamba,30101,Cochabamba,2011,4,TOTALES / TOTAL,451
Cochabamba,30905,Colcapirhua,2011,4,TOTALES / TOTAL,67
Santa Cruz,71301,Comarapa,2011,4,TOTALES / TOTAL,1
Santa Cruz,71101,Concepcion,2011,4,TOTALES / TOTAL,1
La Paz,21401,Coroico,2011,4,TOTALES / TOTAL,24
Potosí,50601,Cotagaita,2011,4,TOTALES / TOTAL,1
La Paz,20105,El Alto,2011,4,TOTALES / TOTAL,583
Santa Cruz,71503,El Puente(stc),2011,4,TOTALES / TOTAL,10
Santa Cruz,70105,El Torno,2011,4,TOTALES / TOTAL,1
Cochabamba,31206,Entre Rios Cbba,2011,4,TOTALES / TOTAL,5
Santa Cruz,70705,Gutierrez,2011,4,TOTALES / TOTAL,6
La Paz,20101,La Paz,2011,4,TOTALES / TOTAL,806
La Paz,21202,Laja,2011,4,TOTALES / TOTAL,2
Beni,80601,Loreto,2011,4,TOTALES / TOTAL,1
Oruro,40702,Machacamarca,2011,4,TOTALES / TOTAL,9
Chuquisaca,10501,Monteagudo,2011,4,TOTALES / TOTAL,9
Santa Cruz,71001,Montero,2011,4,TOTALES / TOTAL,10
Santa Cruz,70803,Moro Moro,2011,4,TOTALES / TOTAL,1
Cochabamba,30203,Omereque,2011,4,TOTALES / TOTAL,1
Oruro,40101,Oruro,2011,4,TOTALES / TOTAL,162
Tarija,60201,Padcaya,2011,4,TOTALES / TOTAL,6
Santa Cruz,70103,Porongo,2011,4,TOTALES / TOTAL,1
Santa Cruz,70601,Portachuelo,2011,4,TOTALES / TOTAL,34
Potosí,50101,Potosi,2011,4,TOTALES / TOTAL,158
La Paz,20401,Puerto Acosta,2011,4,TOTALES / TOTAL,2
Pando,90301,Puerto Gonzalo Moreno,2011,4,TOTALES / TOTAL,1
Santa Cruz,71402,Puerto Quijarro,2011,4,TOTALES / TOTAL,1
Cochabamba,31205,Puerto Villarroel,2011,4,TOTALES / TOTAL,7
Potosí,51101,Puna,2011,4,TOTALES / TOTAL,3
Cochabamba,31401,Punata,2011,4,TOTALES / TOTAL,2
Cochabamba,30901,Quillacollo,2011,4,TOTALES / TOTAL,30
Beni,80201,Riberalta,2011,4,TOTALES / TOTAL,1
Cochabamba,31001,Sacaba,2011,4,TOTALES / TOTAL,63
Beni,80302,San Borja,2011,4,TOTALES / TOTAL,17
Santa Cruz,70402,San Carlos,2011,4,TOTALES / TOTAL,58
Tarija,60501,San Lorenzo(tja),2011,4,TOTALES / TOTAL,1
Santa Cruz,70302,San Miguel De Velasco,2011,4,TOTALES / TOTAL,6
Beni,80401,Santa Ana,2011,4,TOTALES / TOTAL,112
Santa Cruz,70101,Santa Cruz De La Sierra,2011,4,TOTALES / TOTAL,515
Cochabamba,31602,Shinaota,2011,4,TOTALES / TOTAL,92
Chuquisaca,10101,Sucre,2011,4,TOTALES / TOTAL,254
Cochabamba,30602,Tacopaya,2011,4,TOTALES / TOTAL,1
Tarija,60101,Tarija,2011,4,TOTALES / TOTAL,207
Cochabamba,30903,Tiquipaya,2011,4,TOTALES / TOTAL,62
Oruro,41001,Toledo,2011,4,TOTALES / TOTAL,1
Beni,80101,Trinidad,2011,4,TOTALES / TOTAL,189
Potosí,50801,Tupiza,2011,4,TOTALES / TOTAL,84
Potosí,51201,Uyuni,2011,4,TOTALES / TOTAL,3
La Paz,20801,Viacha,2011,4,TOTALES / TOTAL,45
Cochabamba,31302,Vila Vila,2011,4,TOTALES / TOTAL,1
Cochabamba,31402,Villa Rivero,2011,4,TOTALES / TOTAL,1
Cochabamba,31003,Villa Tunari,2011,4,TOTALES / TOTAL,7
Cochabamba,30904,Vinto,2011,4,TOTALES / TOTAL,1
Tarija,60301,Yacuiba,2011,4,TOTALES / TOTAL,3
Cochabamba,30201,Aiquile,2011,5,TOTALES / TOTAL,4
Cochabamba,30301,Ayopaya (v. De Independencia),2011,5,TOTALES / TOTAL,2
Potosí,50301,Betanzos,2011,5,TOTALES / TOTAL,14
La Paz,21304,Calamarca,2011,5,TOTALES / TOTAL,1
Chuquisaca,10701,Camargo,2011,5,TOTALES / TOTAL,5
Santa Cruz,70706,Camiri,2011,5,TOTALES / TOTAL,2
Cochabamba,30701,Capinota,2011,5,TOTALES / TOTAL,2
Oruro,40102,Caracollo,2011,5,TOTALES / TOTAL,1
La Paz,22001,Caranavi,2011,5,TOTALES / TOTAL,3
Santa Cruz,70702,Charagua,2011,5,TOTALES / TOTAL,1
Cochabamba,31204,Chimore,2011,5,TOTALES / TOTAL,1
La Paz,21101,Chulumani (v. De La Libertad),2011,5,TOTALES / TOTAL,2
Cochabamba,30801,Cliza,2011,5,TOTALES / TOTAL,7
Pando,90101,Cobija,2011,5,TOTALES / TOTAL,8
Cochabamba,30101,Cochabamba,2011,5,TOTALES / TOTAL,815
Cochabamba,30905,Colcapirhua,2011,5,TOTALES / TOTAL,20
Santa Cruz,71101,Concepcion,2011,5,TOTALES / TOTAL,1
La Paz,20301,Coro Coro,2011,5,TOTALES / TOTAL,2
Potosí,50601,Cotagaita,2011,5,TOTALES / TOTAL,4
Santa Cruz,71106,Cuatro Cañadas,2011,5,TOTALES / TOTAL,1
Chuquisaca,10902,Culpina,2011,5,TOTALES / TOTAL,1
La Paz,20105,El Alto,2011,5,TOTALES / TOTAL,542
Santa Cruz,71503,El Puente(stc),2011,5,TOTALES / TOTAL,3
Santa Cruz,70105,El Torno,2011,5,TOTALES / TOTAL,2
Tarija,60601,Entre Rios Trj,2011,5,TOTALES / TOTAL,3
Beni,80202,Guayaramerin,2011,5,TOTALES / TOTAL,99
Santa Cruz,70705,Gutierrez,2011,5,TOTALES / TOTAL,5
La Paz,21102,Irupana (villa De Lanza),2011,5,TOTALES / TOTAL,2
La Paz,20101,La Paz,2011,5,TOTALES / TOTAL,1053
La Paz,21202,Laja,2011,5,TOTALES / TOTAL,3
Oruro,40702,Machacamarca,2011,5,TOTALES / TOTAL,7
Cochabamba,31301,Mizque,2011,5,TOTALES / TOTAL,6
Chuquisaca,10501,Monteagudo,2011,5,TOTALES / TOTAL,10
Santa Cruz,71001,Montero,2011,5,TOTALES / TOTAL,50
Santa Cruz,70803,Moro Moro,2011,5,TOTALES / TOTAL,6
Oruro,40101,Oruro,2011,5,TOTALES / TOTAL,240
Tarija,60201,Padcaya,2011,5,TOTALES / TOTAL,2
La Paz,21104,Palos Blancos,2011,5,TOTALES / TOTAL,2
Santa Cruz,70601,Portachuelo,2011,5,TOTALES / TOTAL,40
Potosí,50101,Potosi,2011,5,TOTALES / TOTAL,55
Pando,90301,Puerto Gonzalo Moreno,2011,5,TOTALES / TOTAL,5
Santa Cruz,71401,Puerto Suarez,2011,5,TOTALES / TOTAL,1
Cochabamba,31205,Puerto Villarroel,2011,5,TOTALES / TOTAL,1
Cochabamba,31401,Punata,2011,5,TOTALES / TOTAL,3
Cochabamba,30901,Quillacollo,2011,5,TOTALES / TOTAL,42
Beni,80201,Riberalta,2011,5,TOTALES / TOTAL,6
Santa Cruz,70503,Robore,2011,5,TOTALES / TOTAL,1
Cochabamba,31001,Sacaba,2011,5,TOTALES / TOTAL,156
La Paz,20805,San Andres De Machaca,2011,5,TOTALES / TOTAL,1
Cochabamba,31403,San Benito,2011,5,TOTALES / TOTAL,6
Beni,80302,San Borja,2011,5,TOTALES / TOTAL,12
Santa Cruz,70402,San Carlos,2011,5,TOTALES / TOTAL,57
Beni,80501,San Ignacio,2011,5,TOTALES / TOTAL,1
Santa Cruz,70301,San Ignacio De Velasco,2011,5,TOTALES / TOTAL,1
Santa Cruz,70501,San Jose De Chiquitos,2011,5,TOTALES / TOTAL,1
Chuquisaca,10702,San Lucas,2011,5,TOTALES / TOTAL,1
Santa Cruz,70302,San Miguel De Velasco,2011,5,TOTALES / TOTAL,5
Santa Cruz,70101,Santa Cruz De La Sierra,2011,5,TOTALES / TOTAL,709
Cochabamba,31602,Shinaota,2011,5,TOTALES / TOTAL,95
Chuquisaca,10101,Sucre,2011,5,TOTALES / TOTAL,315
La Paz,20603,Tacacoma,2011,5,TOTALES / TOTAL,3
Chuquisaca,10601,Tarabuco,2011,5,TOTALES / TOTAL,4
Cochabamba,30401,Tarata,2011,5,TOTALES / TOTAL,3
Tarija,60101,Tarija,2011,5,TOTALES / TOTAL,374
La Paz,20606,Tipuani,2011,5,TOTALES / TOTAL,10
Cochabamba,30903,Tiquipaya,2011,5,TOTALES / TOTAL,29
Cochabamba,30803,Tolata,2011,5,TOTALES / TOTAL,1
Beni,80101,Trinidad,2011,5,TOTALES / TOTAL,106
Potosí,50801,Tupiza,2011,5,TOTALES / TOTAL,204
Potosí,51201,Uyuni,2011,5,TOTALES / TOTAL,1
Santa Cruz,70801,Vallegrande,2011,5,TOTALES / TOTAL,5
La Paz,20801,Viacha,2011,5,TOTALES / TOTAL,92
Tarija,60303,Villa Montes,2011,5,TOTALES / TOTAL,1
Chuquisaca,10801,Villa Serrano,2011,5,TOTALES / TOTAL,1
Cochabamba,31003,Villa Tunari,2011,5,TOTALES / TOTAL,16
Potosí,51501,Villazon,2011,5,TOTALES / TOTAL,1
Cochabamba,30904,Vinto,2011,5,TOTALES / TOTAL,2
Santa Cruz,70201,Warnes,2011,5,TOTALES / TOTAL,1
Tarija,60301,Yacuiba,2011,5,TOTALES / TOTAL,5
Cochabamba,30201,Aiquile,2011,6,TOTALES / TOTAL,13
Oruro,41201,Andamarca,2011,6,TOTALES / TOTAL,1
La Paz,20701,Apolo,2011,6,TOTALES / TOTAL,2
Tarija,60202,Bermejo,2011,6,TOTALES / TOTAL,3
Potosí,50301,Betanzos,2011,6,TOTALES / TOTAL,11
Santa Cruz,70703,Cabezas,2011,6,TOTALES / TOTAL,2
Chuquisaca,10701,Camargo,2011,6,TOTALES / TOTAL,2
Cochabamba,30701,Capinota,2011,6,TOTALES / TOTAL,2
Cochabamba,31204,Chimore,2011,6,TOTALES / TOTAL,1
La Paz,21101,Chulumani (v. De La Libertad),2011,6,TOTALES / TOTAL,2
Cochabamba,30801,Cliza,2011,6,TOTALES / TOTAL,4
Pando,90101,Cobija,2011,6,TOTALES / TOTAL,4
Cochabamba,30101,Cochabamba,2011,6,TOTALES / TOTAL,765
Cochabamba,30905,Colcapirhua,2011,6,TOTALES / TOTAL,54
Santa Cruz,70603,Colpa Belgica,2011,6,TOTALES / TOTAL,1
La Paz,20301,Coro Coro,2011,6,TOTALES / TOTAL,1
Santa Cruz,71106,Cuatro Cañadas,2011,6,TOTALES / TOTAL,2
La Paz,20105,El Alto,2011,6,TOTALES / TOTAL,710
Santa Cruz,71503,El Puente(stc),2011,6,TOTALES / TOTAL,4
La Paz,21601,Gral. J.j. Perez (charazani),2011,6,TOTALES / TOTAL,4
Santa Cruz,70705,Gutierrez,2011,6,TOTALES / TOTAL,3
Chuquisaca,10502,Huacareta,2011,6,TOTALES / TOTAL,8
La Paz,21102,Irupana (villa De Lanza),2011,6,TOTALES / TOTAL,1
Santa Cruz,70104,La Guardia,2011,6,TOTALES / TOTAL,7
La Paz,20101,La Paz,2011,6,TOTALES / TOTAL,1176
La Paz,21202,Laja,2011,6,TOTALES / TOTAL,4
Beni,80601,Loreto,2011,6,TOTALES / TOTAL,2
Oruro,40702,Machacamarca,2011,6,TOTALES / TOTAL,8
Chuquisaca,11003,Machareti,2011,6,TOTALES / TOTAL,14
Cochabamba,31301,Mizque,2011,6,TOTALES / TOTAL,8
Chuquisaca,10501,Monteagudo,2011,6,TOTALES / TOTAL,7
Santa Cruz,71001,Montero,2011,6,TOTALES / TOTAL,18
Santa Cruz,70803,Moro Moro,2011,6,TOTALES / TOTAL,3
Oruro,40101,Oruro,2011,6,TOTALES / TOTAL,254
Chuquisaca,10401,Padilla,2011,6,TOTALES / TOTAL,8
Santa Cruz,70601,Portachuelo,2011,6,TOTALES / TOTAL,44
Potosí,50101,Potosi,2011,6,TOTALES / TOTAL,36
Pando,90301,Puerto Gonzalo Moreno,2011,6,TOTALES / TOTAL,1
La Paz,21204,Puerto Perez,2011,6,TOTALES / TOTAL,1
Pando,90201,Puerto Rico,2011,6,TOTALES / TOTAL,2
Potosí,51101,Puna,2011,6,TOTALES / TOTAL,1
Cochabamba,30901,Quillacollo,2011,6,TOTALES / TOTAL,84
La Paz,21002,Quime,2011,6,TOTALES / TOTAL,20
Beni,80201,Riberalta,2011,6,TOTALES / TOTAL,4
Santa Cruz,70503,Robore,2011,6,TOTALES / TOTAL,7
Cochabamba,31001,Sacaba,2011,6,TOTALES / TOTAL,120
Cochabamba,31403,San Benito,2011,6,TOTALES / TOTAL,8
Santa Cruz,70402,San Carlos,2011,6,TOTALES / TOTAL,31
Beni,80501,San Ignacio,2011,6,TOTALES / TOTAL,1
Santa Cruz,70301,San Ignacio De Velasco,2011,6,TOTALES / TOTAL,1
Chuquisaca,10702,San Lucas,2011,6,TOTALES / TOTAL,5
Santa Cruz,70101,Santa Cruz De La Sierra,2011,6,TOTALES / TOTAL,583
La Paz,20204,Santiago De Huata,2011,6,TOTALES / TOTAL,1
Cochabamba,31602,Shinaota,2011,6,TOTALES / TOTAL,124
Chuquisaca,10101,Sucre,2011,6,TOTALES / TOTAL,282
La Paz,20603,Tacacoma,2011,6,TOTALES / TOTAL,4
Cochabamba,30401,Tarata,2011,6,TOTALES / TOTAL,2
Tarija,60101,Tarija,2011,6,TOTALES / TOTAL,223
La Paz,20606,Tipuani,2011,6,TOTALES / TOTAL,2
Cochabamba,30903,Tiquipaya,2011,6,TOTALES / TOTAL,2
Beni,80101,Trinidad,2011,6,TOTALES / TOTAL,157
Potosí,50801,Tupiza,2011,6,TOTALES / TOTAL,5
Potosí,51201,Uyuni,2011,6,TOTALES / TOTAL,4
La Paz,20801,Viacha,2011,6,TOTALES / TOTAL,35
Cochabamba,31302,Vila Vila,2011,6,TOTALES / TOTAL,4
Cochabamba,31402,Villa Rivero,2011,6,TOTALES / TOTAL,2
Chuquisaca,10801,Villa Serrano,2011,6,TOTALES / TOTAL,3
Cochabamba,31003,Villa Tunari,2011,6,TOTALES / TOTAL,4
Chuquisaca,11001,Villa Vaca Guzman (muyupampa),2011,6,TOTALES / TOTAL,1
Potosí,51501,Villazon,2011,6,TOTALES / TOTAL,1
Santa Cruz,70201,Warnes,2011,6,TOTALES / TOTAL,5
La Paz,21103,Yanacachi,2011,6,TOTALES / TOTAL,1
Chuquisaca,10301,Zudañez,2011,6,TOTALES / TOTAL,2
Cochabamba,30201,Aiquile,2011,7,TOTALES / TOTAL,16
Oruro,41201,Andamarca,2011,7,TOTALES / TOTAL,1
La Paz,20701,Apolo,2011,7,TOTALES / TOTAL,2
Cochabamba,30501,Arani,2011,7,TOTALES / TOTAL,1
Potosí,50301,Betanzos,2011,7,TOTALES / TOTAL,10
Chuquisaca,10701,Camargo,2011,7,TOTALES / TOTAL,3
Santa Cruz,70706,Camiri,2011,7,TOTALES / TOTAL,1
La Paz,22001,Caranavi,2011,7,TOTALES / TOTAL,1
Cochabamba,31204,Chimore,2011,7,TOTALES / TOTAL,1
Pando,90101,Cobija,2011,7,TOTALES / TOTAL,4
Cochabamba,30101,Cochabamba,2011,7,TOTALES / TOTAL,795
Cochabamba,30905,Colcapirhua,2011,7,TOTALES / TOTAL,57
Santa Cruz,71101,Concepcion,2011,7,TOTALES / TOTAL,4
La Paz,20105,El Alto,2011,7,TOTALES / TOTAL,536
Santa Cruz,71503,El Puente(stc),2011,7,TOTALES / TOTAL,8
Santa Cruz,70105,El Torno,2011,7,TOTALES / TOTAL,1
Tarija,60601,Entre Rios Trj,2011,7,TOTALES / TOTAL,2
Cochabamba,31206,Entre Rios Cbba,2011,7,TOTALES / TOTAL,1
La Paz,20405,Escoma,2011,7,TOTALES / TOTAL,1
La Paz,21601,Gral. J.j. Perez (charazani),2011,7,TOTALES / TOTAL,5
Santa Cruz,70705,Gutierrez,2011,7,TOTALES / TOTAL,5
La Paz,20806,Jesus De Machaca,2011,7,TOTALES / TOTAL,1
Santa Cruz,70104,La Guardia,2011,7,TOTALES / TOTAL,19
La Paz,20101,La Paz,2011,7,TOTALES / TOTAL,1360
La Paz,21202,Laja,2011,7,TOTALES / TOTAL,1
Beni,80601,Loreto,2011,7,TOTALES / TOTAL,2
Oruro,40702,Machacamarca,2011,7,TOTALES / TOTAL,23
Chuquisaca,11003,Machareti,2011,7,TOTALES / TOTAL,1
Chuquisaca,10501,Monteagudo,2011,7,TOTALES / TOTAL,3
Santa Cruz,71001,Montero,2011,7,TOTALES / TOTAL,1
Santa Cruz,70803,Moro Moro,2011,7,TOTALES / TOTAL,1
Oruro,40101,Oruro,2011,7,TOTALES / TOTAL,211
Chuquisaca,10401,Padilla,2011,7,TOTALES / TOTAL,1
Santa Cruz,70601,Portachuelo,2011,7,TOTALES / TOTAL,45
Potosí,50101,Potosi,2011,7,TOTALES / TOTAL,101
Pando,90301,Puerto Gonzalo Moreno,2011,7,TOTALES / TOTAL,9
La Paz,21204,Puerto Perez,2011,7,TOTALES / TOTAL,1
Cochabamba,31205,Puerto Villarroel,2011,7,TOTALES / TOTAL,2
Cochabamba,31401,Punata,2011,7,TOTALES / TOTAL,2
Cochabamba,30901,Quillacollo,2011,7,TOTALES / TOTAL,58
Beni,80201,Riberalta,2011,7,TOTALES / TOTAL,6
Santa Cruz,70503,Robore,2011,7,TOTALES / TOTAL,1
Cochabamba,31001,Sacaba,2011,7,TOTALES / TOTAL,63
La Paz,20805,San Andres De Machaca,2011,7,TOTALES / TOTAL,1
Cochabamba,31403,San Benito,2011,7,TOTALES / TOTAL,7
Beni,80302,San Borja,2011,7,TOTALES / TOTAL,3
Santa Cruz,70402,San Carlos,2011,7,TOTALES / TOTAL,24
Beni,80501,San Ignacio,2011,7,TOTALES / TOTAL,4
Santa Cruz,70501,San Jose De Chiquitos,2011,7,TOTALES / TOTAL,1
Tarija,60501,San Lorenzo(tja),2011,7,TOTALES / TOTAL,16
Potosí,50902,San Pedro De Quemes,2011,7,TOTALES / TOTAL,1
Santa Cruz,70101,Santa Cruz De La Sierra,2011,7,TOTALES / TOTAL,748
Beni,80303,Santa Rosa,2011,7,TOTALES / TOTAL,1
Santa Cruz,70602,Santa Rosa Del Sara,2011,7,TOTALES / TOTAL,1
Cochabamba,31602,Shinaota,2011,7,TOTALES / TOTAL,123
Cochabamba,30902,Sipe Sipe,2011,7,TOTALES / TOTAL,5
La Paz,20601,Sorata,2011,7,TOTALES / TOTAL,2
Chuquisaca,10101,Sucre,2011,7,TOTALES / TOTAL,406
La Paz,20603,Tacacoma,2011,7,TOTALES / TOTAL,4
Chuquisaca,10601,Tarabuco,2011,7,TOTALES / TOTAL,14
Cochabamba,30401,Tarata,2011,7,TOTALES / TOTAL,3
Tarija,60101,Tarija,2011,7,TOTALES / TOTAL,265
Chuquisaca,10202,Tarvita,2011,7,TOTALES / TOTAL,1
La Paz,20803,Tiawanacu,2011,7,TOTALES / TOTAL,1
Cochabamba,30903,Tiquipaya,2011,7,TOTALES / TOTAL,16
La Paz,21703,Tito Yupanqui (parquipujio),2011,7,TOTALES / TOTAL,1
Oruro,41001,Toledo,2011,7,TOTALES / TOTAL,2
Cochabamba,31201,Totora(cbba),2011,7,TOTALES / TOTAL,9
Beni,80101,Trinidad,2011,7,TOTALES / TOTAL,157
Potosí,50801,Tupiza,2011,7,TOTALES / TOTAL,156
Potosí,51201,Uyuni,2011,7,TOTALES / TOTAL,4
La Paz,20801,Viacha,2011,7,TOTALES / TOTAL,27
Cochabamba,31302,Vila Vila,2011,7,TOTALES / TOTAL,1
Cochabamba,31003,Villa Tunari,2011,7,TOTALES / TOTAL,13
Chuquisaca,11001,Villa Vaca Guzman (muyupampa),2011,7,TOTALES / TOTAL,11
Cochabamba,30904,Vinto,2011,7,TOTALES / TOTAL,1
Santa Cruz,70201,Warnes,2011,7,TOTALES / TOTAL,1
Tarija,60301,Yacuiba,2011,7,TOTALES / TOTAL,3
Chuquisaca,10301,Zudañez,2011,7,TOTALES / TOTAL,2
La Paz,20201,Achacachi,2011,8,TOTALES / TOTAL,2
Cochabamba,30201,Aiquile,2011,8,TOTALES / TOTAL,141
La Paz,20701,Apolo,2011,8,TOTALES / TOTAL,1
Potosí,50802,Atocha,2011,8,TOTALES / TOTAL,1
La Paz,21203,Batallas,2011,8,TOTALES / TOTAL,1
Tarija,60202,Bermejo,2011,8,TOTALES / TOTAL,8
Potosí,50301,Betanzos,2011,8,TOTALES / TOTAL,7
Pando,90103,Bolpebra,2011,8,TOTALES / TOTAL,1
Chuquisaca,10701,Camargo,2011,8,TOTALES / TOTAL,5
Cochabamba,30701,Capinota,2011,8,TOTALES / TOTAL,80
La Paz,22001,Caranavi,2011,8,TOTALES / TOTAL,2
Cochabamba,30801,Cliza,2011,8,TOTALES / TOTAL,45
Pando,90101,Cobija,2011,8,TOTALES / TOTAL,7
Cochabamba,30101,Cochabamba,2011,8,TOTALES / TOTAL,924
Cochabamba,30905,Colcapirhua,2011,8,TOTALES / TOTAL,47
Santa Cruz,70603,Colpa Belgica,2011,8,TOTALES / TOTAL,1
Santa Cruz,71101,Concepcion,2011,8,TOTALES / TOTAL,3
La Paz,21401,Coroico,2011,8,TOTALES / TOTAL,4
Santa Cruz,70102,Cotoca,2011,8,TOTALES / TOTAL,3
Santa Cruz,71106,Cuatro Cañadas,2011,8,TOTALES / TOTAL,2
La Paz,20105,El Alto,2011,8,TOTALES / TOTAL,830
Santa Cruz,71503,El Puente(stc),2011,8,TOTALES / TOTAL,4
Santa Cruz,70105,El Torno,2011,8,TOTALES / TOTAL,7
La Paz,21601,Gral. J.j. Perez (charazani),2011,8,TOTALES / TOTAL,8
Santa Cruz,70705,Gutierrez,2011,8,TOTALES / TOTAL,19
La Paz,20203,Huarina,2011,8,TOTALES / TOTAL,2
La Paz,21102,Irupana (villa De Lanza),2011,8,TOTALES / TOTAL,1
La Paz,20806,Jesus De Machaca,2011,8,TOTALES / TOTAL,1
Santa Cruz,70104,La Guardia,2011,8,TOTALES / TOTAL,13
La Paz,20101,La Paz,2011,8,TOTALES / TOTAL,2294
Oruro,40702,Machacamarca,2011,8,TOTALES / TOTAL,12
Chuquisaca,11003,Machareti,2011,8,TOTALES / TOTAL,2
Chuquisaca,10501,Monteagudo,2011,8,TOTALES / TOTAL,1
Santa Cruz,71001,Montero,2011,8,TOTALES / TOTAL,1
Pando,90401,Nacebe (santa Rosa Del Abuna),2011,8,TOTALES / TOTAL,1
Pando,90501,Nuevo Manoa (nueva Esperanza),2011,8,TOTALES / TOTAL,3
Oruro,40101,Oruro,2011,8,TOTALES / TOTAL,610
Chuquisaca,10401,Padilla,2011,8,TOTALES / TOTAL,2
La Paz,20102,Palca,2011,8,TOTALES / TOTAL,3
La Paz,21305,Patacamaya,2011,8,TOTALES / TOTAL,2
Oruro,40602,Pazña,2011,8,TOTALES / TOTAL,4
Santa Cruz,70601,Portachuelo,2011,8,TOTALES / TOTAL,43
Potosí,50101,Potosi,2011,8,TOTALES / TOTAL,167
Pando,90301,Puerto Gonzalo Moreno,2011,8,TOTALES / TOTAL,10
Pando,90201,Puerto Rico,2011,8,TOTALES / TOTAL,1
Potosí,51101,Puna,2011,8,TOTALES / TOTAL,1
Cochabamba,30901,Quillacollo,2011,8,TOTALES / TOTAL,65
Beni,80201,Riberalta,2011,8,TOTALES / TOTAL,5
Santa Cruz,70503,Robore,2011,8,TOTALES / TOTAL,2
Cochabamba,31001,Sacaba,2011,8,TOTALES / TOTAL,161
Cochabamba,31403,San Benito,2011,8,TOTALES / TOTAL,4
Beni,80302,San Borja,2011,8,TOTALES / TOTAL,2
Santa Cruz,70402,San Carlos,2011,8,TOTALES / TOTAL,9
Beni,80501,San Ignacio,2011,8,TOTALES / TOTAL,2
Santa Cruz,70404,San Juan De Yapacani,2011,8,TOTALES / TOTAL,1
Chuquisaca,10702,San Lucas,2011,8,TOTALES / TOTAL,7
Santa Cruz,70302,San Miguel De Velasco,2011,8,TOTALES / TOTAL,5
Santa Cruz,70101,Santa Cruz De La Sierra,2011,8,TOTALES / TOTAL,536
Cochabamba,31602,Shinaota,2011,8,TOTALES / TOTAL,137
Cochabamba,30902,Sipe Sipe,2011,8,TOTALES / TOTAL,3
Oruro,40104,Soracachi,2011,8,TOTALES / TOTAL,2
Chuquisaca,10101,Sucre,2011,8,TOTALES / TOTAL,280
La Paz,20603,Tacacoma,2011,8,TOTALES / TOTAL,1
Chuquisaca,10601,Tarabuco,2011,8,TOTALES / TOTAL,2
Tarija,60101,Tarija,2011,8,TOTALES / TOTAL,343
La Paz,20608,Teoponte,2011,8,TOTALES / TOTAL,2
La Paz,20803,Tiawanacu,2011,8,TOTALES / TOTAL,1
La Paz,20606,Tipuani,2011,8,TOTALES / TOTAL,4
Cochabamba,30903,Tiquipaya,2011,8,TOTALES / TOTAL,41
Oruro,41001,Toledo,2011,8,TOTALES / TOTAL,2
Chuquisaca,10402,Tomina,2011,8,TOTALES / TOTAL,1
Cochabamba,31201,Totora(cbba),2011,8,TOTALES / TOTAL,4
Beni,80101,Trinidad,2011,8,TOTALES / TOTAL,83
Potosí,50801,Tupiza,2011,8,TOTALES / TOTAL,133
Potosí,51201,Uyuni,2011,8,TOTALES / TOTAL,6
La Paz,20801,Viacha,2011,8,TOTALES / TOTAL,47
Tarija,60303,Villa Montes,2011,8,TOTALES / TOTAL,2
Pando,90502,Villa Nueva (loma Alta),2011,8,TOTALES / TOTAL,2
Cochabamba,31402,Villa Rivero,2011,8,TOTALES / TOTAL,1
Cochabamba,31003,Villa Tunari,2011,8,TOTALES / TOTAL,5
Chuquisaca,11001,Villa Vaca Guzman (muyupampa),2011,8,TOTALES / TOTAL,2
Potosí,51501,Villazon,2011,8,TOTALES / TOTAL,1
Cochabamba,30904,Vinto,2011,8,TOTALES / TOTAL,5
Santa Cruz,70201,Warnes,2011,8,TOTALES / TOTAL,3
Tarija,60301,Yacuiba,2011,8,TOTALES / TOTAL,2
Chuquisaca,10102,Yotala,2011,8,TOTALES / TOTAL,13
La Paz,20201,Achacachi,2011,9,TOTALES / TOTAL,13
Cochabamba,30201,Aiquile,2011,9,TOTALES / TOTAL,110
Chuquisaca,10404,Alcala,2011,9,TOTALES / TOTAL,1
Oruro,41201,Andamarca,2011,9,TOTALES / TOTAL,1
Cochabamba,30402,Anzaldo,2011,9,TOTALES / TOTAL,2
La Paz,20701,Apolo,2011,9,TOTALES / TOTAL,1
Cochabamba,30403,Arbieto,2011,9,TOTALES / TOTAL,1
Tarija,60202,Bermejo,2011,9,TOTALES / TOTAL,28
Potosí,50301,Betanzos,2011,9,TOTALES / TOTAL,7
Santa Cruz,70703,Cabezas,2011,9,TOTALES / TOTAL,5
Santa Cruz,70706,Camiri,2011,9,TOTALES / TOTAL,1
Cochabamba,30701,Capinota,2011,9,TOTALES / TOTAL,13
La Paz,22001,Caranavi,2011,9,TOTALES / TOTAL,1
Cochabamba,30801,Cliza,2011,9,TOTALES / TOTAL,38
Pando,90101,Cobija,2011,9,TOTALES / TOTAL,1
Cochabamba,30101,Cochabamba,2011,9,TOTALES / TOTAL,579
Cochabamba,30905,Colcapirhua,2011,9,TOTALES / TOTAL,61
Santa Cruz,71301,Comarapa,2011,9,TOTALES / TOTAL,1
Santa Cruz,70102,Cotoca,2011,9,TOTALES / TOTAL,3
Santa Cruz,71106,Cuatro Cañadas,2011,9,TOTALES / TOTAL,2
La Paz,20105,El Alto,2011,9,TOTALES / TOTAL,955
Santa Cruz,71503,El Puente(stc),2011,9,TOTALES / TOTAL,2
Santa Cruz,70105,El Torno,2011,9,TOTALES / TOTAL,2
Cochabamba,31206,Entre Rios Cbba,2011,9,TOTALES / TOTAL,59
La Paz,21601,Gral. J.j. Perez (charazani),2011,9,TOTALES / TOTAL,1
La Paz,20802,Guaqui,2011,9,TOTALES / TOTAL,1
Beni,80202,Guayaramerin,2011,9,TOTALES / TOTAL,58
La Paz,21102,Irupana (villa De Lanza),2011,9,TOTALES / TOTAL,1
La Paz,20806,Jesus De Machaca,2011,9,TOTALES / TOTAL,1
Santa Cruz,70104,La Guardia,2011,9,TOTALES / TOTAL,2
La Paz,20101,La Paz,2011,9,TOTALES / TOTAL,1946
Beni,80601,Loreto,2011,9,TOTALES / TOTAL,1
Oruro,40702,Machacamarca,2011,9,TOTALES / TOTAL,6
La Paz,20103,Mecapaca,2011,9,TOTALES / TOTAL,2
Santa Cruz,71003,Mineros,2011,9,TOTALES / TOTAL,1
Chuquisaca,10501,Monteagudo,2011,9,TOTALES / TOTAL,5
Santa Cruz,71001,Montero,2011,9,TOTALES / TOTAL,53
Pando,90401,Nacebe (santa Rosa Del Abuna),2011,9,TOTALES / TOTAL,1
Oruro,40101,Oruro,2011,9,TOTALES / TOTAL,328
Oruro,40602,Pazña,2011,9,TOTALES / TOTAL,3
Santa Cruz,70103,Porongo,2011,9,TOTALES / TOTAL,3
Santa Cruz,70601,Portachuelo,2011,9,TOTALES / TOTAL,32
Potosí,50101,Potosi,2011,9,TOTALES / TOTAL,77
La Paz,20401,Puerto Acosta,2011,9,TOTALES / TOTAL,1
Pando,90301,Puerto Gonzalo Moreno,2011,9,TOTALES / TOTAL,5
La Paz,21204,Puerto Perez,2011,9,TOTALES / TOTAL,1
Santa Cruz,71401,Puerto Suarez,2011,9,TOTALES / TOTAL,2
Cochabamba,31205,Puerto Villarroel,2011,9,TOTALES / TOTAL,3
Cochabamba,31401,Punata,2011,9,TOTALES / TOTAL,3
Cochabamba,30901,Quillacollo,2011,9,TOTALES / TOTAL,74
Beni,80201,Riberalta,2011,9,TOTALES / TOTAL,7
Cochabamba,31001,Sacaba,2011,9,TOTALES / TOTAL,127
Cochabamba,31403,San Benito,2011,9,TOTALES / TOTAL,1
Beni,80302,San Borja,2011,9,TOTALES / TOTAL,5
Santa Cruz,70402,San Carlos,2011,9,TOTALES / TOTAL,30
Beni,80501,San Ignacio,2011,9,TOTALES / TOTAL,2
Santa Cruz,70301,San Ignacio De Velasco,2011,9,TOTALES / TOTAL,1
Beni,80102,San Javier(bni),2011,9,TOTALES / TOTAL,2
Santa Cruz,70501,San Jose De Chiquitos,2011,9,TOTALES / TOTAL,2
Santa Cruz,70302,San Miguel De Velasco,2011,9,TOTALES / TOTAL,1
Beni,80401,Santa Ana,2011,9,TOTALES / TOTAL,1
Santa Cruz,70101,Santa Cruz De La Sierra,2011,9,TOTALES / TOTAL,574
Santa Cruz,70602,Santa Rosa Del Sara,2011,9,TOTALES / TOTAL,1
Cochabamba,31602,Shinaota,2011,9,TOTALES / TOTAL,103
Cochabamba,30902,Sipe Sipe,2011,9,TOTALES / TOTAL,1
La Paz,20601,Sorata,2011,9,TOTALES / TOTAL,2
Chuquisaca,10101,Sucre,2011,9,TOTALES / TOTAL,259
Tarija,60101,Tarija,2011,9,TOTALES / TOTAL,338
La Paz,20606,Tipuani,2011,9,TOTALES / TOTAL,90
Cochabamba,30903,Tiquipaya,2011,9,TOTALES / TOTAL,20
Chuquisaca,10402,Tomina,2011,9,TOTALES / TOTAL,1
Cochabamba,31201,Totora(cbba),2011,9,TOTALES / TOTAL,6
Beni,80101,Trinidad,2011,9,TOTALES / TOTAL,102
Potosí,50801,Tupiza,2011,9,TOTALES / TOTAL,195
Potosí,51201,Uyuni,2011,9,TOTALES / TOTAL,7
Cochabamba,30502,Vacas,2011,9,TOTALES / TOTAL,2
La Paz,20801,Viacha,2011,9,TOTALES / TOTAL,52
Cochabamba,31302,Vila Vila,2011,9,TOTALES / TOTAL,2
Pando,90502,Villa Nueva (loma Alta),2011,9,TOTALES / TOTAL,1
Cochabamba,31402,Villa Rivero,2011,9,TOTALES / TOTAL,1
Cochabamba,31003,Villa Tunari,2011,9,TOTALES / TOTAL,2
Cochabamba,30904,Vinto,2011,9,TOTALES / TOTAL,4
Santa Cruz,70201,Warnes,2011,9,TOTALES / TOTAL,2
Tarija,60301,Yacuiba,2011,9,TOTALES / TOTAL,3
Santa Cruz,70403,Yapacani,2011,9,TOTALES / TOTAL,1
Chuquisaca,10102,Yotala,2011,9,TOTALES / TOTAL,17
Cochabamba,30201,Aiquile,2011,10,TOTALES / TOTAL,122
Potosí,50802,Atocha,2011,10,TOTALES / TOTAL,2
Beni,80802,Baures,2011,10,TOTALES / TOTAL,1
Tarija,60202,Bermejo,2011,10,TOTALES / TOTAL,2
Potosí,50301,Betanzos,2011,10,TOTALES / TOTAL,17
Pando,90103,Bolpebra,2011,10,TOTALES / TOTAL,1
Chuquisaca,10701,Camargo,2011,10,TOTALES / TOTAL,11
Cochabamba,30701,Capinota,2011,10,TOTALES / TOTAL,1
La Paz,22001,Caranavi,2011,10,TOTALES / TOTAL,51
Santa Cruz,71403,Carmen Rivero Torrez,2011,10,TOTALES / TOTAL,1
La Paz,21101,Chulumani (v. De La Libertad),2011,10,TOTALES / TOTAL,2
Cochabamba,30801,Cliza,2011,10,TOTALES / TOTAL,36
Pando,90101,Cobija,2011,10,TOTALES / TOTAL,61
Cochabamba,30101,Cochabamba,2011,10,TOTALES / TOTAL,779
Cochabamba,30905,Colcapirhua,2011,10,TOTALES / TOTAL,72
Santa Cruz,70603,Colpa Belgica,2011,10,TOTALES / TOTAL,6
La Paz,21004,Colquiri,2011,10,TOTALES / TOTAL,3
La Paz,21402,Coripata,2011,10,TOTALES / TOTAL,13
La Paz,21401,Coroico,2011,10,TOTALES / TOTAL,12
Potosí,50601,Cotagaita,2011,10,TOTALES / TOTAL,1
Santa Cruz,70102,Cotoca,2011,10,TOTALES / TOTAL,1
Santa Cruz,71106,Cuatro Cañadas,2011,10,TOTALES / TOTAL,1
La Paz,20105,El Alto,2011,10,TOTALES / TOTAL,721
Santa Cruz,71503,El Puente(stc),2011,10,TOTALES / TOTAL,7
Santa Cruz,71004,Fernandez Alonso,2011,10,TOTALES / TOTAL,14
Beni,80202,Guayaramerin,2011,10,TOTALES / TOTAL,13
Santa Cruz,70705,Gutierrez,2011,10,TOTALES / TOTAL,18
La Paz,21102,Irupana (villa De Lanza),2011,10,TOTALES / TOTAL,1
La Paz,21105,La Asunta,2011,10,TOTALES / TOTAL,3
Santa Cruz,70104,La Guardia,2011,10,TOTALES / TOTAL,3
La Paz,20101,La Paz,2011,10,TOTALES / TOTAL,2060
Oruro,40702,Machacamarca,2011,10,TOTALES / TOTAL,6
La Paz,20103,Mecapaca,2011,10,TOTALES / TOTAL,12
Chuquisaca,10501,Monteagudo,2011,10,TOTALES / TOTAL,8
Santa Cruz,71001,Montero,2011,10,TOTALES / TOTAL,53
Santa Cruz,70803,Moro Moro,2011,10,TOTALES / TOTAL,2
Pando,90501,Nuevo Manoa (nueva Esperanza),2011,10,TOTALES / TOTAL,1
Oruro,40101,Oruro,2011,10,TOTALES / TOTAL,250
Tarija,60201,Padcaya,2011,10,TOTALES / TOTAL,1
Oruro,40602,Pazña,2011,10,TOTALES / TOTAL,3
Santa Cruz,70103,Porongo,2011,10,TOTALES / TOTAL,5
Santa Cruz,70601,Portachuelo,2011,10,TOTALES / TOTAL,34
Potosí,50101,Potosi,2011,10,TOTALES / TOTAL,59
La Paz,21201,Pucarani,2011,10,TOTALES / TOTAL,2
Pando,90301,Puerto Gonzalo Moreno,2011,10,TOTALES / TOTAL,5
Santa Cruz,71402,Puerto Quijarro,2011,10,TOTALES / TOTAL,1
Cochabamba,31205,Puerto Villarroel,2011,10,TOTALES / TOTAL,2
Cochabamba,31401,Punata,2011,10,TOTALES / TOTAL,1
Cochabamba,30901,Quillacollo,2011,10,TOTALES / TOTAL,73
Beni,80201,Riberalta,2011,10,TOTALES / TOTAL,59
Santa Cruz,70503,Robore,2011,10,TOTALES / TOTAL,1
Cochabamba,31001,Sacaba,2011,10,TOTALES / TOTAL,110
Cochabamba,31403,San Benito,2011,10,TOTALES / TOTAL,1
Beni,80302,San Borja,2011,10,TOTALES / TOTAL,6
Beni,80501,San Ignacio,2011,10,TOTALES / TOTAL,6
Chuquisaca,10702,San Lucas,2011,10,TOTALES / TOTAL,1
Santa Cruz,70302,San Miguel De Velasco,2011,10,TOTALES / TOTAL,14
Santa Cruz,70101,Santa Cruz De La Sierra,2011,10,TOTALES / TOTAL,468
Santa Cruz,70602,Santa Rosa Del Sara,2011,10,TOTALES / TOTAL,21
Cochabamba,31602,Shinaota,2011,10,TOTALES / TOTAL,127
Cochabamba,30902,Sipe Sipe,2011,10,TOTALES / TOTAL,1
Oruro,40104,Soracachi,2011,10,TOTALES / TOTAL,3
La Paz,20601,Sorata,2011,10,TOTALES / TOTAL,1
Chuquisaca,10101,Sucre,2011,10,TOTALES / TOTAL,277
La Paz,20603,Tacacoma,2011,10,TOTALES / TOTAL,1
Cochabamba,30401,Tarata,2011,10,TOTALES / TOTAL,1
Tarija,60101,Tarija,2011,10,TOTALES / TOTAL,286
Cochabamba,30903,Tiquipaya,2011,10,TOTALES / TOTAL,23
Chuquisaca,10402,Tomina,2011,10,TOTALES / TOTAL,1
Cochabamba,31201,Totora(cbba),2011,10,TOTALES / TOTAL,4
Beni,80101,Trinidad,2011,10,TOTALES / TOTAL,193
Potosí,50801,Tupiza,2011,10,TOTALES / TOTAL,84
Cochabamba,30502,Vacas,2011,10,TOTALES / TOTAL,4
La Paz,20801,Viacha,2011,10,TOTALES / TOTAL,26
Cochabamba,31302,Vila Vila,2011,10,TOTALES / TOTAL,1
Tarija,60303,Villa Montes,2011,10,TOTALES / TOTAL,2
Pando,90502,Villa Nueva (loma Alta),2011,10,TOTALES / TOTAL,1
Chuquisaca,10801,Villa Serrano,2011,10,TOTALES / TOTAL,1
Cochabamba,31003,Villa Tunari,2011,10,TOTALES / TOTAL,6
Potosí,51501,Villazon,2011,10,TOTALES / TOTAL,5
Cochabamba,30904,Vinto,2011,10,TOTALES / TOTAL,2
Santa Cruz,70201,Warnes,2011,10,TOTALES / TOTAL,5
Tarija,60301,Yacuiba,2011,10,TOTALES / TOTAL,6
Santa Cruz,70403,Yapacani,2011,10,TOTALES / TOTAL,1
Cochabamba,30201,Aiquile,2011,11,TOTALES / TOTAL,96
La Paz,22002,Alto Beni,2011,11,TOTALES / TOTAL,1
Cochabamba,30501,Arani,2011,11,TOTALES / TOTAL,1
Chuquisaca,10201,Azurduy,2011,11,TOTALES / TOTAL,1
Potosí,50301,Betanzos,2011,11,TOTALES / TOTAL,19
La Paz,21304,Calamarca,2011,11,TOTALES / TOTAL,1
Chuquisaca,10701,Camargo,2011,11,TOTALES / TOTAL,1
Cochabamba,30701,Capinota,2011,11,TOTALES / TOTAL,4
Oruro,40102,Caracollo,2011,11,TOTALES / TOTAL,2
La Paz,22001,Caranavi,2011,11,TOTALES / TOTAL,42
Tarija,60302,Carapari,2011,11,TOTALES / TOTAL,1
La Paz,21101,Chulumani (v. De La Libertad),2011,11,TOTALES / TOTAL,1
Cochabamba,30801,Cliza,2011,11,TOTALES / TOTAL,29
Pando,90101,Cobija,2011,11,TOTALES / TOTAL,3
Cochabamba,30101,Cochabamba,2011,11,TOTALES / TOTAL,928
Cochabamba,30905,Colcapirhua,2011,11,TOTALES / TOTAL,48
La Paz,21402,Coripata,2011,11,TOTALES / TOTAL,13
La Paz,20301,Coro Coro,2011,11,TOTALES / TOTAL,3
La Paz,21401,Coroico,2011,11,TOTALES / TOTAL,6
Santa Cruz,71106,Cuatro Cañadas,2011,11,TOTALES / TOTAL,1
La Paz,20804,Desaguadero,2011,11,TOTALES / TOTAL,1
La Paz,20105,El Alto,2011,11,TOTALES / TOTAL,607
Santa Cruz,71503,El Puente(stc),2011,11,TOTALES / TOTAL,7
Santa Cruz,70105,El Torno,2011,11,TOTALES / TOTAL,5
Beni,80202,Guayaramerin,2011,11,TOTALES / TOTAL,16
Santa Cruz,70705,Gutierrez,2011,11,TOTALES / TOTAL,25
Santa Cruz,70104,La Guardia,2011,11,TOTALES / TOTAL,2
La Paz,20101,La Paz,2011,11,TOTALES / TOTAL,1383
La Paz,21202,Laja,2011,11,TOTALES / TOTAL,2
Oruro,40702,Machacamarca,2011,11,TOTALES / TOTAL,6
Chuquisaca,11003,Machareti,2011,11,TOTALES / TOTAL,1
Potosí,51002,Mojinete,2011,11,TOTALES / TOTAL,1
Chuquisaca,10501,Monteagudo,2011,11,TOTALES / TOTAL,6
Santa Cruz,71001,Montero,2011,11,TOTALES / TOTAL,15
Santa Cruz,70803,Moro Moro,2011,11,TOTALES / TOTAL,3
Cochabamba,30203,Omereque,2011,11,TOTALES / TOTAL,2
Oruro,40101,Oruro,2011,11,TOTALES / TOTAL,187
La Paz,21104,Palos Blancos,2011,11,TOTALES / TOTAL,5
La Paz,21305,Patacamaya,2011,11,TOTALES / TOTAL,1
Santa Cruz,70103,Porongo,2011,11,TOTALES / TOTAL,2
Santa Cruz,70601,Portachuelo,2011,11,TOTALES / TOTAL,45
Potosí,50101,Potosi,2011,11,TOTALES / TOTAL,43
La Paz,21201,Pucarani,2011,11,TOTALES / TOTAL,1
Pando,90301,Puerto Gonzalo Moreno,2011,11,TOTALES / TOTAL,16
La Paz,21204,Puerto Perez,2011,11,TOTALES / TOTAL,2
Pando,90201,Puerto Rico,2011,11,TOTALES / TOTAL,1
Cochabamba,31205,Puerto Villarroel,2011,11,TOTALES / TOTAL,1
Cochabamba,31401,Punata,2011,11,TOTALES / TOTAL,2
Cochabamba,30901,Quillacollo,2011,11,TOTALES / TOTAL,91
Beni,80201,Riberalta,2011,11,TOTALES / TOTAL,15
Cochabamba,31001,Sacaba,2011,11,TOTALES / TOTAL,61
Cochabamba,30404,Sacabamba,2011,11,TOTALES / TOTAL,1
Cochabamba,31403,San Benito,2011,11,TOTALES / TOTAL,9
Beni,80302,San Borja,2011,11,TOTALES / TOTAL,54
Beni,80501,San Ignacio,2011,11,TOTALES / TOTAL,2
Santa Cruz,70301,San Ignacio De Velasco,2011,11,TOTALES / TOTAL,5
Chuquisaca,10702,San Lucas,2011,11,TOTALES / TOTAL,5
Santa Cruz,70302,San Miguel De Velasco,2011,11,TOTALES / TOTAL,3
Beni,80401,Santa Ana,2011,11,TOTALES / TOTAL,1
Santa Cruz,70101,Santa Cruz De La Sierra,2011,11,TOTALES / TOTAL,354
Santa Cruz,70602,Santa Rosa Del Sara,2011,11,TOTALES / TOTAL,5
Cochabamba,31602,Shinaota,2011,11,TOTALES / TOTAL,125
Cochabamba,30902,Sipe Sipe,2011,11,TOTALES / TOTAL,1
Oruro,40104,Soracachi,2011,11,TOTALES / TOTAL,3
La Paz,20601,Sorata,2011,11,TOTALES / TOTAL,1
Chuquisaca,10101,Sucre,2011,11,TOTALES / TOTAL,407
Tarija,60101,Tarija,2011,11,TOTALES / TOTAL,294
La Paz,20803,Tiawanacu,2011,11,TOTALES / TOTAL,1
Cochabamba,30903,Tiquipaya,2011,11,TOTALES / TOTAL,24
Cochabamba,30802,Toco,2011,11,TOTALES / TOTAL,1
Chuquisaca,10402,Tomina,2011,11,TOTALES / TOTAL,1
Cochabamba,31201,Totora(cbba),2011,11,TOTALES / TOTAL,18
Oruro,41301,Totora(orr),2011,11,TOTALES / TOTAL,3
Beni,80101,Trinidad,2011,11,TOTALES / TOTAL,47
Potosí,50801,Tupiza,2011,11,TOTALES / TOTAL,107
Potosí,51201,Uyuni,2011,11,TOTALES / TOTAL,7
Cochabamba,30502,Vacas,2011,11,TOTALES / TOTAL,3
La Paz,20801,Viacha,2011,11,TOTALES / TOTAL,61
Cochabamba,31402,Villa Rivero,2011,11,TOTALES / TOTAL,1
Cochabamba,31003,Villa Tunari,2011,11,TOTALES / TOTAL,5
Potosí,51501,Villazon,2011,11,TOTALES / TOTAL,12
Cochabamba,30904,Vinto,2011,11,TOTALES / TOTAL,2
Tarija,60301,Yacuiba,2011,11,TOTALES / TOTAL,1
Chuquisaca,10102,Yotala,2011,11,TOTALES / TOTAL,1
La Paz,20201,Achacachi,2011,12,TOTALES / TOTAL,3
Cochabamba,30201,Aiquile,2011,12,TOTALES / TOTAL,90
Potosí,50802,Atocha,2011,12,TOTALES / TOTAL,3
Tarija,60202,Bermejo,2011,12,TOTALES / TOTAL,2
Potosí,50301,Betanzos,2011,12,TOTALES / TOTAL,11
Tarija,60302,Carapari,2011,12,TOTALES / TOTAL,2
Santa Cruz,71403,Carmen Rivero Torrez,2011,12,TOTALES / TOTAL,1
Cochabamba,31204,Chimore,2011,12,TOTALES / TOTAL,2
Cochabamba,30801,Cliza,2011,12,TOTALES / TOTAL,32
Pando,90101,Cobija,2011,12,TOTALES / TOTAL,8
Cochabamba,30101,Cochabamba,2011,12,TOTALES / TOTAL,503
Cochabamba,30905,Colcapirhua,2011,12,TOTALES / TOTAL,34
La Paz,21402,Coripata,2011,12,TOTALES / TOTAL,1
La Paz,20301,Coro Coro,2011,12,TOTALES / TOTAL,1
La Paz,21401,Coroico,2011,12,TOTALES / TOTAL,11
Santa Cruz,70102,Cotoca,2011,12,TOTALES / TOTAL,3
La Paz,20105,El Alto,2011,12,TOTALES / TOTAL,438
Santa Cruz,70105,El Torno,2011,12,TOTALES / TOTAL,2
La Paz,21601,Gral. J.j. Perez (charazani),2011,12,TOTALES / TOTAL,3
Beni,80202,Guayaramerin,2011,12,TOTALES / TOTAL,13
Santa Cruz,70705,Gutierrez,2011,12,TOTALES / TOTAL,10
Oruro,40501,Huachacalla,2011,12,TOTALES / TOTAL,2
Santa Cruz,70104,La Guardia,2011,12,TOTALES / TOTAL,1
La Paz,20101,La Paz,2011,12,TOTALES / TOTAL,942
Oruro,40702,Machacamarca,2011,12,TOTALES / TOTAL,2
Chuquisaca,10501,Monteagudo,2011,12,TOTALES / TOTAL,4
Santa Cruz,71001,Montero,2011,12,TOTALES / TOTAL,47
Santa Cruz,70803,Moro Moro,2011,12,TOTALES / TOTAL,2
Potosí,50404,Ocuri,2011,12,TOTALES / TOTAL,4
Oruro,40101,Oruro,2011,12,TOTALES / TOTAL,96
Cochabamba,31203,Pocona,2011,12,TOTALES / TOTAL,3
Santa Cruz,70103,Porongo,2011,12,TOTALES / TOTAL,2
Santa Cruz,70601,Portachuelo,2011,12,TOTALES / TOTAL,32
Potosí,50101,Potosi,2011,12,TOTALES / TOTAL,20
La Paz,21201,Pucarani,2011,12,TOTALES / TOTAL,2
Pando,90301,Puerto Gonzalo Moreno,2011,12,TOTALES / TOTAL,12
La Paz,21204,Puerto Perez,2011,12,TOTALES / TOTAL,5
Santa Cruz,71402,Puerto Quijarro,2011,12,TOTALES / TOTAL,1
Pando,90201,Puerto Rico,2011,12,TOTALES / TOTAL,1
Cochabamba,31205,Puerto Villarroel,2011,12,TOTALES / TOTAL,4
Potosí,51101,Puna,2011,12,TOTALES / TOTAL,1
Cochabamba,31401,Punata,2011,12,TOTALES / TOTAL,2
Cochabamba,30901,Quillacollo,2011,12,TOTALES / TOTAL,21
Beni,80201,Riberalta,2011,12,TOTALES / TOTAL,7
Santa Cruz,70503,Robore,2011,12,TOTALES / TOTAL,1
Cochabamba,31001,Sacaba,2011,12,TOTALES / TOTAL,57
Potosí,50701,Sacaca,2011,12,TOTALES / TOTAL,1
Santa Cruz,71302,Saipina,2011,12,TOTALES / TOTAL,2
Beni,80302,San Borja,2011,12,TOTALES / TOTAL,3
Santa Cruz,70301,San Ignacio De Velasco,2011,12,TOTALES / TOTAL,1
Santa Cruz,70501,San Jose De Chiquitos,2011,12,TOTALES / TOTAL,2
Chuquisaca,10702,San Lucas,2011,12,TOTALES / TOTAL,9
Santa Cruz,70302,San Miguel De Velasco,2011,12,TOTALES / TOTAL,4
Santa Cruz,70101,Santa Cruz De La Sierra,2011,12,TOTALES / TOTAL,475
Santa Cruz,70602,Santa Rosa Del Sara,2011,12,TOTALES / TOTAL,15
La Paz,21901,Santiago De Machaca,2011,12,TOTALES / TOTAL,1
Cochabamba,31602,Shinaota,2011,12,TOTALES / TOTAL,153
La Paz,20601,Sorata,2011,12,TOTALES / TOTAL,2
Chuquisaca,10101,Sucre,2011,12,TOTALES / TOTAL,101
Cochabamba,30401,Tarata,2011,12,TOTALES / TOTAL,2
Tarija,60101,Tarija,2011,12,TOTALES / TOTAL,96
La Paz,20608,Teoponte,2011,12,TOTALES / TOTAL,1
La Paz,20803,Tiawanacu,2011,12,TOTALES / TOTAL,1
Cochabamba,30903,Tiquipaya,2011,12,TOTALES / TOTAL,18
Chuquisaca,10402,Tomina,2011,12,TOTALES / TOTAL,1
Cochabamba,31201,Totora(cbba),2011,12,TOTALES / TOTAL,16
Beni,80101,Trinidad,2011,12,TOTALES / TOTAL,55
Potosí,50801,Tupiza,2011,12,TOTALES / TOTAL,126
Potosí,51201,Uyuni,2011,12,TOTALES / TOTAL,4
Cochabamba,30502,Vacas,2011,12,TOTALES / TOTAL,2
La Paz,20801,Viacha,2011,12,TOTALES / TOTAL,71
Cochabamba,31302,Vila Vila,2011,12,TOTALES / TOTAL,1
Tarija,60303,Villa Montes,2011,12,TOTALES / TOTAL,1
Cochabamba,31402,Villa Rivero,2011,12,TOTALES / TOTAL,1
Cochabamba,31003,Villa Tunari,2011,12,TOTALES / TOTAL,2
Potosí,51501,Villazon,2011,12,TOTALES / TOTAL,1
Cochabamba,30904,Vinto,2011,12,TOTALES / TOTAL,6
Tarija,60301,Yacuiba,2011,12,TOTALES / TOTAL,7
Chuquisaca,10301,Zudañez,2011,12,TOTALES / TOTAL,1
