municipality,group,variable,month,Partos atendidos por personal de salud calificado,TOTAL
ACHACACHI,atencion de partos en servicios,partos atendidos por personal de salud calificado,2023-01-01,1,1
ALALAY,atencion de partos en servicios,partos atendidos por personal de salud calificado,2023-01-01,3,3
ALTO BENI,atencion de partos en servicios,partos atendidos por personal de salud calificado,2023-01-01,2,2
ANZALDO,atencion de partos en servicios,partos atendidos por personal de salud calificado,2023-01-01,4,4
ARBIETO,atencion de partos en servicios,partos atendidos por personal de salud calificado,2023-01-01,9,9
ASCENCION DE GUARAYOS,atencion de partos en servicios,partos atendidos por personal de salud calificado,2023-01-01,28,28
AYOPAYA (V. DE INDEPENDENCIA),atencion de partos en servicios,partos atendidos por personal de salud calificado,2023-01-01,1,1
BATALLAS,atencion de partos en servicios,partos atendidos por personal de salud calificado,2023-01-01,2,2
BAURES,atencion de partos en servicios,partos atendidos por personal de salud calificado,2023-01-01,5,5
BETANZOS,atencion de partos en servicios,partos atendidos por personal de salud calificado,2023-01-01,3,3
BOLIVAR,atencion de partos en servicios,partos atendidos por personal de salud calificado,2023-01-01,2,2
BUENA VISTA,atencion de partos en servicios,partos atendidos por personal de salud calificado,2023-01-01,4,4
CAIROMA,atencion de partos en servicios,partos atendidos por personal de salud calificado,2023-01-01,1,1
"CAIZA ""D""",atencion de partos en servicios,partos atendidos por personal de salud calificado,2023-01-01,1,1
CALAMARCA,atencion de partos en servicios,partos atendidos por personal de salud calificado,2023-01-01,1,1
CAMIRI,atencion de partos en servicios,partos atendidos por personal de salud calificado,2023-01-01,35,35
CAQUIAVIRI,atencion de partos en servicios,partos atendidos por personal de salud calificado,2023-01-01,1,1
CARANAVI,atencion de partos en servicios,partos atendidos por personal de salud calificado,2023-01-01,6,6
CARAPARI,atencion de partos en servicios,partos atendidos por personal de salud calificado,2023-01-01,5,5
CARIPUYO,atencion de partos en servicios,partos atendidos por personal de salud calificado,2023-01-01,2,2
CARMEN RIVERO TORREZ,atencion de partos en servicios,partos atendidos por personal de salud calificado,2023-01-01,7,7
CHAQUI,atencion de partos en servicios,partos atendidos por personal de salud calificado,2023-01-01,2,2
CHARAGUA,atencion de partos en servicios,partos atendidos por personal de salud calificado,2023-01-01,4,4
CHIMORE,atencion de partos en servicios,partos atendidos por personal de salud calificado,2023-01-01,19,19
CHOQUE COTA,atencion de partos en servicios,partos atendidos por personal de salud calificado,2023-01-01,1,1
CHUA COCANI,atencion de partos en servicios,partos atendidos por personal de salud calificado,2023-01-01,1,1
CHULUMANI (V. DE LA LIBERTAD),atencion de partos en servicios,partos atendidos por personal de salud calificado,2023-01-01,2,2
CKOCHAS,atencion de partos en servicios,partos atendidos por personal de salud calificado,2023-01-01,2,2
COBIJA,atencion de partos en servicios,partos atendidos por personal de salud calificado,2023-01-01,18,18
COCHABAMBA,atencion de partos en servicios,partos atendidos por personal de salud calificado,2023-01-01,42,42
COIPASA,atencion de partos en servicios,partos atendidos por personal de salud calificado,2023-01-01,2,2
COLOMI,atencion de partos en servicios,partos atendidos por personal de salud calificado,2023-01-01,2,2
COLQUECHACA,atencion de partos en servicios,partos atendidos por personal de salud calificado,2023-01-01,5,5
COLQUENCHA,atencion de partos en servicios,partos atendidos por personal de salud calificado,2023-01-01,1,1
COMARAPA,atencion de partos en servicios,partos atendidos por personal de salud calificado,2023-01-01,19,19
COTAGAITA,atencion de partos en servicios,partos atendidos por personal de salud calificado,2023-01-01,3,3
CUEVO,atencion de partos en servicios,partos atendidos por personal de salud calificado,2023-01-01,2,2
EL ALTO,atencion de partos en servicios,partos atendidos por personal de salud calificado,2023-01-01,62,62
EL PUENTE(TJA),atencion de partos en servicios,partos atendidos por personal de salud calificado,2023-01-01,1,1
ENTRE RIOS TRJ,atencion de partos en servicios,partos atendidos por personal de salud calificado,2023-01-01,5,5
FERNANDEZ ALONSO,atencion de partos en servicios,partos atendidos por personal de salud calificado,2023-01-01,7,7
FILADELFIA,atencion de partos en servicios,partos atendidos por personal de salud calificado,2023-01-01,1,1
GAIOC JATUN AYLLU YURA,atencion de partos en servicios,partos atendidos por personal de salud calificado,2023-01-01,1,1
GENERAL SAAVEDRA,atencion de partos en servicios,partos atendidos por personal de salud calificado,2023-01-01,8,8
GRAL. J.J. PEREZ (CHARAZANI),atencion de partos en servicios,partos atendidos por personal de salud calificado,2023-01-01,1,1
GUANAY,atencion de partos en servicios,partos atendidos por personal de salud calificado,2023-01-01,12,12
GUTIERREZ,atencion de partos en servicios,partos atendidos por personal de salud calificado,2023-01-01,7,7
HUACARAJE,atencion de partos en servicios,partos atendidos por personal de salud calificado,2023-01-01,1,1
HUACARETA,atencion de partos en servicios,partos atendidos por personal de salud calificado,2023-01-01,5,5
HUACAYA (VILLA DE HUACAYA),atencion de partos en servicios,partos atendidos por personal de salud calificado,2023-01-01,1,1
HUAYLLAMARCA,atencion de partos en servicios,partos atendidos por personal de salud calificado,2023-01-01,1,1
HUMANATA,atencion de partos en servicios,partos atendidos por personal de salud calificado,2023-01-01,1,1
INGAVI (HUMAITA),atencion de partos en servicios,partos atendidos por personal de salud calificado,2023-01-01,1,1
IRUPANA (VILLA DE LANZA),atencion de partos en servicios,partos atendidos por personal de salud calificado,2023-01-01,1,1
JESUS DE MACHACA,atencion de partos en servicios,partos atendidos por personal de salud calificado,2023-01-01,1,1
LA ASUNTA,atencion de partos en servicios,partos atendidos por personal de salud calificado,2023-01-01,17,17
LA PAZ,atencion de partos en servicios,partos atendidos por personal de salud calificado,2023-01-01,140,140
LAJA,atencion de partos en servicios,partos atendidos por personal de salud calificado,2023-01-01,3,3
LORETO,atencion de partos en servicios,partos atendidos por personal de salud calificado,2023-01-01,2,2
LURIBAY,atencion de partos en servicios,partos atendidos por personal de salud calificado,2023-01-01,1,1
MAGDALENA,atencion de partos en servicios,partos atendidos por personal de salud calificado,2023-01-01,8,8
MAPIRI,atencion de partos en servicios,partos atendidos por personal de salud calificado,2023-01-01,7,7
MINEROS,atencion de partos en servicios,partos atendidos por personal de salud calificado,2023-01-01,19,19
MOCOMOCO,atencion de partos en servicios,partos atendidos por personal de salud calificado,2023-01-01,1,1
MOJINETE,atencion de partos en servicios,partos atendidos por personal de salud calificado,2023-01-01,1,1
MONTERO,atencion de partos en servicios,partos atendidos por personal de salud calificado,2023-01-01,104,104
MORO MORO,atencion de partos en servicios,partos atendidos por personal de salud calificado,2023-01-01,1,1
MOROCHATA,atencion de partos en servicios,partos atendidos por personal de salud calificado,2023-01-01,1,1
OCURI,atencion de partos en servicios,partos atendidos por personal de salud calificado,2023-01-01,1,1
OKINAWA,atencion de partos en servicios,partos atendidos por personal de salud calificado,2023-01-01,2,2
ORURO,atencion de partos en servicios,partos atendidos por personal de salud calificado,2023-01-01,56,56
PADCAYA,atencion de partos en servicios,partos atendidos por personal de salud calificado,2023-01-01,1,1
PALCA,atencion de partos en servicios,partos atendidos por personal de salud calificado,2023-01-01,5,5
PALOS BLANCOS,atencion de partos en servicios,partos atendidos por personal de salud calificado,2023-01-01,5,5
PATACAMAYA,atencion de partos en servicios,partos atendidos por personal de salud calificado,2023-01-01,2,2
PAZÑA,atencion de partos en servicios,partos atendidos por personal de salud calificado,2023-01-01,1,1
POCOATA,atencion de partos en servicios,partos atendidos por personal de salud calificado,2023-01-01,8,8
POCONA,atencion de partos en servicios,partos atendidos por personal de salud calificado,2023-01-01,5,5
POJO (CBBA),atencion de partos en servicios,partos atendidos por personal de salud calificado,2023-01-01,1,1
PORCO,atencion de partos en servicios,partos atendidos por personal de salud calificado,2023-01-01,1,1
PORONGO,atencion de partos en servicios,partos atendidos por personal de salud calificado,2023-01-01,3,3
POTOSI,atencion de partos en servicios,partos atendidos por personal de salud calificado,2023-01-01,76,76
PUCARANI,atencion de partos en servicios,partos atendidos por personal de salud calificado,2023-01-01,3,3
PUERTO CARABUCO,atencion de partos en servicios,partos atendidos por personal de salud calificado,2023-01-01,1,1
PUERTO QUIJARRO,atencion de partos en servicios,partos atendidos por personal de salud calificado,2023-01-01,17,17
PUERTO SUAREZ,atencion de partos en servicios,partos atendidos por personal de salud calificado,2023-01-01,1,1
PUNA,atencion de partos en servicios,partos atendidos por personal de salud calificado,2023-01-01,3,3
PUNATA,atencion de partos en servicios,partos atendidos por personal de salud calificado,2023-01-01,5,5
QUIABAYA,atencion de partos en servicios,partos atendidos por personal de salud calificado,2023-01-01,1,1
QUILLACOLLO,atencion de partos en servicios,partos atendidos por personal de salud calificado,2023-01-01,4,4
QUIRUSILLAS,atencion de partos en servicios,partos atendidos por personal de salud calificado,2023-01-01,1,1
RAVELO,atencion de partos en servicios,partos atendidos por personal de salud calificado,2023-01-01,3,3
REYES,atencion de partos en servicios,partos atendidos por personal de salud calificado,2023-01-01,7,7
ROBORE,atencion de partos en servicios,partos atendidos por personal de salud calificado,2023-01-01,25,25
SACABAMBA,atencion de partos en servicios,partos atendidos por personal de salud calificado,2023-01-01,1,1
SACACA,atencion de partos en servicios,partos atendidos por personal de salud calificado,2023-01-01,4,4
SAIPINA,atencion de partos en servicios,partos atendidos por personal de salud calificado,2023-01-01,2,2
SAN ANDRES,atencion de partos en servicios,partos atendidos por personal de salud calificado,2023-01-01,3,3
SAN ANTONIO DE LOMERIO,atencion de partos en servicios,partos atendidos por personal de salud calificado,2023-01-01,1,1
SAN BENITO,atencion de partos en servicios,partos atendidos por personal de salud calificado,2023-01-01,3,3
SAN BORJA,atencion de partos en servicios,partos atendidos por personal de salud calificado,2023-01-01,14,14
SAN BUENA VENTURA,atencion de partos en servicios,partos atendidos por personal de salud calificado,2023-01-01,2,2
SAN CARLOS,atencion de partos en servicios,partos atendidos por personal de salud calificado,2023-01-01,22,22
SAN IGNACIO,atencion de partos en servicios,partos atendidos por personal de salud calificado,2023-01-01,1,1
SAN IGNACIO DE VELASCO,atencion de partos en servicios,partos atendidos por personal de salud calificado,2023-01-01,9,9
SAN JOAQUIN,atencion de partos en servicios,partos atendidos por personal de salud calificado,2023-01-01,7,7
SAN JOSE DE CHIQUITOS,atencion de partos en servicios,partos atendidos por personal de salud calificado,2023-01-01,35,35
SAN JUAN DE YAPACANI,atencion de partos en servicios,partos atendidos por personal de salud calificado,2023-01-01,3,3
SAN JULIAN,atencion de partos en servicios,partos atendidos por personal de salud calificado,2023-01-01,1,1
SAN LORENZO(PND),atencion de partos en servicios,partos atendidos por personal de salud calificado,2023-01-01,2,2
SAN LORENZO(TJA),atencion de partos en servicios,partos atendidos por personal de salud calificado,2023-01-01,2,2
SAN LUCAS,atencion de partos en servicios,partos atendidos por personal de salud calificado,2023-01-01,5,5
SAN MATIAS,atencion de partos en servicios,partos atendidos por personal de salud calificado,2023-01-01,23,23
SAN PABLO DE LIPEZ,atencion de partos en servicios,partos atendidos por personal de salud calificado,2023-01-01,1,1
SAN PEDRO,atencion de partos en servicios,partos atendidos por personal de salud calificado,2023-01-01,3,3
SAN PEDRO DE BUENA VISTA,atencion de partos en servicios,partos atendidos por personal de salud calificado,2023-01-01,2,2
SAN PEDRO DE MACHA,atencion de partos en servicios,partos atendidos por personal de salud calificado,2023-01-01,3,3
SAN PEDRO DE QUEMES,atencion de partos en servicios,partos atendidos por personal de salud calificado,2023-01-01,1,1
SAN PEDRO DE TIQUINA,atencion de partos en servicios,partos atendidos por personal de salud calificado,2023-01-01,3,3
SAN RAMON BENI,atencion de partos en servicios,partos atendidos por personal de salud calificado,2023-01-01,5,5
SANTA ANA,atencion de partos en servicios,partos atendidos por personal de salud calificado,2023-01-01,33,33
SANTA CRUZ DE LA SIERRA,atencion de partos en servicios,partos atendidos por personal de salud calificado,2023-01-01,454,454
SANTIAGO DE CALLAPA,atencion de partos en servicios,partos atendidos por personal de salud calificado,2023-01-01,1,1
SANTIAGO DE HUARI,atencion de partos en servicios,partos atendidos por personal de salud calificado,2023-01-01,1,1
SICA SICA (VILLA AROMA),atencion de partos en servicios,partos atendidos por personal de salud calificado,2023-01-01,1,1
SOPACHUY,atencion de partos en servicios,partos atendidos por personal de salud calificado,2023-01-01,1,1
SORACACHI,atencion de partos en servicios,partos atendidos por personal de salud calificado,2023-01-01,1,1
SUCRE,atencion de partos en servicios,partos atendidos por personal de salud calificado,2023-01-01,75,75
TACACHI,atencion de partos en servicios,partos atendidos por personal de salud calificado,2023-01-01,1,1
TACOPAYA,atencion de partos en servicios,partos atendidos por personal de salud calificado,2023-01-01,1,1
TAPACARI,atencion de partos en servicios,partos atendidos por personal de salud calificado,2023-01-01,4,4
TARABUCO,atencion de partos en servicios,partos atendidos por personal de salud calificado,2023-01-01,2,2
TARIJA,atencion de partos en servicios,partos atendidos por personal de salud calificado,2023-01-01,5,5
TARVITA,atencion de partos en servicios,partos atendidos por personal de salud calificado,2023-01-01,3,3
TEOPONTE,atencion de partos en servicios,partos atendidos por personal de salud calificado,2023-01-01,1,1
TIAHUANACU,atencion de partos en servicios,partos atendidos por personal de salud calificado,2023-01-01,1,1
TINGUIPAYA,atencion de partos en servicios,partos atendidos por personal de salud calificado,2023-01-01,1,1
TIPUANI,atencion de partos en servicios,partos atendidos por personal de salud calificado,2023-01-01,1,1
TIQUIPAYA,atencion de partos en servicios,partos atendidos por personal de salud calificado,2023-01-01,2,2
TOCO,atencion de partos en servicios,partos atendidos por personal de salud calificado,2023-01-01,1,1
TOMAVE,atencion de partos en servicios,partos atendidos por personal de salud calificado,2023-01-01,2,2
TOMINA,atencion de partos en servicios,partos atendidos por personal de salud calificado,2023-01-01,1,1
TOTORA(ORR),atencion de partos en servicios,partos atendidos por personal de salud calificado,2023-01-01,2,2
TRIGAL,atencion de partos en servicios,partos atendidos por personal de salud calificado,2023-01-01,1,1
TRINIDAD,atencion de partos en servicios,partos atendidos por personal de salud calificado,2023-01-01,280,280
TUPIZA,atencion de partos en servicios,partos atendidos por personal de salud calificado,2023-01-01,30,30
UNCIA,atencion de partos en servicios,partos atendidos por personal de salud calificado,2023-01-01,12,12
URIONDO (A. CONCEPCION),atencion de partos en servicios,partos atendidos por personal de salud calificado,2023-01-01,4,4
URUBICHA,atencion de partos en servicios,partos atendidos por personal de salud calificado,2023-01-01,4,4
UYUNI,atencion de partos en servicios,partos atendidos por personal de salud calificado,2023-01-01,8,8
VALLEGRANDE,atencion de partos en servicios,partos atendidos por personal de salud calificado,2023-01-01,17,17
VIACHA,atencion de partos en servicios,partos atendidos por personal de salud calificado,2023-01-01,5,5
VILLA MONTES,atencion de partos en servicios,partos atendidos por personal de salud calificado,2023-01-01,4,4
VILLA SERRANO,atencion de partos en servicios,partos atendidos por personal de salud calificado,2023-01-01,1,1
VILLA TUNARI,atencion de partos en servicios,partos atendidos por personal de salud calificado,2023-01-01,2,2
VITICHI,atencion de partos en servicios,partos atendidos por personal de salud calificado,2023-01-01,1,1
WARNES,atencion de partos en servicios,partos atendidos por personal de salud calificado,2023-01-01,28,28
YACUIBA,atencion de partos en servicios,partos atendidos por personal de salud calificado,2023-01-01,15,15
YANACACHI,atencion de partos en servicios,partos atendidos por personal de salud calificado,2023-01-01,1,1
YAPACANI,atencion de partos en servicios,partos atendidos por personal de salud calificado,2023-01-01,91,91
YOTALA,atencion de partos en servicios,partos atendidos por personal de salud calificado,2023-01-01,5,5
YUNCHARA,atencion de partos en servicios,partos atendidos por personal de salud calificado,2023-01-01,1,1
ACACIO,atencion de partos en servicios,partos atendidos por personal de salud calificado,2023-02-01,1,1
ACHACACHI,atencion de partos en servicios,partos atendidos por personal de salud calificado,2023-02-01,1,1
ALTO BENI,atencion de partos en servicios,partos atendidos por personal de salud calificado,2023-02-01,1,1
ARANI,atencion de partos en servicios,partos atendidos por personal de salud calificado,2023-02-01,6,6
ARBIETO,atencion de partos en servicios,partos atendidos por personal de salud calificado,2023-02-01,2,2
ARQUE,atencion de partos en servicios,partos atendidos por personal de salud calificado,2023-02-01,1,1
AYO AYO,atencion de partos en servicios,partos atendidos por personal de salud calificado,2023-02-01,1,1
BAURES,atencion de partos en servicios,partos atendidos por personal de salud calificado,2023-02-01,3,3
BETANZOS,atencion de partos en servicios,partos atendidos por personal de salud calificado,2023-02-01,1,1
BOYUIBE,atencion de partos en servicios,partos atendidos por personal de salud calificado,2023-02-01,2,2
BUENA VISTA,atencion de partos en servicios,partos atendidos por personal de salud calificado,2023-02-01,7,7
CAIROMA,atencion de partos en servicios,partos atendidos por personal de salud calificado,2023-02-01,4,4
CAMIRI,atencion de partos en servicios,partos atendidos por personal de salud calificado,2023-02-01,30,30
CARANAVI,atencion de partos en servicios,partos atendidos por personal de salud calificado,2023-02-01,3,3
CARAPARI,atencion de partos en servicios,partos atendidos por personal de salud calificado,2023-02-01,4,4
CARMEN RIVERO TORREZ,atencion de partos en servicios,partos atendidos por personal de salud calificado,2023-02-01,7,7
CATACORA,atencion de partos en servicios,partos atendidos por personal de salud calificado,2023-02-01,1,1
CHALLAPATA,atencion de partos en servicios,partos atendidos por personal de salud calificado,2023-02-01,2,2
CHAQUI,atencion de partos en servicios,partos atendidos por personal de salud calificado,2023-02-01,2,2
CHARAGUA,atencion de partos en servicios,partos atendidos por personal de salud calificado,2023-02-01,3,3
CHARAÑA,atencion de partos en servicios,partos atendidos por personal de salud calificado,2023-02-01,1,1
CHIMORE,atencion de partos en servicios,partos atendidos por personal de salud calificado,2023-02-01,34,34
CHULUMANI (V. DE LA LIBERTAD),atencion de partos en servicios,partos atendidos por personal de salud calificado,2023-02-01,1,1
CHUMA,atencion de partos en servicios,partos atendidos por personal de salud calificado,2023-02-01,1,1
CKOCHAS,atencion de partos en servicios,partos atendidos por personal de salud calificado,2023-02-01,2,2
COBIJA,atencion de partos en servicios,partos atendidos por personal de salud calificado,2023-02-01,3,3
COCAPATA,atencion de partos en servicios,partos atendidos por personal de salud calificado,2023-02-01,2,2
COCHABAMBA,atencion de partos en servicios,partos atendidos por personal de salud calificado,2023-02-01,30,30
"COLCHA ""K""",atencion de partos en servicios,partos atendidos por personal de salud calificado,2023-02-01,2,2
COLQUENCHA,atencion de partos en servicios,partos atendidos por personal de salud calificado,2023-02-01,3,3
COLQUIRI,atencion de partos en servicios,partos atendidos por personal de salud calificado,2023-02-01,1,1
COMARAPA,atencion de partos en servicios,partos atendidos por personal de salud calificado,2023-02-01,10,10
COPACABANA,atencion de partos en servicios,partos atendidos por personal de salud calificado,2023-02-01,1,1
CORIPATA,atencion de partos en servicios,partos atendidos por personal de salud calificado,2023-02-01,2,2
COTAGAITA,atencion de partos en servicios,partos atendidos por personal de salud calificado,2023-02-01,3,3
EL ALTO,atencion de partos en servicios,partos atendidos por personal de salud calificado,2023-02-01,74,74
EL PUENTE(STC),atencion de partos en servicios,partos atendidos por personal de salud calificado,2023-02-01,1,1
EL PUENTE(TJA),atencion de partos en servicios,partos atendidos por personal de salud calificado,2023-02-01,2,2
EL VILLAR,atencion de partos en servicios,partos atendidos por personal de salud calificado,2023-02-01,1,1
ENTRE RIOS TRJ,atencion de partos en servicios,partos atendidos por personal de salud calificado,2023-02-01,3,3
EXALTACION,atencion de partos en servicios,partos atendidos por personal de salud calificado,2023-02-01,1,1
FERNANDEZ ALONSO,atencion de partos en servicios,partos atendidos por personal de salud calificado,2023-02-01,4,4
FILADELFIA,atencion de partos en servicios,partos atendidos por personal de salud calificado,2023-02-01,4,4
GENERAL SAAVEDRA,atencion de partos en servicios,partos atendidos por personal de salud calificado,2023-02-01,2,2
GUAYARAMERIN,atencion de partos en servicios,partos atendidos por personal de salud calificado,2023-02-01,69,69
GUTIERREZ,atencion de partos en servicios,partos atendidos por personal de salud calificado,2023-02-01,7,7
HUACARAJE,atencion de partos en servicios,partos atendidos por personal de salud calificado,2023-02-01,4,4
HUACARETA,atencion de partos en servicios,partos atendidos por personal de salud calificado,2023-02-01,1,1
HUATAJATA,atencion de partos en servicios,partos atendidos por personal de salud calificado,2023-02-01,1,1
ICLA,atencion de partos en servicios,partos atendidos por personal de salud calificado,2023-02-01,3,3
INGAVI (HUMAITA),atencion de partos en servicios,partos atendidos por personal de salud calificado,2023-02-01,3,3
IRUPANA (VILLA DE LANZA),atencion de partos en servicios,partos atendidos por personal de salud calificado,2023-02-01,1,1
LA ASUNTA,atencion de partos en servicios,partos atendidos por personal de salud calificado,2023-02-01,7,7
LA PAZ,atencion de partos en servicios,partos atendidos por personal de salud calificado,2023-02-01,174,174
LA RIVERA,atencion de partos en servicios,partos atendidos por personal de salud calificado,2023-02-01,1,1
LAJA,atencion de partos en servicios,partos atendidos por personal de salud calificado,2023-02-01,3,3
LAS CARRERAS,atencion de partos en servicios,partos atendidos por personal de salud calificado,2023-02-01,1,1
LORETO,atencion de partos en servicios,partos atendidos por personal de salud calificado,2023-02-01,1,1
MAGDALENA,atencion de partos en servicios,partos atendidos por personal de salud calificado,2023-02-01,9,9
MAPIRI,atencion de partos en servicios,partos atendidos por personal de salud calificado,2023-02-01,5,5
MINEROS,atencion de partos en servicios,partos atendidos por personal de salud calificado,2023-02-01,15,15
MOCOMOCO,atencion de partos en servicios,partos atendidos por personal de salud calificado,2023-02-01,2,2
MOJOCOYA,atencion de partos en servicios,partos atendidos por personal de salud calificado,2023-02-01,3,3
MONTERO,atencion de partos en servicios,partos atendidos por personal de salud calificado,2023-02-01,107,107
MORO MORO,atencion de partos en servicios,partos atendidos por personal de salud calificado,2023-02-01,1,1
MOROCHATA,atencion de partos en servicios,partos atendidos por personal de salud calificado,2023-02-01,2,2
NACEBE (SANTA ROSA DEL ABUNA),atencion de partos en servicios,partos atendidos por personal de salud calificado,2023-02-01,2,2
OCURI,atencion de partos en servicios,partos atendidos por personal de salud calificado,2023-02-01,1,1
OKINAWA,atencion de partos en servicios,partos atendidos por personal de salud calificado,2023-02-01,8,8
ORURO,atencion de partos en servicios,partos atendidos por personal de salud calificado,2023-02-01,51,51
PALCA,atencion de partos en servicios,partos atendidos por personal de salud calificado,2023-02-01,1,1
PALOS BLANCOS,atencion de partos en servicios,partos atendidos por personal de salud calificado,2023-02-01,4,4
PAPEL PAMPA,atencion de partos en servicios,partos atendidos por personal de salud calificado,2023-02-01,3,3
PATACAMAYA,atencion de partos en servicios,partos atendidos por personal de salud calificado,2023-02-01,1,1
PELECHUCO,atencion de partos en servicios,partos atendidos por personal de salud calificado,2023-02-01,1,1
POCOATA,atencion de partos en servicios,partos atendidos por personal de salud calificado,2023-02-01,5,5
POCONA,atencion de partos en servicios,partos atendidos por personal de salud calificado,2023-02-01,10,10
POJO (CBBA),atencion de partos en servicios,partos atendidos por personal de salud calificado,2023-02-01,3,3
PORCO,atencion de partos en servicios,partos atendidos por personal de salud calificado,2023-02-01,8,8
POROMA,atencion de partos en servicios,partos atendidos por personal de salud calificado,2023-02-01,1,1
PORONGO,atencion de partos en servicios,partos atendidos por personal de salud calificado,2023-02-01,2,2
POTOSI,atencion de partos en servicios,partos atendidos por personal de salud calificado,2023-02-01,107,107
PUCARANI,atencion de partos en servicios,partos atendidos por personal de salud calificado,2023-02-01,3,3
PUERTO CARABUCO,atencion de partos en servicios,partos atendidos por personal de salud calificado,2023-02-01,1,1
PUERTO QUIJARRO,atencion de partos en servicios,partos atendidos por personal de salud calificado,2023-02-01,21,21
PUERTO RICO,atencion de partos en servicios,partos atendidos por personal de salud calificado,2023-02-01,6,6
PUERTO SUAREZ,atencion de partos en servicios,partos atendidos por personal de salud calificado,2023-02-01,5,5
PUERTO VILLARROEL,atencion de partos en servicios,partos atendidos por personal de salud calificado,2023-02-01,1,1
PUNA,atencion de partos en servicios,partos atendidos por personal de salud calificado,2023-02-01,2,2
PUNATA,atencion de partos en servicios,partos atendidos por personal de salud calificado,2023-02-01,8,8
RAQAYPAMPA(ETA),atencion de partos en servicios,partos atendidos por personal de salud calificado,2023-02-01,3,3
ROBORE,atencion de partos en servicios,partos atendidos por personal de salud calificado,2023-02-01,33,33
SACACA,atencion de partos en servicios,partos atendidos por personal de salud calificado,2023-02-01,2,2
SAIPINA,atencion de partos en servicios,partos atendidos por personal de salud calificado,2023-02-01,3,3
SAN AGUSTIN,atencion de partos en servicios,partos atendidos por personal de salud calificado,2023-02-01,1,1
SAN ANDRES,atencion de partos en servicios,partos atendidos por personal de salud calificado,2023-02-01,6,6
SAN ANTONIO DE LOMERIO,atencion de partos en servicios,partos atendidos por personal de salud calificado,2023-02-01,1,1
SAN BENITO,atencion de partos en servicios,partos atendidos por personal de salud calificado,2023-02-01,2,2
SAN BORJA,atencion de partos en servicios,partos atendidos por personal de salud calificado,2023-02-01,14,14
SAN CARLOS,atencion de partos en servicios,partos atendidos por personal de salud calificado,2023-02-01,7,7
SAN IGNACIO,atencion de partos en servicios,partos atendidos por personal de salud calificado,2023-02-01,1,1
SAN IGNACIO DE VELASCO,atencion de partos en servicios,partos atendidos por personal de salud calificado,2023-02-01,8,8
SAN JAVIER(BNI),atencion de partos en servicios,partos atendidos por personal de salud calificado,2023-02-01,1,1
SAN JOAQUIN,atencion de partos en servicios,partos atendidos por personal de salud calificado,2023-02-01,14,14
SAN JOSE DE CHIQUITOS,atencion de partos en servicios,partos atendidos por personal de salud calificado,2023-02-01,33,33
SAN JUAN DE YAPACANI,atencion de partos en servicios,partos atendidos por personal de salud calificado,2023-02-01,1,1
SAN LORENZO(PND),atencion de partos en servicios,partos atendidos por personal de salud calificado,2023-02-01,1,1
SAN LUCAS,atencion de partos en servicios,partos atendidos por personal de salud calificado,2023-02-01,5,5
SAN MATIAS,atencion de partos en servicios,partos atendidos por personal de salud calificado,2023-02-01,5,5
SAN PEDRO,atencion de partos en servicios,partos atendidos por personal de salud calificado,2023-02-01,7,7
SAN PEDRO DE BUENA VISTA,atencion de partos en servicios,partos atendidos por personal de salud calificado,2023-02-01,2,2
SAN PEDRO DE MACHA,atencion de partos en servicios,partos atendidos por personal de salud calificado,2023-02-01,3,3
SAN PEDRO DE TIQUINA,atencion de partos en servicios,partos atendidos por personal de salud calificado,2023-02-01,2,2
SAN RAFAEL,atencion de partos en servicios,partos atendidos por personal de salud calificado,2023-02-01,7,7
SAN RAMON BENI,atencion de partos en servicios,partos atendidos por personal de salud calificado,2023-02-01,7,7
SANTA ANA,atencion de partos en servicios,partos atendidos por personal de salud calificado,2023-02-01,36,36
SANTA CRUZ DE LA SIERRA,atencion de partos en servicios,partos atendidos por personal de salud calificado,2023-02-01,482,482
SICA SICA (VILLA AROMA),atencion de partos en servicios,partos atendidos por personal de salud calificado,2023-02-01,1,1
SOPACHUY,atencion de partos en servicios,partos atendidos por personal de salud calificado,2023-02-01,1,1
SUCRE,atencion de partos en servicios,partos atendidos por personal de salud calificado,2023-02-01,53,53
TAPACARI,atencion de partos en servicios,partos atendidos por personal de salud calificado,2023-02-01,1,1
TARATA,atencion de partos en servicios,partos atendidos por personal de salud calificado,2023-02-01,7,7
TARIJA,atencion de partos en servicios,partos atendidos por personal de salud calificado,2023-02-01,7,7
TARVITA,atencion de partos en servicios,partos atendidos por personal de salud calificado,2023-02-01,1,1
TINGUIPAYA,atencion de partos en servicios,partos atendidos por personal de salud calificado,2023-02-01,1,1
TIQUIPAYA,atencion de partos en servicios,partos atendidos por personal de salud calificado,2023-02-01,2,2
TOCO,atencion de partos en servicios,partos atendidos por personal de salud calificado,2023-02-01,3,3
TOMINA,atencion de partos en servicios,partos atendidos por personal de salud calificado,2023-02-01,1,1
TRINIDAD,atencion de partos en servicios,partos atendidos por personal de salud calificado,2023-02-01,264,264
TUPIZA,atencion de partos en servicios,partos atendidos por personal de salud calificado,2023-02-01,16,16
UNCIA,atencion de partos en servicios,partos atendidos por personal de salud calificado,2023-02-01,12,12
URIONDO (A. CONCEPCION),atencion de partos en servicios,partos atendidos por personal de salud calificado,2023-02-01,2,2
URUBICHA,atencion de partos en servicios,partos atendidos por personal de salud calificado,2023-02-01,3,3
UYUNI,atencion de partos en servicios,partos atendidos por personal de salud calificado,2023-02-01,7,7
VALLEGRANDE,atencion de partos en servicios,partos atendidos por personal de salud calificado,2023-02-01,25,25
VIACHA,atencion de partos en servicios,partos atendidos por personal de salud calificado,2023-02-01,6,6
VILA VILA,atencion de partos en servicios,partos atendidos por personal de salud calificado,2023-02-01,1,1
VILLA CHARCAS,atencion de partos en servicios,partos atendidos por personal de salud calificado,2023-02-01,1,1
VILLA MONTES,atencion de partos en servicios,partos atendidos por personal de salud calificado,2023-02-01,2,2
VILLA NUEVA (LOMA ALTA),atencion de partos en servicios,partos atendidos por personal de salud calificado,2023-02-01,1,1
VILLA SERRANO,atencion de partos en servicios,partos atendidos por personal de salud calificado,2023-02-01,1,1
VILLA TUNARI,atencion de partos en servicios,partos atendidos por personal de salud calificado,2023-02-01,5,5
VILLAZON,atencion de partos en servicios,partos atendidos por personal de salud calificado,2023-02-01,1,1
WARNES,atencion de partos en servicios,partos atendidos por personal de salud calificado,2023-02-01,1,1
YACUIBA,atencion de partos en servicios,partos atendidos por personal de salud calificado,2023-02-01,19,19
YAPACANI,atencion de partos en servicios,partos atendidos por personal de salud calificado,2023-02-01,62,62
YOTALA,atencion de partos en servicios,partos atendidos por personal de salud calificado,2023-02-01,3,3
YUNGUYO DE LITORAL,atencion de partos en servicios,partos atendidos por personal de salud calificado,2023-02-01,1,1
ALALAY,atencion de partos en servicios,partos atendidos por personal de salud calificado,2023-03-01,1,1
ALTO BENI,atencion de partos en servicios,partos atendidos por personal de salud calificado,2023-03-01,4,4
ANCORAIMES,atencion de partos en servicios,partos atendidos por personal de salud calificado,2023-03-01,1,1
ANZALDO,atencion de partos en servicios,partos atendidos por personal de salud calificado,2023-03-01,1,1
ARANI,atencion de partos en servicios,partos atendidos por personal de salud calificado,2023-03-01,1,1
ARBIETO,atencion de partos en servicios,partos atendidos por personal de salud calificado,2023-03-01,9,9
ARQUE,atencion de partos en servicios,partos atendidos por personal de salud calificado,2023-03-01,3,3
ASCENCION DE GUARAYOS,atencion de partos en servicios,partos atendidos por personal de salud calificado,2023-03-01,27,27
ATOCHA,atencion de partos en servicios,partos atendidos por personal de salud calificado,2023-03-01,2,2
AYO AYO,atencion de partos en servicios,partos atendidos por personal de salud calificado,2023-03-01,1,1
BATALLAS,atencion de partos en servicios,partos atendidos por personal de salud calificado,2023-03-01,2,2
BAURES,atencion de partos en servicios,partos atendidos por personal de salud calificado,2023-03-01,4,4
BETANZOS,atencion de partos en servicios,partos atendidos por personal de salud calificado,2023-03-01,1,1
BOYUIBE,atencion de partos en servicios,partos atendidos por personal de salud calificado,2023-03-01,1,1
BUENA VISTA,atencion de partos en servicios,partos atendidos por personal de salud calificado,2023-03-01,6,6
CAJUATA,atencion de partos en servicios,partos atendidos por personal de salud calificado,2023-03-01,1,1
CAMIRI,atencion de partos en servicios,partos atendidos por personal de salud calificado,2023-03-01,36,36
CAQUIAVIRI,atencion de partos en servicios,partos atendidos por personal de salud calificado,2023-03-01,1,1
CARANAVI,atencion de partos en servicios,partos atendidos por personal de salud calificado,2023-03-01,3,3
CARAPARI,atencion de partos en servicios,partos atendidos por personal de salud calificado,2023-03-01,8,8
CARIPUYO,atencion de partos en servicios,partos atendidos por personal de salud calificado,2023-03-01,2,2
CARMEN RIVERO TORREZ,atencion de partos en servicios,partos atendidos por personal de salud calificado,2023-03-01,9,9
CHAQUI,atencion de partos en servicios,partos atendidos por personal de salud calificado,2023-03-01,4,4
CHARAGUA,atencion de partos en servicios,partos atendidos por personal de salud calificado,2023-03-01,12,12
CHARAÑA,atencion de partos en servicios,partos atendidos por personal de salud calificado,2023-03-01,1,1
CHAYANTA,atencion de partos en servicios,partos atendidos por personal de salud calificado,2023-03-01,1,1
CHIMORE,atencion de partos en servicios,partos atendidos por personal de salud calificado,2023-03-01,23,23
CHUMA,atencion de partos en servicios,partos atendidos por personal de salud calificado,2023-03-01,1,1
COBIJA,atencion de partos en servicios,partos atendidos por personal de salud calificado,2023-03-01,21,21
COCAPATA,atencion de partos en servicios,partos atendidos por personal de salud calificado,2023-03-01,1,1
COCHABAMBA,atencion de partos en servicios,partos atendidos por personal de salud calificado,2023-03-01,45,45
COLOMI,atencion de partos en servicios,partos atendidos por personal de salud calificado,2023-03-01,6,6
COLQUECHACA,atencion de partos en servicios,partos atendidos por personal de salud calificado,2023-03-01,4,4
COLQUIRI,atencion de partos en servicios,partos atendidos por personal de salud calificado,2023-03-01,1,1
COMANCHE,atencion de partos en servicios,partos atendidos por personal de salud calificado,2023-03-01,1,1
COMARAPA,atencion de partos en servicios,partos atendidos por personal de salud calificado,2023-03-01,24,24
CORIPATA,atencion de partos en servicios,partos atendidos por personal de salud calificado,2023-03-01,2,2
COTAGAITA,atencion de partos en servicios,partos atendidos por personal de salud calificado,2023-03-01,3,3
CUEVO,atencion de partos en servicios,partos atendidos por personal de salud calificado,2023-03-01,1,1
EL ALTO,atencion de partos en servicios,partos atendidos por personal de salud calificado,2023-03-01,99,99
EL PUENTE(STC),atencion de partos en servicios,partos atendidos por personal de salud calificado,2023-03-01,2,2
EL PUENTE(TJA),atencion de partos en servicios,partos atendidos por personal de salud calificado,2023-03-01,3,3
EL VILLAR,atencion de partos en servicios,partos atendidos por personal de salud calificado,2023-03-01,1,1
ENTRE RIOS TRJ,atencion de partos en servicios,partos atendidos por personal de salud calificado,2023-03-01,2,2
FERNANDEZ ALONSO,atencion de partos en servicios,partos atendidos por personal de salud calificado,2023-03-01,8,8
FILADELFIA,atencion de partos en servicios,partos atendidos por personal de salud calificado,2023-03-01,2,2
GENERAL SAAVEDRA,atencion de partos en servicios,partos atendidos por personal de salud calificado,2023-03-01,10,10
GUAYARAMERIN,atencion de partos en servicios,partos atendidos por personal de salud calificado,2023-03-01,68,68
GUTIERREZ,atencion de partos en servicios,partos atendidos por personal de salud calificado,2023-03-01,16,16
HUACARAJE,atencion de partos en servicios,partos atendidos por personal de salud calificado,2023-03-01,3,3
HUACARETA,atencion de partos en servicios,partos atendidos por personal de salud calificado,2023-03-01,3,3
HUARINA,atencion de partos en servicios,partos atendidos por personal de salud calificado,2023-03-01,1,1
HUAYLLAMARCA,atencion de partos en servicios,partos atendidos por personal de salud calificado,2023-03-01,2,2
HUMANATA,atencion de partos en servicios,partos atendidos por personal de salud calificado,2023-03-01,2,2
ICHOCA,atencion de partos en servicios,partos atendidos por personal de salud calificado,2023-03-01,2,2
ICLA,atencion de partos en servicios,partos atendidos por personal de salud calificado,2023-03-01,1,1
LA ASUNTA,atencion de partos en servicios,partos atendidos por personal de salud calificado,2023-03-01,16,16
LA PAZ,atencion de partos en servicios,partos atendidos por personal de salud calificado,2023-03-01,181,181
LAJA,atencion de partos en servicios,partos atendidos por personal de salud calificado,2023-03-01,3,3
LORETO,atencion de partos en servicios,partos atendidos por personal de salud calificado,2023-03-01,1,1
LURIBAY,atencion de partos en servicios,partos atendidos por personal de salud calificado,2023-03-01,1,1
MAGDALENA,atencion de partos en servicios,partos atendidos por personal de salud calificado,2023-03-01,20,20
MAPIRI,atencion de partos en servicios,partos atendidos por personal de salud calificado,2023-03-01,2,2
MINEROS,atencion de partos en servicios,partos atendidos por personal de salud calificado,2023-03-01,15,15
MOCOMOCO,atencion de partos en servicios,partos atendidos por personal de salud calificado,2023-03-01,1,1
MONTEAGUDO,atencion de partos en servicios,partos atendidos por personal de salud calificado,2023-03-01,1,1
MONTERO,atencion de partos en servicios,partos atendidos por personal de salud calificado,2023-03-01,93,93
MOROCHATA,atencion de partos en servicios,partos atendidos por personal de salud calificado,2023-03-01,1,1
NACEBE (SANTA ROSA DEL ABUNA),atencion de partos en servicios,partos atendidos por personal de salud calificado,2023-03-01,3,3
NUEVO MANOA (NUEVA ESPERANZA),atencion de partos en servicios,partos atendidos por personal de salud calificado,2023-03-01,1,1
OCURI,atencion de partos en servicios,partos atendidos por personal de salud calificado,2023-03-01,2,2
OKINAWA,atencion de partos en servicios,partos atendidos por personal de salud calificado,2023-03-01,9,9
ORURO,atencion de partos en servicios,partos atendidos por personal de salud calificado,2023-03-01,49,49
PADCAYA,atencion de partos en servicios,partos atendidos por personal de salud calificado,2023-03-01,1,1
PADILLA,atencion de partos en servicios,partos atendidos por personal de salud calificado,2023-03-01,1,1
PALCA,atencion de partos en servicios,partos atendidos por personal de salud calificado,2023-03-01,4,4
PALOS BLANCOS,atencion de partos en servicios,partos atendidos por personal de salud calificado,2023-03-01,3,3
PAPEL PAMPA,atencion de partos en servicios,partos atendidos por personal de salud calificado,2023-03-01,1,1
PAZÑA,atencion de partos en servicios,partos atendidos por personal de salud calificado,2023-03-01,1,1
POCOATA,atencion de partos en servicios,partos atendidos por personal de salud calificado,2023-03-01,3,3
POCONA,atencion de partos en servicios,partos atendidos por personal de salud calificado,2023-03-01,3,3
POJO (CBBA),atencion de partos en servicios,partos atendidos por personal de salud calificado,2023-03-01,3,3
PORONGO,atencion de partos en servicios,partos atendidos por personal de salud calificado,2023-03-01,3,3
POTOSI,atencion de partos en servicios,partos atendidos por personal de salud calificado,2023-03-01,78,78
PUCARANI,atencion de partos en servicios,partos atendidos por personal de salud calificado,2023-03-01,3,3
PUERTO ACOSTA,atencion de partos en servicios,partos atendidos por personal de salud calificado,2023-03-01,2,2
PUERTO QUIJARRO,atencion de partos en servicios,partos atendidos por personal de salud calificado,2023-03-01,38,38
PUERTO SILES,atencion de partos en servicios,partos atendidos por personal de salud calificado,2023-03-01,5,5
PUERTO SUAREZ,atencion de partos en servicios,partos atendidos por personal de salud calificado,2023-03-01,1,1
PUERTO VILLARROEL,atencion de partos en servicios,partos atendidos por personal de salud calificado,2023-03-01,1,1
PUNA,atencion de partos en servicios,partos atendidos por personal de salud calificado,2023-03-01,3,3
PUNATA,atencion de partos en servicios,partos atendidos por personal de salud calificado,2023-03-01,6,6
QUILLACOLLO,atencion de partos en servicios,partos atendidos por personal de salud calificado,2023-03-01,1,1
RAVELO,atencion de partos en servicios,partos atendidos por personal de salud calificado,2023-03-01,2,2
REYES,atencion de partos en servicios,partos atendidos por personal de salud calificado,2023-03-01,1,1
ROBORE,atencion de partos en servicios,partos atendidos por personal de salud calificado,2023-03-01,24,24
RURRENABAQUE,atencion de partos en servicios,partos atendidos por personal de salud calificado,2023-03-01,2,2
SACACA,atencion de partos en servicios,partos atendidos por personal de salud calificado,2023-03-01,1,1
SAIPINA,atencion de partos en servicios,partos atendidos por personal de salud calificado,2023-03-01,3,3
SALINAS DE GARCI MENDOZA,atencion de partos en servicios,partos atendidos por personal de salud calificado,2023-03-01,3,3
SAN AGUSTIN,atencion de partos en servicios,partos atendidos por personal de salud calificado,2023-03-01,1,1
SAN ANDRES,atencion de partos en servicios,partos atendidos por personal de salud calificado,2023-03-01,6,6
SAN ANTONIO DE LOMERIO,atencion de partos en servicios,partos atendidos por personal de salud calificado,2023-03-01,4,4
SAN BENITO,atencion de partos en servicios,partos atendidos por personal de salud calificado,2023-03-01,7,7
SAN BORJA,atencion de partos en servicios,partos atendidos por personal de salud calificado,2023-03-01,7,7
SAN CARLOS,atencion de partos en servicios,partos atendidos por personal de salud calificado,2023-03-01,10,10
SAN IGNACIO,atencion de partos en servicios,partos atendidos por personal de salud calificado,2023-03-01,1,1
SAN IGNACIO DE VELASCO,atencion de partos en servicios,partos atendidos por personal de salud calificado,2023-03-01,6,6
SAN JOAQUIN,atencion de partos en servicios,partos atendidos por personal de salud calificado,2023-03-01,12,12
SAN JOSE DE CHIQUITOS,atencion de partos en servicios,partos atendidos por personal de salud calificado,2023-03-01,1,1
SAN JUAN DE YAPACANI,atencion de partos en servicios,partos atendidos por personal de salud calificado,2023-03-01,6,6
SAN LORENZO(PND),atencion de partos en servicios,partos atendidos por personal de salud calificado,2023-03-01,2,2
SAN LORENZO(TJA),atencion de partos en servicios,partos atendidos por personal de salud calificado,2023-03-01,2,2
SAN LUCAS,atencion de partos en servicios,partos atendidos por personal de salud calificado,2023-03-01,4,4
SAN MATIAS,atencion de partos en servicios,partos atendidos por personal de salud calificado,2023-03-01,20,20
SAN PEDRO,atencion de partos en servicios,partos atendidos por personal de salud calificado,2023-03-01,2,2
SAN PEDRO DE BUENA VISTA,atencion de partos en servicios,partos atendidos por personal de salud calificado,2023-03-01,4,4
SAN PEDRO DE CURAHUARA,atencion de partos en servicios,partos atendidos por personal de salud calificado,2023-03-01,2,2
SAN PEDRO DE MACHA,atencion de partos en servicios,partos atendidos por personal de salud calificado,2023-03-01,9,9
SAN PEDRO DE QUEMES,atencion de partos en servicios,partos atendidos por personal de salud calificado,2023-03-01,1,1
SAN PEDRO DE TIQUINA,atencion de partos en servicios,partos atendidos por personal de salud calificado,2023-03-01,2,2
SAN RAFAEL,atencion de partos en servicios,partos atendidos por personal de salud calificado,2023-03-01,4,4
SAN RAMON BENI,atencion de partos en servicios,partos atendidos por personal de salud calificado,2023-03-01,10,10
SANTA ANA,atencion de partos en servicios,partos atendidos por personal de salud calificado,2023-03-01,31,31
SANTA CRUZ DE LA SIERRA,atencion de partos en servicios,partos atendidos por personal de salud calificado,2023-03-01,500,500
SANTIAGO DE CALLAPA,atencion de partos en servicios,partos atendidos por personal de salud calificado,2023-03-01,2,2
SANTIAGO DE HUARI,atencion de partos en servicios,partos atendidos por personal de salud calificado,2023-03-01,1,1
SENA,atencion de partos en servicios,partos atendidos por personal de salud calificado,2023-03-01,1,1
SHINAOTA,atencion de partos en servicios,partos atendidos por personal de salud calificado,2023-03-01,1,1
SICA SICA (VILLA AROMA),atencion de partos en servicios,partos atendidos por personal de salud calificado,2023-03-01,1,1
SIPE SIPE,atencion de partos en servicios,partos atendidos por personal de salud calificado,2023-03-01,2,2
SORATA,atencion de partos en servicios,partos atendidos por personal de salud calificado,2023-03-01,4,4
SUCRE,atencion de partos en servicios,partos atendidos por personal de salud calificado,2023-03-01,75,75
TACACOMA,atencion de partos en servicios,partos atendidos por personal de salud calificado,2023-03-01,1,1
TACOBAMBA,atencion de partos en servicios,partos atendidos por personal de salud calificado,2023-03-01,2,2
TACOPAYA,atencion de partos en servicios,partos atendidos por personal de salud calificado,2023-03-01,1,1
TAPACARI,atencion de partos en servicios,partos atendidos por personal de salud calificado,2023-03-01,3,3
TARACO,atencion de partos en servicios,partos atendidos por personal de salud calificado,2023-03-01,3,3
TARATA,atencion de partos en servicios,partos atendidos por personal de salud calificado,2023-03-01,7,7
TARIJA,atencion de partos en servicios,partos atendidos por personal de salud calificado,2023-03-01,1,1
TEOPONTE,atencion de partos en servicios,partos atendidos por personal de salud calificado,2023-03-01,1,1
TINGUIPAYA,atencion de partos en servicios,partos atendidos por personal de salud calificado,2023-03-01,3,3
TIQUIPAYA,atencion de partos en servicios,partos atendidos por personal de salud calificado,2023-03-01,3,3
TOCO,atencion de partos en servicios,partos atendidos por personal de salud calificado,2023-03-01,2,2
TOLEDO,atencion de partos en servicios,partos atendidos por personal de salud calificado,2023-03-01,1,1
TOTORA(CBBA),atencion de partos en servicios,partos atendidos por personal de salud calificado,2023-03-01,1,1
TOTORA(ORR),atencion de partos en servicios,partos atendidos por personal de salud calificado,2023-03-01,2,2
TRINIDAD,atencion de partos en servicios,partos atendidos por personal de salud calificado,2023-03-01,43,43
TUPIZA,atencion de partos en servicios,partos atendidos por personal de salud calificado,2023-03-01,43,43
URIONDO (A. CONCEPCION),atencion de partos en servicios,partos atendidos por personal de salud calificado,2023-03-01,2,2
URUBICHA,atencion de partos en servicios,partos atendidos por personal de salud calificado,2023-03-01,8,8
UYUNI,atencion de partos en servicios,partos atendidos por personal de salud calificado,2023-03-01,7,7
VALLEGRANDE,atencion de partos en servicios,partos atendidos por personal de salud calificado,2023-03-01,26,26
VIACHA,atencion de partos en servicios,partos atendidos por personal de salud calificado,2023-03-01,4,4
VILA VILA,atencion de partos en servicios,partos atendidos por personal de salud calificado,2023-03-01,2,2
VILLA CHARCAS,atencion de partos en servicios,partos atendidos por personal de salud calificado,2023-03-01,4,4
VILLA MONTES,atencion de partos en servicios,partos atendidos por personal de salud calificado,2023-03-01,1,1
VILLA RIVERO,atencion de partos en servicios,partos atendidos por personal de salud calificado,2023-03-01,4,4
VILLA TUNARI,atencion de partos en servicios,partos atendidos por personal de salud calificado,2023-03-01,6,6
VILLAZON,atencion de partos en servicios,partos atendidos por personal de salud calificado,2023-03-01,4,4
VITICHI,atencion de partos en servicios,partos atendidos por personal de salud calificado,2023-03-01,3,3
WALDO BALLIVIAN,atencion de partos en servicios,partos atendidos por personal de salud calificado,2023-03-01,1,1
WARNES,atencion de partos en servicios,partos atendidos por personal de salud calificado,2023-03-01,36,36
YACUIBA,atencion de partos en servicios,partos atendidos por personal de salud calificado,2023-03-01,15,15
YAMPARAEZ,atencion de partos en servicios,partos atendidos por personal de salud calificado,2023-03-01,1,1
YANACACHI,atencion de partos en servicios,partos atendidos por personal de salud calificado,2023-03-01,1,1
YAPACANI,atencion de partos en servicios,partos atendidos por personal de salud calificado,2023-03-01,86,86
YOCALLA,atencion de partos en servicios,partos atendidos por personal de salud calificado,2023-03-01,1,1
YOTALA,atencion de partos en servicios,partos atendidos por personal de salud calificado,2023-03-01,3,3
ACHACACHI,atencion de partos en servicios,partos atendidos por personal de salud calificado,2023-04-01,1,1
ANZALDO,atencion de partos en servicios,partos atendidos por personal de salud calificado,2023-04-01,3,3
ARAMPAMPA,atencion de partos en servicios,partos atendidos por personal de salud calificado,2023-04-01,1,1
ARBIETO,atencion de partos en servicios,partos atendidos por personal de salud calificado,2023-04-01,4,4
ARQUE,atencion de partos en servicios,partos atendidos por personal de salud calificado,2023-04-01,1,1
ASCENCION DE GUARAYOS,atencion de partos en servicios,partos atendidos por personal de salud calificado,2023-04-01,33,33
ATOCHA,atencion de partos en servicios,partos atendidos por personal de salud calificado,2023-04-01,1,1
AYATA,atencion de partos en servicios,partos atendidos por personal de salud calificado,2023-04-01,1,1
AYO AYO,atencion de partos en servicios,partos atendidos por personal de salud calificado,2023-04-01,1,1
AZURDUY,atencion de partos en servicios,partos atendidos por personal de salud calificado,2023-04-01,2,2
BAURES,atencion de partos en servicios,partos atendidos por personal de salud calificado,2023-04-01,1,1
BERMEJO,atencion de partos en servicios,partos atendidos por personal de salud calificado,2023-04-01,1,1
BETANZOS,atencion de partos en servicios,partos atendidos por personal de salud calificado,2023-04-01,3,3
BUENA VISTA,atencion de partos en servicios,partos atendidos por personal de salud calificado,2023-04-01,4,4
CAIROMA,atencion de partos en servicios,partos atendidos por personal de salud calificado,2023-04-01,2,2
CAJUATA,atencion de partos en servicios,partos atendidos por personal de salud calificado,2023-04-01,1,1
CAMIRI,atencion de partos en servicios,partos atendidos por personal de salud calificado,2023-04-01,57,57
CAQUIAVIRI,atencion de partos en servicios,partos atendidos por personal de salud calificado,2023-04-01,3,3
CARANAVI,atencion de partos en servicios,partos atendidos por personal de salud calificado,2023-04-01,2,2
CARAPARI,atencion de partos en servicios,partos atendidos por personal de salud calificado,2023-04-01,6,6
CARIPUYO,atencion de partos en servicios,partos atendidos por personal de salud calificado,2023-04-01,2,2
CARMEN RIVERO TORREZ,atencion de partos en servicios,partos atendidos por personal de salud calificado,2023-04-01,7,7
CATACORA,atencion de partos en servicios,partos atendidos por personal de salud calificado,2023-04-01,1,1
CHALLAPATA,atencion de partos en servicios,partos atendidos por personal de salud calificado,2023-04-01,1,1
CHARAGUA,atencion de partos en servicios,partos atendidos por personal de salud calificado,2023-04-01,6,6
CHAYANTA,atencion de partos en servicios,partos atendidos por personal de salud calificado,2023-04-01,2,2
CHIMORE,atencion de partos en servicios,partos atendidos por personal de salud calificado,2023-04-01,22,22
CHULUMANI (V. DE LA LIBERTAD),atencion de partos en servicios,partos atendidos por personal de salud calificado,2023-04-01,2,2
CKOCHAS,atencion de partos en servicios,partos atendidos por personal de salud calificado,2023-04-01,3,3
COBIJA,atencion de partos en servicios,partos atendidos por personal de salud calificado,2023-04-01,6,6
COCAPATA,atencion de partos en servicios,partos atendidos por personal de salud calificado,2023-04-01,3,3
COCHABAMBA,atencion de partos en servicios,partos atendidos por personal de salud calificado,2023-04-01,41,41
COIPASA,atencion de partos en servicios,partos atendidos por personal de salud calificado,2023-04-01,1,1
COLOMI,atencion de partos en servicios,partos atendidos por personal de salud calificado,2023-04-01,1,1
COLQUECHACA,atencion de partos en servicios,partos atendidos por personal de salud calificado,2023-04-01,1,1
COMANCHE,atencion de partos en servicios,partos atendidos por personal de salud calificado,2023-04-01,1,1
COMARAPA,atencion de partos en servicios,partos atendidos por personal de salud calificado,2023-04-01,22,22
CORO CORO,atencion de partos en servicios,partos atendidos por personal de salud calificado,2023-04-01,2,2
COROICO,atencion de partos en servicios,partos atendidos por personal de salud calificado,2023-04-01,2,2
COTAGAITA,atencion de partos en servicios,partos atendidos por personal de salud calificado,2023-04-01,1,1
CUEVO,atencion de partos en servicios,partos atendidos por personal de salud calificado,2023-04-01,1,1
CULPINA,atencion de partos en servicios,partos atendidos por personal de salud calificado,2023-04-01,1,1
EL ALTO,atencion de partos en servicios,partos atendidos por personal de salud calificado,2023-04-01,68,68
EL PUENTE(TJA),atencion de partos en servicios,partos atendidos por personal de salud calificado,2023-04-01,4,4
ENTRE RIOS TRJ,atencion de partos en servicios,partos atendidos por personal de salud calificado,2023-04-01,5,5
ENTRE RIOS CBBA,atencion de partos en servicios,partos atendidos por personal de salud calificado,2023-04-01,1,1
EXALTACION,atencion de partos en servicios,partos atendidos por personal de salud calificado,2023-04-01,1,1
FERNANDEZ ALONSO,atencion de partos en servicios,partos atendidos por personal de salud calificado,2023-04-01,5,5
FILADELFIA,atencion de partos en servicios,partos atendidos por personal de salud calificado,2023-04-01,3,3
GAIOC JATUN AYLLU YURA,atencion de partos en servicios,partos atendidos por personal de salud calificado,2023-04-01,1,1
GENERAL SAAVEDRA,atencion de partos en servicios,partos atendidos por personal de salud calificado,2023-04-01,5,5
GRAL. J.J. PEREZ (CHARAZANI),atencion de partos en servicios,partos atendidos por personal de salud calificado,2023-04-01,2,2
GUAYARAMERIN,atencion de partos en servicios,partos atendidos por personal de salud calificado,2023-04-01,75,75
GUTIERREZ,atencion de partos en servicios,partos atendidos por personal de salud calificado,2023-04-01,14,14
HUACARAJE,atencion de partos en servicios,partos atendidos por personal de salud calificado,2023-04-01,2,2
HUACARETA,atencion de partos en servicios,partos atendidos por personal de salud calificado,2023-04-01,1,1
HUARINA,atencion de partos en servicios,partos atendidos por personal de salud calificado,2023-04-01,3,3
HUATAJATA,atencion de partos en servicios,partos atendidos por personal de salud calificado,2023-04-01,1,1
HUAYLLAMARCA,atencion de partos en servicios,partos atendidos por personal de salud calificado,2023-04-01,1,1
INCAHUASI,atencion de partos en servicios,partos atendidos por personal de salud calificado,2023-04-01,2,2
IRUPANA (VILLA DE LANZA),atencion de partos en servicios,partos atendidos por personal de salud calificado,2023-04-01,1,1
JESUS DE MACHACA,atencion de partos en servicios,partos atendidos por personal de salud calificado,2023-04-01,2,2
LA ASUNTA,atencion de partos en servicios,partos atendidos por personal de salud calificado,2023-04-01,17,17
LA PAZ,atencion de partos en servicios,partos atendidos por personal de salud calificado,2023-04-01,174,174
LAJA,atencion de partos en servicios,partos atendidos por personal de salud calificado,2023-04-01,1,1
LLICA,atencion de partos en servicios,partos atendidos por personal de salud calificado,2023-04-01,1,1
LORETO,atencion de partos en servicios,partos atendidos por personal de salud calificado,2023-04-01,2,2
MAGDALENA,atencion de partos en servicios,partos atendidos por personal de salud calificado,2023-04-01,14,14
MAPIRI,atencion de partos en servicios,partos atendidos por personal de salud calificado,2023-04-01,1,1
MECAPACA,atencion de partos en servicios,partos atendidos por personal de salud calificado,2023-04-01,1,1
MINEROS,atencion de partos en servicios,partos atendidos por personal de salud calificado,2023-04-01,16,16
MONTEAGUDO,atencion de partos en servicios,partos atendidos por personal de salud calificado,2023-04-01,1,1
MONTERO,atencion de partos en servicios,partos atendidos por personal de salud calificado,2023-04-01,99,99
MORO MORO,atencion de partos en servicios,partos atendidos por personal de salud calificado,2023-04-01,1,1
MOROCHATA,atencion de partos en servicios,partos atendidos por personal de salud calificado,2023-04-01,1,1
NACEBE (SANTA ROSA DEL ABUNA),atencion de partos en servicios,partos atendidos por personal de salud calificado,2023-04-01,3,3
NAZACARA DE PACAJES,atencion de partos en servicios,partos atendidos por personal de salud calificado,2023-04-01,2,2
NUEVO MANOA (NUEVA ESPERANZA),atencion de partos en servicios,partos atendidos por personal de salud calificado,2023-04-01,2,2
OCURI,atencion de partos en servicios,partos atendidos por personal de salud calificado,2023-04-01,1,1
OKINAWA,atencion de partos en servicios,partos atendidos por personal de salud calificado,2023-04-01,11,11
OMEREQUE,atencion de partos en servicios,partos atendidos por personal de salud calificado,2023-04-01,2,2
ORURO,atencion de partos en servicios,partos atendidos por personal de salud calificado,2023-04-01,29,29
PADILLA,atencion de partos en servicios,partos atendidos por personal de salud calificado,2023-04-01,22,22
PALCA,atencion de partos en servicios,partos atendidos por personal de salud calificado,2023-04-01,1,1
PALOS BLANCOS,atencion de partos en servicios,partos atendidos por personal de salud calificado,2023-04-01,4,4
PAMPA AULLAGAS,atencion de partos en servicios,partos atendidos por personal de salud calificado,2023-04-01,1,1
POCOATA,atencion de partos en servicios,partos atendidos por personal de salud calificado,2023-04-01,1,1
POCONA,atencion de partos en servicios,partos atendidos por personal de salud calificado,2023-04-01,4,4
PORONGO,atencion de partos en servicios,partos atendidos por personal de salud calificado,2023-04-01,3,3
PORVENIR,atencion de partos en servicios,partos atendidos por personal de salud calificado,2023-04-01,3,3
POTOSI,atencion de partos en servicios,partos atendidos por personal de salud calificado,2023-04-01,13,13
PUERTO ACOSTA,atencion de partos en servicios,partos atendidos por personal de salud calificado,2023-04-01,1,1
PUERTO QUIJARRO,atencion de partos en servicios,partos atendidos por personal de salud calificado,2023-04-01,20,20
PUERTO SILES,atencion de partos en servicios,partos atendidos por personal de salud calificado,2023-04-01,1,1
PUERTO SUAREZ,atencion de partos en servicios,partos atendidos por personal de salud calificado,2023-04-01,17,17
PUNA,atencion de partos en servicios,partos atendidos por personal de salud calificado,2023-04-01,4,4
PUNATA,atencion de partos en servicios,partos atendidos por personal de salud calificado,2023-04-01,6,6
QUILLACOLLO,atencion de partos en servicios,partos atendidos por personal de salud calificado,2023-04-01,9,9
RAQAYPAMPA(ETA),atencion de partos en servicios,partos atendidos por personal de salud calificado,2023-04-01,4,4
RAVELO,atencion de partos en servicios,partos atendidos por personal de salud calificado,2023-04-01,2,2
REYES,atencion de partos en servicios,partos atendidos por personal de salud calificado,2023-04-01,1,1
ROBORE,atencion de partos en servicios,partos atendidos por personal de salud calificado,2023-04-01,33,33
SACABA,atencion de partos en servicios,partos atendidos por personal de salud calificado,2023-04-01,1,1
SACACA,atencion de partos en servicios,partos atendidos por personal de salud calificado,2023-04-01,3,3
SALINAS DE GARCI MENDOZA,atencion de partos en servicios,partos atendidos por personal de salud calificado,2023-04-01,1,1
SAN ANDRES,atencion de partos en servicios,partos atendidos por personal de salud calificado,2023-04-01,3,3
SAN ANTONIO DE LOMERIO,atencion de partos en servicios,partos atendidos por personal de salud calificado,2023-04-01,1,1
SAN BENITO,atencion de partos en servicios,partos atendidos por personal de salud calificado,2023-04-01,3,3
SAN BORJA,atencion de partos en servicios,partos atendidos por personal de salud calificado,2023-04-01,10,10
SAN BUENA VENTURA,atencion de partos en servicios,partos atendidos por personal de salud calificado,2023-04-01,1,1
SAN CARLOS,atencion de partos en servicios,partos atendidos por personal de salud calificado,2023-04-01,1,1
SAN IGNACIO,atencion de partos en servicios,partos atendidos por personal de salud calificado,2023-04-01,1,1
SAN IGNACIO DE VELASCO,atencion de partos en servicios,partos atendidos por personal de salud calificado,2023-04-01,2,2
SAN JOAQUIN,atencion de partos en servicios,partos atendidos por personal de salud calificado,2023-04-01,12,12
SAN JOSE DE CHIQUITOS,atencion de partos en servicios,partos atendidos por personal de salud calificado,2023-04-01,52,52
SAN JUAN DE YAPACANI,atencion de partos en servicios,partos atendidos por personal de salud calificado,2023-04-01,5,5
SAN JULIAN,atencion de partos en servicios,partos atendidos por personal de salud calificado,2023-04-01,1,1
SAN LORENZO(PND),atencion de partos en servicios,partos atendidos por personal de salud calificado,2023-04-01,1,1
SAN LUCAS,atencion de partos en servicios,partos atendidos por personal de salud calificado,2023-04-01,4,4
SAN MATIAS,atencion de partos en servicios,partos atendidos por personal de salud calificado,2023-04-01,4,4
SAN PEDRO,atencion de partos en servicios,partos atendidos por personal de salud calificado,2023-04-01,6,6
SAN PEDRO DE BUENA VISTA,atencion de partos en servicios,partos atendidos por personal de salud calificado,2023-04-01,7,7
SAN PEDRO DE MACHA,atencion de partos en servicios,partos atendidos por personal de salud calificado,2023-04-01,13,13
SAN RAFAEL,atencion de partos en servicios,partos atendidos por personal de salud calificado,2023-04-01,6,6
SAN RAMON BENI,atencion de partos en servicios,partos atendidos por personal de salud calificado,2023-04-01,6,6
SANTA ANA,atencion de partos en servicios,partos atendidos por personal de salud calificado,2023-04-01,33,33
SANTA CRUZ DE LA SIERRA,atencion de partos en servicios,partos atendidos por personal de salud calificado,2023-04-01,299,299
SANTIAGO DE CALLAPA,atencion de partos en servicios,partos atendidos por personal de salud calificado,2023-04-01,2,2
SICAYA,atencion de partos en servicios,partos atendidos por personal de salud calificado,2023-04-01,2,2
SIPE SIPE,atencion de partos en servicios,partos atendidos por personal de salud calificado,2023-04-01,2,2
SORATA,atencion de partos en servicios,partos atendidos por personal de salud calificado,2023-04-01,5,5
SUCRE,atencion de partos en servicios,partos atendidos por personal de salud calificado,2023-04-01,62,62
TACACOMA,atencion de partos en servicios,partos atendidos por personal de salud calificado,2023-04-01,2,2
TACOBAMBA,atencion de partos en servicios,partos atendidos por personal de salud calificado,2023-04-01,3,3
TAPACARI,atencion de partos en servicios,partos atendidos por personal de salud calificado,2023-04-01,5,5
TARABUCO,atencion de partos en servicios,partos atendidos por personal de salud calificado,2023-04-01,1,1
TARACO,atencion de partos en servicios,partos atendidos por personal de salud calificado,2023-04-01,1,1
TARATA,atencion de partos en servicios,partos atendidos por personal de salud calificado,2023-04-01,6,6
TARIJA,atencion de partos en servicios,partos atendidos por personal de salud calificado,2023-04-01,5,5
TARVITA,atencion de partos en servicios,partos atendidos por personal de salud calificado,2023-04-01,1,1
TEOPONTE,atencion de partos en servicios,partos atendidos por personal de salud calificado,2023-04-01,2,2
TIQUIPAYA,atencion de partos en servicios,partos atendidos por personal de salud calificado,2023-04-01,1,1
TOCO,atencion de partos en servicios,partos atendidos por personal de salud calificado,2023-04-01,4,4
TOMAVE,atencion de partos en servicios,partos atendidos por personal de salud calificado,2023-04-01,3,3
TORO TORO,atencion de partos en servicios,partos atendidos por personal de salud calificado,2023-04-01,1,1
TOTORA(ORR),atencion de partos en servicios,partos atendidos por personal de salud calificado,2023-04-01,1,1
TRINIDAD,atencion de partos en servicios,partos atendidos por personal de salud calificado,2023-04-01,269,269
TUPIZA,atencion de partos en servicios,partos atendidos por personal de salud calificado,2023-04-01,40,40
UNCIA,atencion de partos en servicios,partos atendidos por personal de salud calificado,2023-04-01,1,1
URIONDO (A. CONCEPCION),atencion de partos en servicios,partos atendidos por personal de salud calificado,2023-04-01,11,11
URUBICHA,atencion de partos en servicios,partos atendidos por personal de salud calificado,2023-04-01,2,2
UYUNI,atencion de partos en servicios,partos atendidos por personal de salud calificado,2023-04-01,7,7
VALLEGRANDE,atencion de partos en servicios,partos atendidos por personal de salud calificado,2023-04-01,21,21
VIACHA,atencion de partos en servicios,partos atendidos por personal de salud calificado,2023-04-01,2,2
VILA VILA,atencion de partos en servicios,partos atendidos por personal de salud calificado,2023-04-01,3,3
VILLA MONTES,atencion de partos en servicios,partos atendidos por personal de salud calificado,2023-04-01,5,5
VILLA RIVERO,atencion de partos en servicios,partos atendidos por personal de salud calificado,2023-04-01,2,2
VILLA SERRANO,atencion de partos en servicios,partos atendidos por personal de salud calificado,2023-04-01,1,1
VILLA TUNARI,atencion de partos en servicios,partos atendidos por personal de salud calificado,2023-04-01,7,7
VILLA VACA GUZMAN (MUYUPAMPA),atencion de partos en servicios,partos atendidos por personal de salud calificado,2023-04-01,2,2
VILLAZON,atencion de partos en servicios,partos atendidos por personal de salud calificado,2023-04-01,2,2
WARNES,atencion de partos en servicios,partos atendidos por personal de salud calificado,2023-04-01,31,31
YACUIBA,atencion de partos en servicios,partos atendidos por personal de salud calificado,2023-04-01,31,31
YANACACHI,atencion de partos en servicios,partos atendidos por personal de salud calificado,2023-04-01,1,1
YAPACANI,atencion de partos en servicios,partos atendidos por personal de salud calificado,2023-04-01,86,86
YOTALA,atencion de partos en servicios,partos atendidos por personal de salud calificado,2023-04-01,3,3
YUNCHARA,atencion de partos en servicios,partos atendidos por personal de salud calificado,2023-04-01,3,3
ZUDAÑEZ,atencion de partos en servicios,partos atendidos por personal de salud calificado,2023-04-01,1,1
ACACIO,atencion de partos en servicios,partos atendidos por personal de salud calificado,2023-05-01,1,1
AIQUILE,atencion de partos en servicios,partos atendidos por personal de salud calificado,2023-05-01,1,1
ALTO BENI,atencion de partos en servicios,partos atendidos por personal de salud calificado,2023-05-01,1,1
ANZALDO,atencion de partos en servicios,partos atendidos por personal de salud calificado,2023-05-01,1,1
ARAMPAMPA,atencion de partos en servicios,partos atendidos por personal de salud calificado,2023-05-01,2,2
ARANI,atencion de partos en servicios,partos atendidos por personal de salud calificado,2023-05-01,2,2
ARBIETO,atencion de partos en servicios,partos atendidos por personal de salud calificado,2023-05-01,8,8
ASCENCION DE GUARAYOS,atencion de partos en servicios,partos atendidos por personal de salud calificado,2023-05-01,49,49
ATOCHA,atencion de partos en servicios,partos atendidos por personal de salud calificado,2023-05-01,1,1
AUCAPATA,atencion de partos en servicios,partos atendidos por personal de salud calificado,2023-05-01,2,2
AYOPAYA (V. DE INDEPENDENCIA),atencion de partos en servicios,partos atendidos por personal de salud calificado,2023-05-01,1,1
AZURDUY,atencion de partos en servicios,partos atendidos por personal de salud calificado,2023-05-01,1,1
BAURES,atencion de partos en servicios,partos atendidos por personal de salud calificado,2023-05-01,5,5
BERMEJO,atencion de partos en servicios,partos atendidos por personal de salud calificado,2023-05-01,3,3
BETANZOS,atencion de partos en servicios,partos atendidos por personal de salud calificado,2023-05-01,3,3
BUENA VISTA,atencion de partos en servicios,partos atendidos por personal de salud calificado,2023-05-01,4,4
CABEZAS,atencion de partos en servicios,partos atendidos por personal de salud calificado,2023-05-01,2,2
CAIROMA,atencion de partos en servicios,partos atendidos por personal de salud calificado,2023-05-01,5,5
CAMIRI,atencion de partos en servicios,partos atendidos por personal de salud calificado,2023-05-01,26,26
CARANAVI,atencion de partos en servicios,partos atendidos por personal de salud calificado,2023-05-01,3,3
CARAPARI,atencion de partos en servicios,partos atendidos por personal de salud calificado,2023-05-01,6,6
CARIPUYO,atencion de partos en servicios,partos atendidos por personal de salud calificado,2023-05-01,2,2
CARMEN RIVERO TORREZ,atencion de partos en servicios,partos atendidos por personal de salud calificado,2023-05-01,6,6
CHAQUI,atencion de partos en servicios,partos atendidos por personal de salud calificado,2023-05-01,3,3
CHARAGUA,atencion de partos en servicios,partos atendidos por personal de salud calificado,2023-05-01,6,6
CHIMORE,atencion de partos en servicios,partos atendidos por personal de salud calificado,2023-05-01,29,29
CHOQUE COTA,atencion de partos en servicios,partos atendidos por personal de salud calificado,2023-05-01,1,1
CHUA COCANI,atencion de partos en servicios,partos atendidos por personal de salud calificado,2023-05-01,2,2
CHULUMANI (V. DE LA LIBERTAD),atencion de partos en servicios,partos atendidos por personal de salud calificado,2023-05-01,2,2
CHUQUIHUTA AYLLU JUCUMANI,atencion de partos en servicios,partos atendidos por personal de salud calificado,2023-05-01,1,1
CKOCHAS,atencion de partos en servicios,partos atendidos por personal de salud calificado,2023-05-01,1,1
COBIJA,atencion de partos en servicios,partos atendidos por personal de salud calificado,2023-05-01,24,24
COCAPATA,atencion de partos en servicios,partos atendidos por personal de salud calificado,2023-05-01,4,4
COCHABAMBA,atencion de partos en servicios,partos atendidos por personal de salud calificado,2023-05-01,25,25
"COLCHA ""K""",atencion de partos en servicios,partos atendidos por personal de salud calificado,2023-05-01,1,1
COLOMI,atencion de partos en servicios,partos atendidos por personal de salud calificado,2023-05-01,1,1
COMARAPA,atencion de partos en servicios,partos atendidos por personal de salud calificado,2023-05-01,25,25
CORIPATA,atencion de partos en servicios,partos atendidos por personal de salud calificado,2023-05-01,1,1
COTAGAITA,atencion de partos en servicios,partos atendidos por personal de salud calificado,2023-05-01,3,3
EL ALTO,atencion de partos en servicios,partos atendidos por personal de salud calificado,2023-05-01,108,108
EL PUENTE(TJA),atencion de partos en servicios,partos atendidos por personal de salud calificado,2023-05-01,1,1
ENTRE RIOS TRJ,atencion de partos en servicios,partos atendidos por personal de salud calificado,2023-05-01,1,1
FERNANDEZ ALONSO,atencion de partos en servicios,partos atendidos por personal de salud calificado,2023-05-01,7,7
GAIOC JATUN AYLLU YURA,atencion de partos en servicios,partos atendidos por personal de salud calificado,2023-05-01,1,1
GENERAL SAAVEDRA,atencion de partos en servicios,partos atendidos por personal de salud calificado,2023-05-01,10,10
GUAYARAMERIN,atencion de partos en servicios,partos atendidos por personal de salud calificado,2023-05-01,30,30
GUTIERREZ,atencion de partos en servicios,partos atendidos por personal de salud calificado,2023-05-01,17,17
HUACARAJE,atencion de partos en servicios,partos atendidos por personal de salud calificado,2023-05-01,2,2
HUACARETA,atencion de partos en servicios,partos atendidos por personal de salud calificado,2023-05-01,1,1
HUAYLLAMARCA,atencion de partos en servicios,partos atendidos por personal de salud calificado,2023-05-01,2,2
ICHOCA,atencion de partos en servicios,partos atendidos por personal de salud calificado,2023-05-01,1,1
INGAVI (HUMAITA),atencion de partos en servicios,partos atendidos por personal de salud calificado,2023-05-01,1,1
LA ASUNTA,atencion de partos en servicios,partos atendidos por personal de salud calificado,2023-05-01,9,9
LA PAZ,atencion de partos en servicios,partos atendidos por personal de salud calificado,2023-05-01,544,544
LLICA,atencion de partos en servicios,partos atendidos por personal de salud calificado,2023-05-01,1,1
LORETO,atencion de partos en servicios,partos atendidos por personal de salud calificado,2023-05-01,1,1
MACHARETI,atencion de partos en servicios,partos atendidos por personal de salud calificado,2023-05-01,1,1
MAGDALENA,atencion de partos en servicios,partos atendidos por personal de salud calificado,2023-05-01,9,9
MAPIRI,atencion de partos en servicios,partos atendidos por personal de salud calificado,2023-05-01,3,3
MECAPACA,atencion de partos en servicios,partos atendidos por personal de salud calificado,2023-05-01,1,1
MINEROS,atencion de partos en servicios,partos atendidos por personal de salud calificado,2023-05-01,5,5
MIZQUE,atencion de partos en servicios,partos atendidos por personal de salud calificado,2023-05-01,1,1
MONTEAGUDO,atencion de partos en servicios,partos atendidos por personal de salud calificado,2023-05-01,1,1
MONTERO,atencion de partos en servicios,partos atendidos por personal de salud calificado,2023-05-01,104,104
OCURI,atencion de partos en servicios,partos atendidos por personal de salud calificado,2023-05-01,1,1
OKINAWA,atencion de partos en servicios,partos atendidos por personal de salud calificado,2023-05-01,3,3
ORURO,atencion de partos en servicios,partos atendidos por personal de salud calificado,2023-05-01,68,68
PADCAYA,atencion de partos en servicios,partos atendidos por personal de salud calificado,2023-05-01,3,3
PADILLA,atencion de partos en servicios,partos atendidos por personal de salud calificado,2023-05-01,8,8
PALCA,atencion de partos en servicios,partos atendidos por personal de salud calificado,2023-05-01,1,1
PALOS BLANCOS,atencion de partos en servicios,partos atendidos por personal de salud calificado,2023-05-01,3,3
PAPEL PAMPA,atencion de partos en servicios,partos atendidos por personal de salud calificado,2023-05-01,1,1
POCOATA,atencion de partos en servicios,partos atendidos por personal de salud calificado,2023-05-01,6,6
POCONA,atencion de partos en servicios,partos atendidos por personal de salud calificado,2023-05-01,5,5
POJO (CBBA),atencion de partos en servicios,partos atendidos por personal de salud calificado,2023-05-01,2,2
PORCO,atencion de partos en servicios,partos atendidos por personal de salud calificado,2023-05-01,6,6
POROMA,atencion de partos en servicios,partos atendidos por personal de salud calificado,2023-05-01,3,3
PORONGO,atencion de partos en servicios,partos atendidos por personal de salud calificado,2023-05-01,1,1
POTOSI,atencion de partos en servicios,partos atendidos por personal de salud calificado,2023-05-01,17,17
PUCARANI,atencion de partos en servicios,partos atendidos por personal de salud calificado,2023-05-01,1,1
PUERTO ACOSTA,atencion de partos en servicios,partos atendidos por personal de salud calificado,2023-05-01,2,2
PUERTO CARABUCO,atencion de partos en servicios,partos atendidos por personal de salud calificado,2023-05-01,3,3
PUERTO QUIJARRO,atencion de partos en servicios,partos atendidos por personal de salud calificado,2023-05-01,24,24
PUERTO SUAREZ,atencion de partos en servicios,partos atendidos por personal de salud calificado,2023-05-01,14,14
PUERTO VILLARROEL,atencion de partos en servicios,partos atendidos por personal de salud calificado,2023-05-01,1,1
PUNA,atencion de partos en servicios,partos atendidos por personal de salud calificado,2023-05-01,1,1
PUNATA,atencion de partos en servicios,partos atendidos por personal de salud calificado,2023-05-01,11,11
QUILLACOLLO,atencion de partos en servicios,partos atendidos por personal de salud calificado,2023-05-01,1,1
RAQAYPAMPA(ETA),atencion de partos en servicios,partos atendidos por personal de salud calificado,2023-05-01,2,2
RAVELO,atencion de partos en servicios,partos atendidos por personal de salud calificado,2023-05-01,1,1
ROBORE,atencion de partos en servicios,partos atendidos por personal de salud calificado,2023-05-01,20,20
SACACA,atencion de partos en servicios,partos atendidos por personal de salud calificado,2023-05-01,1,1
SAIPINA,atencion de partos en servicios,partos atendidos por personal de salud calificado,2023-05-01,6,6
SALINAS DE GARCI MENDOZA,atencion de partos en servicios,partos atendidos por personal de salud calificado,2023-05-01,2,2
SAN AGUSTIN,atencion de partos en servicios,partos atendidos por personal de salud calificado,2023-05-01,1,1
SAN ANDRES,atencion de partos en servicios,partos atendidos por personal de salud calificado,2023-05-01,6,6
SAN BENITO,atencion de partos en servicios,partos atendidos por personal de salud calificado,2023-05-01,4,4
SAN BORJA,atencion de partos en servicios,partos atendidos por personal de salud calificado,2023-05-01,9,9
SAN CARLOS,atencion de partos en servicios,partos atendidos por personal de salud calificado,2023-05-01,19,19
SAN IGNACIO,atencion de partos en servicios,partos atendidos por personal de salud calificado,2023-05-01,4,4
SAN IGNACIO DE VELASCO,atencion de partos en servicios,partos atendidos por personal de salud calificado,2023-05-01,14,14
SAN JOAQUIN,atencion de partos en servicios,partos atendidos por personal de salud calificado,2023-05-01,9,9
SAN JOSE DE CHIQUITOS,atencion de partos en servicios,partos atendidos por personal de salud calificado,2023-05-01,37,37
SAN JUAN DE YAPACANI,atencion de partos en servicios,partos atendidos por personal de salud calificado,2023-05-01,6,6
SAN LORENZO(PND),atencion de partos en servicios,partos atendidos por personal de salud calificado,2023-05-01,2,2
SAN LORENZO(TJA),atencion de partos en servicios,partos atendidos por personal de salud calificado,2023-05-01,3,3
SAN LUCAS,atencion de partos en servicios,partos atendidos por personal de salud calificado,2023-05-01,7,7
SAN MATIAS,atencion de partos en servicios,partos atendidos por personal de salud calificado,2023-05-01,1,1
SAN PEDRO,atencion de partos en servicios,partos atendidos por personal de salud calificado,2023-05-01,3,3
SAN PEDRO DE BUENA VISTA,atencion de partos en servicios,partos atendidos por personal de salud calificado,2023-05-01,4,4
SAN PEDRO DE CURAHUARA,atencion de partos en servicios,partos atendidos por personal de salud calificado,2023-05-01,2,2
SAN PEDRO DE MACHA,atencion de partos en servicios,partos atendidos por personal de salud calificado,2023-05-01,4,4
SAN PEDRO DE TIQUINA,atencion de partos en servicios,partos atendidos por personal de salud calificado,2023-05-01,2,2
SAN RAFAEL,atencion de partos en servicios,partos atendidos por personal de salud calificado,2023-05-01,5,5
SAN RAMON BENI,atencion de partos en servicios,partos atendidos por personal de salud calificado,2023-05-01,4,4
SANTA ANA,atencion de partos en servicios,partos atendidos por personal de salud calificado,2023-05-01,36,36
SANTA CRUZ DE LA SIERRA,atencion de partos en servicios,partos atendidos por personal de salud calificado,2023-05-01,350,350
SANTUARIO DE QUILLACAS,atencion de partos en servicios,partos atendidos por personal de salud calificado,2023-05-01,1,1
SENA,atencion de partos en servicios,partos atendidos por personal de salud calificado,2023-05-01,1,1
SICAYA,atencion de partos en servicios,partos atendidos por personal de salud calificado,2023-05-01,1,1
SIPE SIPE,atencion de partos en servicios,partos atendidos por personal de salud calificado,2023-05-01,1,1
SOPACHUY,atencion de partos en servicios,partos atendidos por personal de salud calificado,2023-05-01,1,1
SORATA,atencion de partos en servicios,partos atendidos por personal de salud calificado,2023-05-01,8,8
SUCRE,atencion de partos en servicios,partos atendidos por personal de salud calificado,2023-05-01,44,44
TACACOMA,atencion de partos en servicios,partos atendidos por personal de salud calificado,2023-05-01,2,2
TACOPAYA,atencion de partos en servicios,partos atendidos por personal de salud calificado,2023-05-01,1,1
TAPACARI,atencion de partos en servicios,partos atendidos por personal de salud calificado,2023-05-01,5,5
TARATA,atencion de partos en servicios,partos atendidos por personal de salud calificado,2023-05-01,7,7
TARIJA,atencion de partos en servicios,partos atendidos por personal de salud calificado,2023-05-01,4,4
TARVITA,atencion de partos en servicios,partos atendidos por personal de salud calificado,2023-05-01,2,2
TINGUIPAYA,atencion de partos en servicios,partos atendidos por personal de salud calificado,2023-05-01,1,1
TIPUANI,atencion de partos en servicios,partos atendidos por personal de salud calificado,2023-05-01,1,1
TIQUIPAYA,atencion de partos en servicios,partos atendidos por personal de salud calificado,2023-05-01,2,2
TOCO,atencion de partos en servicios,partos atendidos por personal de salud calificado,2023-05-01,2,2
TOLEDO,atencion de partos en servicios,partos atendidos por personal de salud calificado,2023-05-01,1,1
TOMAVE,atencion de partos en servicios,partos atendidos por personal de salud calificado,2023-05-01,1,1
TRIGAL,atencion de partos en servicios,partos atendidos por personal de salud calificado,2023-05-01,2,2
TRINIDAD,atencion de partos en servicios,partos atendidos por personal de salud calificado,2023-05-01,281,281
TUPIZA,atencion de partos en servicios,partos atendidos por personal de salud calificado,2023-05-01,42,42
UNCIA,atencion de partos en servicios,partos atendidos por personal de salud calificado,2023-05-01,4,4
URIONDO (A. CONCEPCION),atencion de partos en servicios,partos atendidos por personal de salud calificado,2023-05-01,6,6
URUBICHA,atencion de partos en servicios,partos atendidos por personal de salud calificado,2023-05-01,2,2
UYUNI,atencion de partos en servicios,partos atendidos por personal de salud calificado,2023-05-01,5,5
VALLEGRANDE,atencion de partos en servicios,partos atendidos por personal de salud calificado,2023-05-01,19,19
VIACHA,atencion de partos en servicios,partos atendidos por personal de salud calificado,2023-05-01,7,7
VILA VILA,atencion de partos en servicios,partos atendidos por personal de salud calificado,2023-05-01,1,1
VILLA CHARCAS,atencion de partos en servicios,partos atendidos por personal de salud calificado,2023-05-01,10,10
VILLA MONTES,atencion de partos en servicios,partos atendidos por personal de salud calificado,2023-05-01,4,4
VILLA NUEVA (LOMA ALTA),atencion de partos en servicios,partos atendidos por personal de salud calificado,2023-05-01,1,1
VILLA RIVERO,atencion de partos en servicios,partos atendidos por personal de salud calificado,2023-05-01,1,1
VILLA SERRANO,atencion de partos en servicios,partos atendidos por personal de salud calificado,2023-05-01,1,1
VILLA TUNARI,atencion de partos en servicios,partos atendidos por personal de salud calificado,2023-05-01,6,6
VILLA VACA GUZMAN (MUYUPAMPA),atencion de partos en servicios,partos atendidos por personal de salud calificado,2023-05-01,1,1
VILLAZON,atencion de partos en servicios,partos atendidos por personal de salud calificado,2023-05-01,1,1
VITICHI,atencion de partos en servicios,partos atendidos por personal de salud calificado,2023-05-01,4,4
WARNES,atencion de partos en servicios,partos atendidos por personal de salud calificado,2023-05-01,31,31
YACUIBA,atencion de partos en servicios,partos atendidos por personal de salud calificado,2023-05-01,27,27
YAPACANI,atencion de partos en servicios,partos atendidos por personal de salud calificado,2023-05-01,90,90
YOCALLA,atencion de partos en servicios,partos atendidos por personal de salud calificado,2023-05-01,1,1
YOTALA,atencion de partos en servicios,partos atendidos por personal de salud calificado,2023-05-01,5,5
YUNCHARA,atencion de partos en servicios,partos atendidos por personal de salud calificado,2023-05-01,3,3
ZUDAÑEZ,atencion de partos en servicios,partos atendidos por personal de salud calificado,2023-05-01,1,1
ACACIO,atencion de partos en servicios,partos atendidos por personal de salud calificado,2023-06-01,2,2
ACHOCALLA,atencion de partos en servicios,partos atendidos por personal de salud calificado,2023-06-01,0,0
ANZALDO,atencion de partos en servicios,partos atendidos por personal de salud calificado,2023-06-01,1,1
APOLO,atencion de partos en servicios,partos atendidos por personal de salud calificado,2023-06-01,2,2
ARANI,atencion de partos en servicios,partos atendidos por personal de salud calificado,2023-06-01,1,1
ARBIETO,atencion de partos en servicios,partos atendidos por personal de salud calificado,2023-06-01,7,7
ARQUE,atencion de partos en servicios,partos atendidos por personal de salud calificado,2023-06-01,1,1
ASCENCION DE GUARAYOS,atencion de partos en servicios,partos atendidos por personal de salud calificado,2023-06-01,53,53
ATOCHA,atencion de partos en servicios,partos atendidos por personal de salud calificado,2023-06-01,1,1
AZURDUY,atencion de partos en servicios,partos atendidos por personal de salud calificado,2023-06-01,1,1
BAURES,atencion de partos en servicios,partos atendidos por personal de salud calificado,2023-06-01,7,7
BERMEJO,atencion de partos en servicios,partos atendidos por personal de salud calificado,2023-06-01,2,2
BETANZOS,atencion de partos en servicios,partos atendidos por personal de salud calificado,2023-06-01,6,6
BUENA VISTA,atencion de partos en servicios,partos atendidos por personal de salud calificado,2023-06-01,10,10
CAIROMA,atencion de partos en servicios,partos atendidos por personal de salud calificado,2023-06-01,5,5
CAJUATA,atencion de partos en servicios,partos atendidos por personal de salud calificado,2023-06-01,1,1
CAMATAQUI (C. VILLA ABECIA),atencion de partos en servicios,partos atendidos por personal de salud calificado,2023-06-01,1,1
CAMIRI,atencion de partos en servicios,partos atendidos por personal de salud calificado,2023-06-01,30,30
CAQUIAVIRI,atencion de partos en servicios,partos atendidos por personal de salud calificado,2023-06-01,2,2
CARANAVI,atencion de partos en servicios,partos atendidos por personal de salud calificado,2023-06-01,5,5
CARAPARI,atencion de partos en servicios,partos atendidos por personal de salud calificado,2023-06-01,2,2
CARMEN RIVERO TORREZ,atencion de partos en servicios,partos atendidos por personal de salud calificado,2023-06-01,6,6
CHALLAPATA,atencion de partos en servicios,partos atendidos por personal de salud calificado,2023-06-01,1,1
CHAQUI,atencion de partos en servicios,partos atendidos por personal de salud calificado,2023-06-01,2,2
CHARAGUA,atencion de partos en servicios,partos atendidos por personal de salud calificado,2023-06-01,9,9
CHAYANTA,atencion de partos en servicios,partos atendidos por personal de salud calificado,2023-06-01,2,2
CHIMORE,atencion de partos en servicios,partos atendidos por personal de salud calificado,2023-06-01,24,24
CHIPAYA,atencion de partos en servicios,partos atendidos por personal de salud calificado,2023-06-01,1,1
CHOQUE COTA,atencion de partos en servicios,partos atendidos por personal de salud calificado,2023-06-01,1,1
CHUA COCANI,atencion de partos en servicios,partos atendidos por personal de salud calificado,2023-06-01,2,2
CHUQUIHUTA AYLLU JUCUMANI,atencion de partos en servicios,partos atendidos por personal de salud calificado,2023-06-01,3,3
CKOCHAS,atencion de partos en servicios,partos atendidos por personal de salud calificado,2023-06-01,2,2
COBIJA,atencion de partos en servicios,partos atendidos por personal de salud calificado,2023-06-01,8,8
COCAPATA,atencion de partos en servicios,partos atendidos por personal de salud calificado,2023-06-01,1,1
COCHABAMBA,atencion de partos en servicios,partos atendidos por personal de salud calificado,2023-06-01,40,40
COIPASA,atencion de partos en servicios,partos atendidos por personal de salud calificado,2023-06-01,1,1
COLOMI,atencion de partos en servicios,partos atendidos por personal de salud calificado,2023-06-01,1,1
COMARAPA,atencion de partos en servicios,partos atendidos por personal de salud calificado,2023-06-01,19,19
CORIPATA,atencion de partos en servicios,partos atendidos por personal de salud calificado,2023-06-01,2,2
COROICO,atencion de partos en servicios,partos atendidos por personal de salud calificado,2023-06-01,1,1
EL ALTO,atencion de partos en servicios,partos atendidos por personal de salud calificado,2023-06-01,78,78
ENTRE RIOS TRJ,atencion de partos en servicios,partos atendidos por personal de salud calificado,2023-06-01,1,1
FERNANDEZ ALONSO,atencion de partos en servicios,partos atendidos por personal de salud calificado,2023-06-01,7,7
FILADELFIA,atencion de partos en servicios,partos atendidos por personal de salud calificado,2023-06-01,1,1
GENERAL SAAVEDRA,atencion de partos en servicios,partos atendidos por personal de salud calificado,2023-06-01,10,10
GRAL. J.J. PEREZ (CHARAZANI),atencion de partos en servicios,partos atendidos por personal de salud calificado,2023-06-01,1,1
GUAYARAMERIN,atencion de partos en servicios,partos atendidos por personal de salud calificado,2023-06-01,60,60
GUTIERREZ,atencion de partos en servicios,partos atendidos por personal de salud calificado,2023-06-01,10,10
HUACARAJE,atencion de partos en servicios,partos atendidos por personal de salud calificado,2023-06-01,2,2
HUACARETA,atencion de partos en servicios,partos atendidos por personal de salud calificado,2023-06-01,1,1
HUACAYA (VILLA DE HUACAYA),atencion de partos en servicios,partos atendidos por personal de salud calificado,2023-06-01,2,2
ICHOCA,atencion de partos en servicios,partos atendidos por personal de salud calificado,2023-06-01,2,2
INGAVI (HUMAITA),atencion de partos en servicios,partos atendidos por personal de salud calificado,2023-06-01,1,1
IRUPANA (VILLA DE LANZA),atencion de partos en servicios,partos atendidos por personal de salud calificado,2023-06-01,1,1
JESUS DE MACHACA,atencion de partos en servicios,partos atendidos por personal de salud calificado,2023-06-01,1,1
LA ASUNTA,atencion de partos en servicios,partos atendidos por personal de salud calificado,2023-06-01,6,6
LA PAZ,atencion de partos en servicios,partos atendidos por personal de salud calificado,2023-06-01,178,178
LAS CARRERAS,atencion de partos en servicios,partos atendidos por personal de salud calificado,2023-06-01,1,1
LORETO,atencion de partos en servicios,partos atendidos por personal de salud calificado,2023-06-01,1,1
LURIBAY,atencion de partos en servicios,partos atendidos por personal de salud calificado,2023-06-01,1,1
MAGDALENA,atencion de partos en servicios,partos atendidos por personal de salud calificado,2023-06-01,10,10
MINEROS,atencion de partos en servicios,partos atendidos por personal de salud calificado,2023-06-01,13,13
MOCOMOCO,atencion de partos en servicios,partos atendidos por personal de salud calificado,2023-06-01,1,1
MOJINETE,atencion de partos en servicios,partos atendidos por personal de salud calificado,2023-06-01,1,1
MONTERO,atencion de partos en servicios,partos atendidos por personal de salud calificado,2023-06-01,106,106
OKINAWA,atencion de partos en servicios,partos atendidos por personal de salud calificado,2023-06-01,8,8
ORURO,atencion de partos en servicios,partos atendidos por personal de salud calificado,2023-06-01,46,46
PADCAYA,atencion de partos en servicios,partos atendidos por personal de salud calificado,2023-06-01,1,1
PADILLA,atencion de partos en servicios,partos atendidos por personal de salud calificado,2023-06-01,5,5
PALCA,atencion de partos en servicios,partos atendidos por personal de salud calificado,2023-06-01,2,2
PALOS BLANCOS,atencion de partos en servicios,partos atendidos por personal de salud calificado,2023-06-01,3,3
PAMPA AULLAGAS,atencion de partos en servicios,partos atendidos por personal de salud calificado,2023-06-01,2,2
PATACAMAYA,atencion de partos en servicios,partos atendidos por personal de salud calificado,2023-06-01,1,1
PAZÑA,atencion de partos en servicios,partos atendidos por personal de salud calificado,2023-06-01,1,1
PELECHUCO,atencion de partos en servicios,partos atendidos por personal de salud calificado,2023-06-01,1,1
POCOATA,atencion de partos en servicios,partos atendidos por personal de salud calificado,2023-06-01,3,3
POCONA,atencion de partos en servicios,partos atendidos por personal de salud calificado,2023-06-01,5,5
POJO (CBBA),atencion de partos en servicios,partos atendidos por personal de salud calificado,2023-06-01,1,1
POROMA,atencion de partos en servicios,partos atendidos por personal de salud calificado,2023-06-01,2,2
PORONGO,atencion de partos en servicios,partos atendidos por personal de salud calificado,2023-06-01,4,4
POSTRER VALLE,atencion de partos en servicios,partos atendidos por personal de salud calificado,2023-06-01,1,1
POTOSI,atencion de partos en servicios,partos atendidos por personal de salud calificado,2023-06-01,73,73
PUCARANI,atencion de partos en servicios,partos atendidos por personal de salud calificado,2023-06-01,2,2
PUERTO ACOSTA,atencion de partos en servicios,partos atendidos por personal de salud calificado,2023-06-01,6,6
PUERTO CARABUCO,atencion de partos en servicios,partos atendidos por personal de salud calificado,2023-06-01,3,3
PUERTO QUIJARRO,atencion de partos en servicios,partos atendidos por personal de salud calificado,2023-06-01,36,36
PUERTO SILES,atencion de partos en servicios,partos atendidos por personal de salud calificado,2023-06-01,1,1
PUERTO VILLARROEL,atencion de partos en servicios,partos atendidos por personal de salud calificado,2023-06-01,1,1
PUNA,atencion de partos en servicios,partos atendidos por personal de salud calificado,2023-06-01,2,2
PUNATA,atencion de partos en servicios,partos atendidos por personal de salud calificado,2023-06-01,5,5
QUILLACOLLO,atencion de partos en servicios,partos atendidos por personal de salud calificado,2023-06-01,6,6
RAQAYPAMPA(ETA),atencion de partos en servicios,partos atendidos por personal de salud calificado,2023-06-01,2,2
RAVELO,atencion de partos en servicios,partos atendidos por personal de salud calificado,2023-06-01,1,1
REYES,atencion de partos en servicios,partos atendidos por personal de salud calificado,2023-06-01,2,2
ROBORE,atencion de partos en servicios,partos atendidos por personal de salud calificado,2023-06-01,26,26
RURRENABAQUE,atencion de partos en servicios,partos atendidos por personal de salud calificado,2023-06-01,2,2
SACABA,atencion de partos en servicios,partos atendidos por personal de salud calificado,2023-06-01,1,1
SACACA,atencion de partos en servicios,partos atendidos por personal de salud calificado,2023-06-01,2,2
SAIPINA,atencion de partos en servicios,partos atendidos por personal de salud calificado,2023-06-01,6,6
SAN ANDRES,atencion de partos en servicios,partos atendidos por personal de salud calificado,2023-06-01,5,5
SAN ANTONIO DE LOMERIO,atencion de partos en servicios,partos atendidos por personal de salud calificado,2023-06-01,1,1
SAN BENITO,atencion de partos en servicios,partos atendidos por personal de salud calificado,2023-06-01,1,1
SAN BORJA,atencion de partos en servicios,partos atendidos por personal de salud calificado,2023-06-01,12,12
SAN CARLOS,atencion de partos en servicios,partos atendidos por personal de salud calificado,2023-06-01,13,13
SAN IGNACIO,atencion de partos en servicios,partos atendidos por personal de salud calificado,2023-06-01,2,2
SAN IGNACIO DE VELASCO,atencion de partos en servicios,partos atendidos por personal de salud calificado,2023-06-01,9,9
SAN JOAQUIN,atencion de partos en servicios,partos atendidos por personal de salud calificado,2023-06-01,7,7
SAN JOSE DE CHIQUITOS,atencion de partos en servicios,partos atendidos por personal de salud calificado,2023-06-01,33,33
SAN JUAN DE YAPACANI,atencion de partos en servicios,partos atendidos por personal de salud calificado,2023-06-01,7,7
SAN JULIAN,atencion de partos en servicios,partos atendidos por personal de salud calificado,2023-06-01,2,2
SAN LORENZO(PND),atencion de partos en servicios,partos atendidos por personal de salud calificado,2023-06-01,2,2
SAN LORENZO(TJA),atencion de partos en servicios,partos atendidos por personal de salud calificado,2023-06-01,2,2
SAN LUCAS,atencion de partos en servicios,partos atendidos por personal de salud calificado,2023-06-01,3,3
SAN MATIAS,atencion de partos en servicios,partos atendidos por personal de salud calificado,2023-06-01,2,2
SAN PEDRO,atencion de partos en servicios,partos atendidos por personal de salud calificado,2023-06-01,1,1
SAN PEDRO DE BUENA VISTA,atencion de partos en servicios,partos atendidos por personal de salud calificado,2023-06-01,6,6
SAN PEDRO DE CURAHUARA,atencion de partos en servicios,partos atendidos por personal de salud calificado,2023-06-01,2,2
SAN PEDRO DE MACHA,atencion de partos en servicios,partos atendidos por personal de salud calificado,2023-06-01,2,2
SAN PEDRO DE TIQUINA,atencion de partos en servicios,partos atendidos por personal de salud calificado,2023-06-01,3,3
SAN RAFAEL,atencion de partos en servicios,partos atendidos por personal de salud calificado,2023-06-01,3,3
SAN RAMON BENI,atencion de partos en servicios,partos atendidos por personal de salud calificado,2023-06-01,5,5
SANTA ANA,atencion de partos en servicios,partos atendidos por personal de salud calificado,2023-06-01,35,35
SANTA CRUZ DE LA SIERRA,atencion de partos en servicios,partos atendidos por personal de salud calificado,2023-06-01,421,421
SANTA ROSA,atencion de partos en servicios,partos atendidos por personal de salud calificado,2023-06-01,1,1
SENA,atencion de partos en servicios,partos atendidos por personal de salud calificado,2023-06-01,1,1
SICA SICA (VILLA AROMA),atencion de partos en servicios,partos atendidos por personal de salud calificado,2023-06-01,1,1
SICAYA,atencion de partos en servicios,partos atendidos por personal de salud calificado,2023-06-01,1,1
SIPE SIPE,atencion de partos en servicios,partos atendidos por personal de salud calificado,2023-06-01,1,1
SORACACHI,atencion de partos en servicios,partos atendidos por personal de salud calificado,2023-06-01,1,1
SORATA,atencion de partos en servicios,partos atendidos por personal de salud calificado,2023-06-01,1,1
SUCRE,atencion de partos en servicios,partos atendidos por personal de salud calificado,2023-06-01,50,50
TACACHI,atencion de partos en servicios,partos atendidos por personal de salud calificado,2023-06-01,1,1
TACACOMA,atencion de partos en servicios,partos atendidos por personal de salud calificado,2023-06-01,2,2
TACOBAMBA,atencion de partos en servicios,partos atendidos por personal de salud calificado,2023-06-01,1,1
TAPACARI,atencion de partos en servicios,partos atendidos por personal de salud calificado,2023-06-01,2,2
TARATA,atencion de partos en servicios,partos atendidos por personal de salud calificado,2023-06-01,6,6
TEOPONTE,atencion de partos en servicios,partos atendidos por personal de salud calificado,2023-06-01,1,1
TIPUANI,atencion de partos en servicios,partos atendidos por personal de salud calificado,2023-06-01,1,1
TIQUIPAYA,atencion de partos en servicios,partos atendidos por personal de salud calificado,2023-06-01,1,1
TOMINA,atencion de partos en servicios,partos atendidos por personal de salud calificado,2023-06-01,1,1
TORO TORO,atencion de partos en servicios,partos atendidos por personal de salud calificado,2023-06-01,2,2
TRINIDAD,atencion de partos en servicios,partos atendidos por personal de salud calificado,2023-06-01,281,281
TUPIZA,atencion de partos en servicios,partos atendidos por personal de salud calificado,2023-06-01,21,21
UNCIA,atencion de partos en servicios,partos atendidos por personal de salud calificado,2023-06-01,10,10
URIONDO (A. CONCEPCION),atencion de partos en servicios,partos atendidos por personal de salud calificado,2023-06-01,9,9
URUBICHA,atencion de partos en servicios,partos atendidos por personal de salud calificado,2023-06-01,4,4
UYUNI,atencion de partos en servicios,partos atendidos por personal de salud calificado,2023-06-01,5,5
VALLEGRANDE,atencion de partos en servicios,partos atendidos por personal de salud calificado,2023-06-01,4,4
VIACHA,atencion de partos en servicios,partos atendidos por personal de salud calificado,2023-06-01,4,4
VILA VILA,atencion de partos en servicios,partos atendidos por personal de salud calificado,2023-06-01,1,1
VILLA MONTES,atencion de partos en servicios,partos atendidos por personal de salud calificado,2023-06-01,7,7
VILLA RIVERO,atencion de partos en servicios,partos atendidos por personal de salud calificado,2023-06-01,1,1
VILLA TUNARI,atencion de partos en servicios,partos atendidos por personal de salud calificado,2023-06-01,6,6
VILLA VACA GUZMAN (MUYUPAMPA),atencion de partos en servicios,partos atendidos por personal de salud calificado,2023-06-01,1,1
VILLAZON,atencion de partos en servicios,partos atendidos por personal de salud calificado,2023-06-01,1,1
VITICHI,atencion de partos en servicios,partos atendidos por personal de salud calificado,2023-06-01,2,2
WARNES,atencion de partos en servicios,partos atendidos por personal de salud calificado,2023-06-01,24,24
YACUIBA,atencion de partos en servicios,partos atendidos por personal de salud calificado,2023-06-01,17,17
YANACACHI,atencion de partos en servicios,partos atendidos por personal de salud calificado,2023-06-01,1,1
YAPACANI,atencion de partos en servicios,partos atendidos por personal de salud calificado,2023-06-01,79,79
YOCALLA,atencion de partos en servicios,partos atendidos por personal de salud calificado,2023-06-01,1,1
YOTALA,atencion de partos en servicios,partos atendidos por personal de salud calificado,2023-06-01,2,2
YUNCHARA,atencion de partos en servicios,partos atendidos por personal de salud calificado,2023-06-01,1,1
ACACIO,atencion de partos en servicios,partos atendidos por personal de salud calificado,2023-07-01,1,1
ACHACACHI,atencion de partos en servicios,partos atendidos por personal de salud calificado,2023-07-01,1,1
ALTO BENI,atencion de partos en servicios,partos atendidos por personal de salud calificado,2023-07-01,1,1
ANZALDO,atencion de partos en servicios,partos atendidos por personal de salud calificado,2023-07-01,1,1
APOLO,atencion de partos en servicios,partos atendidos por personal de salud calificado,2023-07-01,1,1
ARAMPAMPA,atencion de partos en servicios,partos atendidos por personal de salud calificado,2023-07-01,2,2
ARBIETO,atencion de partos en servicios,partos atendidos por personal de salud calificado,2023-07-01,6,6
ASCENCION DE GUARAYOS,atencion de partos en servicios,partos atendidos por personal de salud calificado,2023-07-01,49,49
AYOPAYA (V. DE INDEPENDENCIA),atencion de partos en servicios,partos atendidos por personal de salud calificado,2023-07-01,1,1
AZURDUY,atencion de partos en servicios,partos atendidos por personal de salud calificado,2023-07-01,2,2
BAURES,atencion de partos en servicios,partos atendidos por personal de salud calificado,2023-07-01,7,7
BETANZOS,atencion de partos en servicios,partos atendidos por personal de salud calificado,2023-07-01,4,4
BUENA VISTA,atencion de partos en servicios,partos atendidos por personal de salud calificado,2023-07-01,8,8
"CAIZA ""D""",atencion de partos en servicios,partos atendidos por personal de salud calificado,2023-07-01,1,1
CAMIRI,atencion de partos en servicios,partos atendidos por personal de salud calificado,2023-07-01,17,17
CARACOLLO,atencion de partos en servicios,partos atendidos por personal de salud calificado,2023-07-01,1,1
CARANAVI,atencion de partos en servicios,partos atendidos por personal de salud calificado,2023-07-01,4,4
CARAPARI,atencion de partos en servicios,partos atendidos por personal de salud calificado,2023-07-01,4,4
CARIPUYO,atencion de partos en servicios,partos atendidos por personal de salud calificado,2023-07-01,2,2
CARMEN RIVERO TORREZ,atencion de partos en servicios,partos atendidos por personal de salud calificado,2023-07-01,3,3
CHACARILLA,atencion de partos en servicios,partos atendidos por personal de salud calificado,2023-07-01,1,1
CHARAGUA,atencion de partos en servicios,partos atendidos por personal de salud calificado,2023-07-01,3,3
CHIMORE,atencion de partos en servicios,partos atendidos por personal de salud calificado,2023-07-01,3,3
CHULUMANI (V. DE LA LIBERTAD),atencion de partos en servicios,partos atendidos por personal de salud calificado,2023-07-01,2,2
CHUQUIHUTA AYLLU JUCUMANI,atencion de partos en servicios,partos atendidos por personal de salud calificado,2023-07-01,2,2
CKOCHAS,atencion de partos en servicios,partos atendidos por personal de salud calificado,2023-07-01,1,1
COBIJA,atencion de partos en servicios,partos atendidos por personal de salud calificado,2023-07-01,4,4
COCAPATA,atencion de partos en servicios,partos atendidos por personal de salud calificado,2023-07-01,1,1
COCHABAMBA,atencion de partos en servicios,partos atendidos por personal de salud calificado,2023-07-01,24,24
COLCAPIRHUA,atencion de partos en servicios,partos atendidos por personal de salud calificado,2023-07-01,3,3
COLQUECHACA,atencion de partos en servicios,partos atendidos por personal de salud calificado,2023-07-01,2,2
COLQUIRI,atencion de partos en servicios,partos atendidos por personal de salud calificado,2023-07-01,1,1
COMARAPA,atencion de partos en servicios,partos atendidos por personal de salud calificado,2023-07-01,22,22
CORIPATA,atencion de partos en servicios,partos atendidos por personal de salud calificado,2023-07-01,3,3
COROICO,atencion de partos en servicios,partos atendidos por personal de salud calificado,2023-07-01,1,1
CORQUE,atencion de partos en servicios,partos atendidos por personal de salud calificado,2023-07-01,1,1
COTAGAITA,atencion de partos en servicios,partos atendidos por personal de salud calificado,2023-07-01,2,2
CULPINA,atencion de partos en servicios,partos atendidos por personal de salud calificado,2023-07-01,1,1
CURVA,atencion de partos en servicios,partos atendidos por personal de salud calificado,2023-07-01,1,1
DESAGUADERO,atencion de partos en servicios,partos atendidos por personal de salud calificado,2023-07-01,1,1
EL ALTO,atencion de partos en servicios,partos atendidos por personal de salud calificado,2023-07-01,115,115
EL PUENTE(TJA),atencion de partos en servicios,partos atendidos por personal de salud calificado,2023-07-01,2,2
ENTRE RIOS TRJ,atencion de partos en servicios,partos atendidos por personal de salud calificado,2023-07-01,10,10
ESMERALDA,atencion de partos en servicios,partos atendidos por personal de salud calificado,2023-07-01,1,1
FERNANDEZ ALONSO,atencion de partos en servicios,partos atendidos por personal de salud calificado,2023-07-01,7,7
FILADELFIA,atencion de partos en servicios,partos atendidos por personal de salud calificado,2023-07-01,1,1
GENERAL SAAVEDRA,atencion de partos en servicios,partos atendidos por personal de salud calificado,2023-07-01,5,5
GUAYARAMERIN,atencion de partos en servicios,partos atendidos por personal de salud calificado,2023-07-01,67,67
GUTIERREZ,atencion de partos en servicios,partos atendidos por personal de salud calificado,2023-07-01,11,11
HUACARAJE,atencion de partos en servicios,partos atendidos por personal de salud calificado,2023-07-01,1,1
HUACAYA (VILLA DE HUACAYA),atencion de partos en servicios,partos atendidos por personal de salud calificado,2023-07-01,1,1
HUATAJATA,atencion de partos en servicios,partos atendidos por personal de salud calificado,2023-07-01,2,2
HUAYLLAMARCA,atencion de partos en servicios,partos atendidos por personal de salud calificado,2023-07-01,3,3
HUMANATA,atencion de partos en servicios,partos atendidos por personal de salud calificado,2023-07-01,2,2
ICHOCA,atencion de partos en servicios,partos atendidos por personal de salud calificado,2023-07-01,2,2
ICLA,atencion de partos en servicios,partos atendidos por personal de salud calificado,2023-07-01,3,3
IRUPANA (VILLA DE LANZA),atencion de partos en servicios,partos atendidos por personal de salud calificado,2023-07-01,1,1
JESUS DE MACHACA,atencion de partos en servicios,partos atendidos por personal de salud calificado,2023-07-01,2,2
LA ASUNTA,atencion de partos en servicios,partos atendidos por personal de salud calificado,2023-07-01,7,7
LA PAZ,atencion de partos en servicios,partos atendidos por personal de salud calificado,2023-07-01,442,442
LAJA,atencion de partos en servicios,partos atendidos por personal de salud calificado,2023-07-01,1,1
LORETO,atencion de partos en servicios,partos atendidos por personal de salud calificado,2023-07-01,1,1
LURIBAY,atencion de partos en servicios,partos atendidos por personal de salud calificado,2023-07-01,2,2
MACHACAMARCA,atencion de partos en servicios,partos atendidos por personal de salud calificado,2023-07-01,1,1
MACHARETI,atencion de partos en servicios,partos atendidos por personal de salud calificado,2023-07-01,1,1
MAGDALENA,atencion de partos en servicios,partos atendidos por personal de salud calificado,2023-07-01,5,5
MAPIRI,atencion de partos en servicios,partos atendidos por personal de salud calificado,2023-07-01,3,3
MECAPACA,atencion de partos en servicios,partos atendidos por personal de salud calificado,2023-07-01,2,2
MINEROS,atencion de partos en servicios,partos atendidos por personal de salud calificado,2023-07-01,9,9
MONTEAGUDO,atencion de partos en servicios,partos atendidos por personal de salud calificado,2023-07-01,1,1
MONTERO,atencion de partos en servicios,partos atendidos por personal de salud calificado,2023-07-01,32,32
MOROCHATA,atencion de partos en servicios,partos atendidos por personal de salud calificado,2023-07-01,1,1
OCURI,atencion de partos en servicios,partos atendidos por personal de salud calificado,2023-07-01,1,1
OKINAWA,atencion de partos en servicios,partos atendidos por personal de salud calificado,2023-07-01,3,3
ORURO,atencion de partos en servicios,partos atendidos por personal de salud calificado,2023-07-01,89,89
PADILLA,atencion de partos en servicios,partos atendidos por personal de salud calificado,2023-07-01,14,14
PALCA,atencion de partos en servicios,partos atendidos por personal de salud calificado,2023-07-01,4,4
PALOS BLANCOS,atencion de partos en servicios,partos atendidos por personal de salud calificado,2023-07-01,3,3
PAMPA AULLAGAS,atencion de partos en servicios,partos atendidos por personal de salud calificado,2023-07-01,1,1
PAPEL PAMPA,atencion de partos en servicios,partos atendidos por personal de salud calificado,2023-07-01,2,2
PAZÑA,atencion de partos en servicios,partos atendidos por personal de salud calificado,2023-07-01,1,1
POCOATA,atencion de partos en servicios,partos atendidos por personal de salud calificado,2023-07-01,6,6
POCONA,atencion de partos en servicios,partos atendidos por personal de salud calificado,2023-07-01,4,4
POJO (CBBA),atencion de partos en servicios,partos atendidos por personal de salud calificado,2023-07-01,3,3
POROMA,atencion de partos en servicios,partos atendidos por personal de salud calificado,2023-07-01,1,1
PORONGO,atencion de partos en servicios,partos atendidos por personal de salud calificado,2023-07-01,4,4
POSTRER VALLE,atencion de partos en servicios,partos atendidos por personal de salud calificado,2023-07-01,1,1
POTOSI,atencion de partos en servicios,partos atendidos por personal de salud calificado,2023-07-01,10,10
PUCARANI,atencion de partos en servicios,partos atendidos por personal de salud calificado,2023-07-01,6,6
PUERTO CARABUCO,atencion de partos en servicios,partos atendidos por personal de salud calificado,2023-07-01,1,1
PUERTO GONZALO MORENO,atencion de partos en servicios,partos atendidos por personal de salud calificado,2023-07-01,1,1
PUERTO QUIJARRO,atencion de partos en servicios,partos atendidos por personal de salud calificado,2023-07-01,21,21
PUERTO SILES,atencion de partos en servicios,partos atendidos por personal de salud calificado,2023-07-01,1,1
PUNA,atencion de partos en servicios,partos atendidos por personal de salud calificado,2023-07-01,4,4
PUNATA,atencion de partos en servicios,partos atendidos por personal de salud calificado,2023-07-01,8,8
QUILLACOLLO,atencion de partos en servicios,partos atendidos por personal de salud calificado,2023-07-01,9,9
ROBORE,atencion de partos en servicios,partos atendidos por personal de salud calificado,2023-07-01,20,20
RURRENABAQUE,atencion de partos en servicios,partos atendidos por personal de salud calificado,2023-07-01,1,1
SACABA,atencion de partos en servicios,partos atendidos por personal de salud calificado,2023-07-01,2,2
SACACA,atencion de partos en servicios,partos atendidos por personal de salud calificado,2023-07-01,3,3
SAIPINA,atencion de partos en servicios,partos atendidos por personal de salud calificado,2023-07-01,1,1
SALINAS DE GARCI MENDOZA,atencion de partos en servicios,partos atendidos por personal de salud calificado,2023-07-01,2,2
SAN ANDRES,atencion de partos en servicios,partos atendidos por personal de salud calificado,2023-07-01,2,2
SAN ANTONIO DE ESMORUCO,atencion de partos en servicios,partos atendidos por personal de salud calificado,2023-07-01,1,1
SAN BENITO,atencion de partos en servicios,partos atendidos por personal de salud calificado,2023-07-01,2,2
SAN BORJA,atencion de partos en servicios,partos atendidos por personal de salud calificado,2023-07-01,17,17
SAN CARLOS,atencion de partos en servicios,partos atendidos por personal de salud calificado,2023-07-01,12,12
SAN IGNACIO,atencion de partos en servicios,partos atendidos por personal de salud calificado,2023-07-01,1,1
SAN IGNACIO DE VELASCO,atencion de partos en servicios,partos atendidos por personal de salud calificado,2023-07-01,8,8
SAN JAVIER(BNI),atencion de partos en servicios,partos atendidos por personal de salud calificado,2023-07-01,1,1
SAN JOAQUIN,atencion de partos en servicios,partos atendidos por personal de salud calificado,2023-07-01,6,6
SAN JOSE DE CHIQUITOS,atencion de partos en servicios,partos atendidos por personal de salud calificado,2023-07-01,17,17
SAN JUAN DE YAPACANI,atencion de partos en servicios,partos atendidos por personal de salud calificado,2023-07-01,2,2
SAN LORENZO(TJA),atencion de partos en servicios,partos atendidos por personal de salud calificado,2023-07-01,2,2
SAN LUCAS,atencion de partos en servicios,partos atendidos por personal de salud calificado,2023-07-01,5,5
SAN MATIAS,atencion de partos en servicios,partos atendidos por personal de salud calificado,2023-07-01,3,3
SAN PEDRO,atencion de partos en servicios,partos atendidos por personal de salud calificado,2023-07-01,2,2
SAN PEDRO DE BUENA VISTA,atencion de partos en servicios,partos atendidos por personal de salud calificado,2023-07-01,6,6
SAN PEDRO DE MACHA,atencion de partos en servicios,partos atendidos por personal de salud calificado,2023-07-01,5,5
SAN RAFAEL,atencion de partos en servicios,partos atendidos por personal de salud calificado,2023-07-01,8,8
SAN RAMON BENI,atencion de partos en servicios,partos atendidos por personal de salud calificado,2023-07-01,4,4
SANTA ANA,atencion de partos en servicios,partos atendidos por personal de salud calificado,2023-07-01,36,36
SANTA CRUZ DE LA SIERRA,atencion de partos en servicios,partos atendidos por personal de salud calificado,2023-07-01,405,405
SANTIAGO DE HUARI,atencion de partos en servicios,partos atendidos por personal de salud calificado,2023-07-01,1,1
SHINAOTA,atencion de partos en servicios,partos atendidos por personal de salud calificado,2023-07-01,1,1
SIPE SIPE,atencion de partos en servicios,partos atendidos por personal de salud calificado,2023-07-01,1,1
SORACACHI,atencion de partos en servicios,partos atendidos por personal de salud calificado,2023-07-01,1,1
SORATA,atencion de partos en servicios,partos atendidos por personal de salud calificado,2023-07-01,17,17
SUCRE,atencion de partos en servicios,partos atendidos por personal de salud calificado,2023-07-01,60,60
TACOBAMBA,atencion de partos en servicios,partos atendidos por personal de salud calificado,2023-07-01,1,1
TAPACARI,atencion de partos en servicios,partos atendidos por personal de salud calificado,2023-07-01,1,1
TARATA,atencion de partos en servicios,partos atendidos por personal de salud calificado,2023-07-01,4,4
TARIJA,atencion de partos en servicios,partos atendidos por personal de salud calificado,2023-07-01,3,3
TEOPONTE,atencion de partos en servicios,partos atendidos por personal de salud calificado,2023-07-01,1,1
TINGUIPAYA,atencion de partos en servicios,partos atendidos por personal de salud calificado,2023-07-01,2,2
TIPUANI,atencion de partos en servicios,partos atendidos por personal de salud calificado,2023-07-01,1,1
TIQUIPAYA,atencion de partos en servicios,partos atendidos por personal de salud calificado,2023-07-01,2,2
TIRAQUE (CBBA),atencion de partos en servicios,partos atendidos por personal de salud calificado,2023-07-01,1,1
TOLEDO,atencion de partos en servicios,partos atendidos por personal de salud calificado,2023-07-01,1,1
TOMAVE,atencion de partos en servicios,partos atendidos por personal de salud calificado,2023-07-01,1,1
TRINIDAD,atencion de partos en servicios,partos atendidos por personal de salud calificado,2023-07-01,214,214
TUPIZA,atencion de partos en servicios,partos atendidos por personal de salud calificado,2023-07-01,8,8
UNCIA,atencion de partos en servicios,partos atendidos por personal de salud calificado,2023-07-01,5,5
URIONDO (A. CONCEPCION),atencion de partos en servicios,partos atendidos por personal de salud calificado,2023-07-01,3,3
URUBICHA,atencion de partos en servicios,partos atendidos por personal de salud calificado,2023-07-01,4,4
UYUNI,atencion de partos en servicios,partos atendidos por personal de salud calificado,2023-07-01,7,7
VALLEGRANDE,atencion de partos en servicios,partos atendidos por personal de salud calificado,2023-07-01,21,21
VIACHA,atencion de partos en servicios,partos atendidos por personal de salud calificado,2023-07-01,11,11
VILA VILA,atencion de partos en servicios,partos atendidos por personal de salud calificado,2023-07-01,1,1
VILLA CHARCAS,atencion de partos en servicios,partos atendidos por personal de salud calificado,2023-07-01,4,4
VILLA MONTES,atencion de partos en servicios,partos atendidos por personal de salud calificado,2023-07-01,3,3
VILLA SERRANO,atencion de partos en servicios,partos atendidos por personal de salud calificado,2023-07-01,2,2
VILLA TUNARI,atencion de partos en servicios,partos atendidos por personal de salud calificado,2023-07-01,3,3
VITICHI,atencion de partos en servicios,partos atendidos por personal de salud calificado,2023-07-01,4,4
WARNES,atencion de partos en servicios,partos atendidos por personal de salud calificado,2023-07-01,31,31
YACUIBA,atencion de partos en servicios,partos atendidos por personal de salud calificado,2023-07-01,16,16
YAMPARAEZ,atencion de partos en servicios,partos atendidos por personal de salud calificado,2023-07-01,1,1
YAPACANI,atencion de partos en servicios,partos atendidos por personal de salud calificado,2023-07-01,79,79
YOTALA,atencion de partos en servicios,partos atendidos por personal de salud calificado,2023-07-01,7,7
ACHACACHI,atencion de partos en servicios,partos atendidos por personal de salud calificado,2023-08-01,1,1
ALTO BENI,atencion de partos en servicios,partos atendidos por personal de salud calificado,2023-08-01,1,1
ANCORAIMES,atencion de partos en servicios,partos atendidos por personal de salud calificado,2023-08-01,2,2
ARAMPAMPA,atencion de partos en servicios,partos atendidos por personal de salud calificado,2023-08-01,1,1
ARANI,atencion de partos en servicios,partos atendidos por personal de salud calificado,2023-08-01,2,2
ARBIETO,atencion de partos en servicios,partos atendidos por personal de salud calificado,2023-08-01,1,1
ARQUE,atencion de partos en servicios,partos atendidos por personal de salud calificado,2023-08-01,1,1
ASCENCION DE GUARAYOS,atencion de partos en servicios,partos atendidos por personal de salud calificado,2023-08-01,23,23
ATOCHA,atencion de partos en servicios,partos atendidos por personal de salud calificado,2023-08-01,1,1
AYO AYO,atencion de partos en servicios,partos atendidos por personal de salud calificado,2023-08-01,1,1
AZURDUY,atencion de partos en servicios,partos atendidos por personal de salud calificado,2023-08-01,1,1
BAURES,atencion de partos en servicios,partos atendidos por personal de salud calificado,2023-08-01,2,2
BELEN DE URMIRI,atencion de partos en servicios,partos atendidos por personal de salud calificado,2023-08-01,2,2
BUENA VISTA,atencion de partos en servicios,partos atendidos por personal de salud calificado,2023-08-01,9,9
CABEZAS,atencion de partos en servicios,partos atendidos por personal de salud calificado,2023-08-01,2,2
"CAIZA ""D""",atencion de partos en servicios,partos atendidos por personal de salud calificado,2023-08-01,1,1
CAMIRI,atencion de partos en servicios,partos atendidos por personal de salud calificado,2023-08-01,33,33
CARACOLLO,atencion de partos en servicios,partos atendidos por personal de salud calificado,2023-08-01,1,1
CARANAVI,atencion de partos en servicios,partos atendidos por personal de salud calificado,2023-08-01,3,3
CARAPARI,atencion de partos en servicios,partos atendidos por personal de salud calificado,2023-08-01,14,14
CARIPUYO,atencion de partos en servicios,partos atendidos por personal de salud calificado,2023-08-01,1,1
CARMEN RIVERO TORREZ,atencion de partos en servicios,partos atendidos por personal de salud calificado,2023-08-01,4,4
CATACORA,atencion de partos en servicios,partos atendidos por personal de salud calificado,2023-08-01,1,1
CHALLAPATA,atencion de partos en servicios,partos atendidos por personal de salud calificado,2023-08-01,1,1
CHARAGUA,atencion de partos en servicios,partos atendidos por personal de salud calificado,2023-08-01,6,6
CHIPAYA,atencion de partos en servicios,partos atendidos por personal de salud calificado,2023-08-01,1,1
CHULUMANI (V. DE LA LIBERTAD),atencion de partos en servicios,partos atendidos por personal de salud calificado,2023-08-01,1,1
CHUMA,atencion de partos en servicios,partos atendidos por personal de salud calificado,2023-08-01,2,2
COBIJA,atencion de partos en servicios,partos atendidos por personal de salud calificado,2023-08-01,6,6
COCAPATA,atencion de partos en servicios,partos atendidos por personal de salud calificado,2023-08-01,5,5
COCHABAMBA,atencion de partos en servicios,partos atendidos por personal de salud calificado,2023-08-01,1,1
COLQUECHACA,atencion de partos en servicios,partos atendidos por personal de salud calificado,2023-08-01,2,2
COLQUIRI,atencion de partos en servicios,partos atendidos por personal de salud calificado,2023-08-01,2,2
COMARAPA,atencion de partos en servicios,partos atendidos por personal de salud calificado,2023-08-01,27,27
CONCEPCION,atencion de partos en servicios,partos atendidos por personal de salud calificado,2023-08-01,27,27
CORIPATA,atencion de partos en servicios,partos atendidos por personal de salud calificado,2023-08-01,1,1
COTAGAITA,atencion de partos en servicios,partos atendidos por personal de salud calificado,2023-08-01,2,2
CUEVO,atencion de partos en servicios,partos atendidos por personal de salud calificado,2023-08-01,3,3
CULPINA,atencion de partos en servicios,partos atendidos por personal de salud calificado,2023-08-01,2,2
CURVA,atencion de partos en servicios,partos atendidos por personal de salud calificado,2023-08-01,1,1
EL ALTO,atencion de partos en servicios,partos atendidos por personal de salud calificado,2023-08-01,65,65
EL CHORO,atencion de partos en servicios,partos atendidos por personal de salud calificado,2023-08-01,1,1
EL PUENTE(TJA),atencion de partos en servicios,partos atendidos por personal de salud calificado,2023-08-01,1,1
ENTRE RIOS TRJ,atencion de partos en servicios,partos atendidos por personal de salud calificado,2023-08-01,1,1
FERNANDEZ ALONSO,atencion de partos en servicios,partos atendidos por personal de salud calificado,2023-08-01,6,6
GAIOC JATUN AYLLU YURA,atencion de partos en servicios,partos atendidos por personal de salud calificado,2023-08-01,1,1
GENERAL SAAVEDRA,atencion de partos en servicios,partos atendidos por personal de salud calificado,2023-08-01,15,15
GUAYARAMERIN,atencion de partos en servicios,partos atendidos por personal de salud calificado,2023-08-01,46,46
GUTIERREZ,atencion de partos en servicios,partos atendidos por personal de salud calificado,2023-08-01,13,13
HUACARAJE,atencion de partos en servicios,partos atendidos por personal de salud calificado,2023-08-01,5,5
HUACAYA (VILLA DE HUACAYA),atencion de partos en servicios,partos atendidos por personal de salud calificado,2023-08-01,1,1
HUMANATA,atencion de partos en servicios,partos atendidos por personal de salud calificado,2023-08-01,1,1
ICLA,atencion de partos en servicios,partos atendidos por personal de salud calificado,2023-08-01,1,1
INCAHUASI,atencion de partos en servicios,partos atendidos por personal de salud calificado,2023-08-01,2,2
INGAVI (HUMAITA),atencion de partos en servicios,partos atendidos por personal de salud calificado,2023-08-01,2,2
IRUPANA (VILLA DE LANZA),atencion de partos en servicios,partos atendidos por personal de salud calificado,2023-08-01,1,1
JESUS DE MACHACA,atencion de partos en servicios,partos atendidos por personal de salud calificado,2023-08-01,1,1
LA ASUNTA,atencion de partos en servicios,partos atendidos por personal de salud calificado,2023-08-01,7,7
LA PAZ,atencion de partos en servicios,partos atendidos por personal de salud calificado,2023-08-01,451,451
LORETO,atencion de partos en servicios,partos atendidos por personal de salud calificado,2023-08-01,2,2
LURIBAY,atencion de partos en servicios,partos atendidos por personal de salud calificado,2023-08-01,1,1
MAGDALENA,atencion de partos en servicios,partos atendidos por personal de salud calificado,2023-08-01,15,15
MECAPACA,atencion de partos en servicios,partos atendidos por personal de salud calificado,2023-08-01,1,1
MINEROS,atencion de partos en servicios,partos atendidos por personal de salud calificado,2023-08-01,10,10
MONTEAGUDO,atencion de partos en servicios,partos atendidos por personal de salud calificado,2023-08-01,2,2
MONTERO,atencion de partos en servicios,partos atendidos por personal de salud calificado,2023-08-01,10,10
NACEBE (SANTA ROSA DEL ABUNA),atencion de partos en servicios,partos atendidos por personal de salud calificado,2023-08-01,1,1
NAZACARA DE PACAJES,atencion de partos en servicios,partos atendidos por personal de salud calificado,2023-08-01,3,3
OCURI,atencion de partos en servicios,partos atendidos por personal de salud calificado,2023-08-01,1,1
OKINAWA,atencion de partos en servicios,partos atendidos por personal de salud calificado,2023-08-01,6,6
ORURO,atencion de partos en servicios,partos atendidos por personal de salud calificado,2023-08-01,54,54
PADCAYA,atencion de partos en servicios,partos atendidos por personal de salud calificado,2023-08-01,2,2
PALOS BLANCOS,atencion de partos en servicios,partos atendidos por personal de salud calificado,2023-08-01,1,1
PAMPA GRANDE,atencion de partos en servicios,partos atendidos por personal de salud calificado,2023-08-01,3,3
PAZÑA,atencion de partos en servicios,partos atendidos por personal de salud calificado,2023-08-01,1,1
POCOATA,atencion de partos en servicios,partos atendidos por personal de salud calificado,2023-08-01,9,9
POCONA,atencion de partos en servicios,partos atendidos por personal de salud calificado,2023-08-01,1,1
POJO (CBBA),atencion de partos en servicios,partos atendidos por personal de salud calificado,2023-08-01,2,2
PORCO,atencion de partos en servicios,partos atendidos por personal de salud calificado,2023-08-01,4,4
POTOSI,atencion de partos en servicios,partos atendidos por personal de salud calificado,2023-08-01,13,13
PUCARANI,atencion de partos en servicios,partos atendidos por personal de salud calificado,2023-08-01,1,1
PUERTO ACOSTA,atencion de partos en servicios,partos atendidos por personal de salud calificado,2023-08-01,3,3
PUERTO QUIJARRO,atencion de partos en servicios,partos atendidos por personal de salud calificado,2023-08-01,13,13
PUERTO SUAREZ,atencion de partos en servicios,partos atendidos por personal de salud calificado,2023-08-01,22,22
PUERTO VILLARROEL,atencion de partos en servicios,partos atendidos por personal de salud calificado,2023-08-01,1,1
PUNA,atencion de partos en servicios,partos atendidos por personal de salud calificado,2023-08-01,4,4
PUNATA,atencion de partos en servicios,partos atendidos por personal de salud calificado,2023-08-01,6,6
QUILLACOLLO,atencion de partos en servicios,partos atendidos por personal de salud calificado,2023-08-01,4,4
QUIME,atencion de partos en servicios,partos atendidos por personal de salud calificado,2023-08-01,1,1
RAQAYPAMPA(ETA),atencion de partos en servicios,partos atendidos por personal de salud calificado,2023-08-01,2,2
RAVELO,atencion de partos en servicios,partos atendidos por personal de salud calificado,2023-08-01,2,2
REYES,atencion de partos en servicios,partos atendidos por personal de salud calificado,2023-08-01,2,2
ROBORE,atencion de partos en servicios,partos atendidos por personal de salud calificado,2023-08-01,22,22
RURRENABAQUE,atencion de partos en servicios,partos atendidos por personal de salud calificado,2023-08-01,2,2
SACABA,atencion de partos en servicios,partos atendidos por personal de salud calificado,2023-08-01,5,5
SACACA,atencion de partos en servicios,partos atendidos por personal de salud calificado,2023-08-01,7,7
SAIPINA,atencion de partos en servicios,partos atendidos por personal de salud calificado,2023-08-01,2,2
SALINAS DE GARCI MENDOZA,atencion de partos en servicios,partos atendidos por personal de salud calificado,2023-08-01,1,1
SAMAIPATA,atencion de partos en servicios,partos atendidos por personal de salud calificado,2023-08-01,2,2
SAN AGUSTIN,atencion de partos en servicios,partos atendidos por personal de salud calificado,2023-08-01,1,1
SAN ANDRES,atencion de partos en servicios,partos atendidos por personal de salud calificado,2023-08-01,1,1
SAN BENITO,atencion de partos en servicios,partos atendidos por personal de salud calificado,2023-08-01,2,2
SAN BORJA,atencion de partos en servicios,partos atendidos por personal de salud calificado,2023-08-01,5,5
SAN CARLOS,atencion de partos en servicios,partos atendidos por personal de salud calificado,2023-08-01,5,5
SAN IGNACIO,atencion de partos en servicios,partos atendidos por personal de salud calificado,2023-08-01,4,4
SAN IGNACIO DE VELASCO,atencion de partos en servicios,partos atendidos por personal de salud calificado,2023-08-01,7,7
SAN JOAQUIN,atencion de partos en servicios,partos atendidos por personal de salud calificado,2023-08-01,9,9
SAN JOSE DE CHIQUITOS,atencion de partos en servicios,partos atendidos por personal de salud calificado,2023-08-01,8,8
SAN JUAN DE YAPACANI,atencion de partos en servicios,partos atendidos por personal de salud calificado,2023-08-01,7,7
SAN LORENZO(TJA),atencion de partos en servicios,partos atendidos por personal de salud calificado,2023-08-01,1,1
SAN LUCAS,atencion de partos en servicios,partos atendidos por personal de salud calificado,2023-08-01,2,2
SAN MATIAS,atencion de partos en servicios,partos atendidos por personal de salud calificado,2023-08-01,7,7
SAN PEDRO,atencion de partos en servicios,partos atendidos por personal de salud calificado,2023-08-01,3,3
SAN PEDRO DE BUENA VISTA,atencion de partos en servicios,partos atendidos por personal de salud calificado,2023-08-01,8,8
SAN PEDRO DE MACHA,atencion de partos en servicios,partos atendidos por personal de salud calificado,2023-08-01,6,6
SAN PEDRO DE TIQUINA,atencion de partos en servicios,partos atendidos por personal de salud calificado,2023-08-01,1,1
SAN RAFAEL,atencion de partos en servicios,partos atendidos por personal de salud calificado,2023-08-01,3,3
SAN RAMON BENI,atencion de partos en servicios,partos atendidos por personal de salud calificado,2023-08-01,5,5
SANTA ANA,atencion de partos en servicios,partos atendidos por personal de salud calificado,2023-08-01,23,23
SANTA CRUZ DE LA SIERRA,atencion de partos en servicios,partos atendidos por personal de salud calificado,2023-08-01,336,336
SANTIAGO DE CALLAPA,atencion de partos en servicios,partos atendidos por personal de salud calificado,2023-08-01,1,1
SIPE SIPE,atencion de partos en servicios,partos atendidos por personal de salud calificado,2023-08-01,1,1
SORACACHI,atencion de partos en servicios,partos atendidos por personal de salud calificado,2023-08-01,1,1
SORATA,atencion de partos en servicios,partos atendidos por personal de salud calificado,2023-08-01,8,8
SUCRE,atencion de partos en servicios,partos atendidos por personal de salud calificado,2023-08-01,14,14
TACACOMA,atencion de partos en servicios,partos atendidos por personal de salud calificado,2023-08-01,3,3
TACOBAMBA,atencion de partos en servicios,partos atendidos por personal de salud calificado,2023-08-01,1,1
TACOPAYA,atencion de partos en servicios,partos atendidos por personal de salud calificado,2023-08-01,1,1
TAPACARI,atencion de partos en servicios,partos atendidos por personal de salud calificado,2023-08-01,1,1
TARACO,atencion de partos en servicios,partos atendidos por personal de salud calificado,2023-08-01,1,1
TARATA,atencion de partos en servicios,partos atendidos por personal de salud calificado,2023-08-01,8,8
TARIJA,atencion de partos en servicios,partos atendidos por personal de salud calificado,2023-08-01,6,6
TEOPONTE,atencion de partos en servicios,partos atendidos por personal de salud calificado,2023-08-01,1,1
TIPUANI,atencion de partos en servicios,partos atendidos por personal de salud calificado,2023-08-01,3,3
TIQUIPAYA,atencion de partos en servicios,partos atendidos por personal de salud calificado,2023-08-01,2,2
TOMAVE,atencion de partos en servicios,partos atendidos por personal de salud calificado,2023-08-01,1,1
TORO TORO,atencion de partos en servicios,partos atendidos por personal de salud calificado,2023-08-01,1,1
TRIGAL,atencion de partos en servicios,partos atendidos por personal de salud calificado,2023-08-01,1,1
TRINIDAD,atencion de partos en servicios,partos atendidos por personal de salud calificado,2023-08-01,182,182
TUPIZA,atencion de partos en servicios,partos atendidos por personal de salud calificado,2023-08-01,11,11
UNCIA,atencion de partos en servicios,partos atendidos por personal de salud calificado,2023-08-01,3,3
URIONDO (A. CONCEPCION),atencion de partos en servicios,partos atendidos por personal de salud calificado,2023-08-01,2,2
URUBICHA,atencion de partos en servicios,partos atendidos por personal de salud calificado,2023-08-01,4,4
UYUNI,atencion de partos en servicios,partos atendidos por personal de salud calificado,2023-08-01,5,5
VALLEGRANDE,atencion de partos en servicios,partos atendidos por personal de salud calificado,2023-08-01,8,8
VIACHA,atencion de partos en servicios,partos atendidos por personal de salud calificado,2023-08-01,1,1
VILA VILA,atencion de partos en servicios,partos atendidos por personal de salud calificado,2023-08-01,2,2
VILLA CHARCAS,atencion de partos en servicios,partos atendidos por personal de salud calificado,2023-08-01,5,5
VILLA MONTES,atencion de partos en servicios,partos atendidos por personal de salud calificado,2023-08-01,2,2
VILLA NUEVA (LOMA ALTA),atencion de partos en servicios,partos atendidos por personal de salud calificado,2023-08-01,1,1
VILLA TUNARI,atencion de partos en servicios,partos atendidos por personal de salud calificado,2023-08-01,8,8
VILLA VACA GUZMAN (MUYUPAMPA),atencion de partos en servicios,partos atendidos por personal de salud calificado,2023-08-01,3,3
VILLAZON,atencion de partos en servicios,partos atendidos por personal de salud calificado,2023-08-01,1,1
VITICHI,atencion de partos en servicios,partos atendidos por personal de salud calificado,2023-08-01,2,2
WARNES,atencion de partos en servicios,partos atendidos por personal de salud calificado,2023-08-01,112,112
YACUIBA,atencion de partos en servicios,partos atendidos por personal de salud calificado,2023-08-01,15,15
YAPACANI,atencion de partos en servicios,partos atendidos por personal de salud calificado,2023-08-01,78,78
YOCALLA,atencion de partos en servicios,partos atendidos por personal de salud calificado,2023-08-01,1,1
YOTALA,atencion de partos en servicios,partos atendidos por personal de salud calificado,2023-08-01,4,4
YUNCHARA,atencion de partos en servicios,partos atendidos por personal de salud calificado,2023-08-01,1,1
ACACIO,atencion de partos en servicios,partos atendidos por personal de salud calificado,2023-09-01,3,3
AIQUILE,atencion de partos en servicios,partos atendidos por personal de salud calificado,2023-09-01,1,1
ANZALDO,atencion de partos en servicios,partos atendidos por personal de salud calificado,2023-09-01,2,2
ARANI,atencion de partos en servicios,partos atendidos por personal de salud calificado,2023-09-01,1,1
ARBIETO,atencion de partos en servicios,partos atendidos por personal de salud calificado,2023-09-01,8,8
ARQUE,atencion de partos en servicios,partos atendidos por personal de salud calificado,2023-09-01,2,2
ASCENCION DE GUARAYOS,atencion de partos en servicios,partos atendidos por personal de salud calificado,2023-09-01,46,46
AUCAPATA,atencion de partos en servicios,partos atendidos por personal de salud calificado,2023-09-01,1,1
AZURDUY,atencion de partos en servicios,partos atendidos por personal de salud calificado,2023-09-01,1,1
BAURES,atencion de partos en servicios,partos atendidos por personal de salud calificado,2023-09-01,2,2
BELEN DE URMIRI,atencion de partos en servicios,partos atendidos por personal de salud calificado,2023-09-01,1,1
BETANZOS,atencion de partos en servicios,partos atendidos por personal de salud calificado,2023-09-01,5,5
BOYUIBE,atencion de partos en servicios,partos atendidos por personal de salud calificado,2023-09-01,1,1
BUENA VISTA,atencion de partos en servicios,partos atendidos por personal de salud calificado,2023-09-01,6,6
CAMIRI,atencion de partos en servicios,partos atendidos por personal de salud calificado,2023-09-01,34,34
CARACOLLO,atencion de partos en servicios,partos atendidos por personal de salud calificado,2023-09-01,2,2
CARAPARI,atencion de partos en servicios,partos atendidos por personal de salud calificado,2023-09-01,5,5
CARMEN RIVERO TORREZ,atencion de partos en servicios,partos atendidos por personal de salud calificado,2023-09-01,6,6
CHARAGUA,atencion de partos en servicios,partos atendidos por personal de salud calificado,2023-09-01,5,5
CHAYANTA,atencion de partos en servicios,partos atendidos por personal de salud calificado,2023-09-01,5,5
CHULUMANI (V. DE LA LIBERTAD),atencion de partos en servicios,partos atendidos por personal de salud calificado,2023-09-01,1,1
COBIJA,atencion de partos en servicios,partos atendidos por personal de salud calificado,2023-09-01,3,3
COCAPATA,atencion de partos en servicios,partos atendidos por personal de salud calificado,2023-09-01,4,4
COCHABAMBA,atencion de partos en servicios,partos atendidos por personal de salud calificado,2023-09-01,1,1
COLQUIRI,atencion de partos en servicios,partos atendidos por personal de salud calificado,2023-09-01,1,1
COMARAPA,atencion de partos en servicios,partos atendidos por personal de salud calificado,2023-09-01,23,23
CORIPATA,atencion de partos en servicios,partos atendidos por personal de salud calificado,2023-09-01,1,1
COROICO,atencion de partos en servicios,partos atendidos por personal de salud calificado,2023-09-01,1,1
CORQUE,atencion de partos en servicios,partos atendidos por personal de salud calificado,2023-09-01,1,1
COTAGAITA,atencion de partos en servicios,partos atendidos por personal de salud calificado,2023-09-01,1,1
EL ALTO,atencion de partos en servicios,partos atendidos por personal de salud calificado,2023-09-01,122,122
EL PUENTE(TJA),atencion de partos en servicios,partos atendidos por personal de salud calificado,2023-09-01,1,1
ESCARA,atencion de partos en servicios,partos atendidos por personal de salud calificado,2023-09-01,1,1
FERNANDEZ ALONSO,atencion de partos en servicios,partos atendidos por personal de salud calificado,2023-09-01,12,12
FILADELFIA,atencion de partos en servicios,partos atendidos por personal de salud calificado,2023-09-01,1,1
GAIOC JATUN AYLLU YURA,atencion de partos en servicios,partos atendidos por personal de salud calificado,2023-09-01,1,1
GENERAL SAAVEDRA,atencion de partos en servicios,partos atendidos por personal de salud calificado,2023-09-01,5,5
GUAYARAMERIN,atencion de partos en servicios,partos atendidos por personal de salud calificado,2023-09-01,51,51
GUTIERREZ,atencion de partos en servicios,partos atendidos por personal de salud calificado,2023-09-01,13,13
HUMANATA,atencion de partos en servicios,partos atendidos por personal de salud calificado,2023-09-01,1,1
IXIAMAS,atencion de partos en servicios,partos atendidos por personal de salud calificado,2023-09-01,3,3
JESUS DE MACHACA,atencion de partos en servicios,partos atendidos por personal de salud calificado,2023-09-01,1,1
LA ASUNTA,atencion de partos en servicios,partos atendidos por personal de salud calificado,2023-09-01,11,11
LA PAZ,atencion de partos en servicios,partos atendidos por personal de salud calificado,2023-09-01,213,213
LAJA,atencion de partos en servicios,partos atendidos por personal de salud calificado,2023-09-01,4,4
MAGDALENA,atencion de partos en servicios,partos atendidos por personal de salud calificado,2023-09-01,4,4
MECAPACA,atencion de partos en servicios,partos atendidos por personal de salud calificado,2023-09-01,1,1
MINEROS,atencion de partos en servicios,partos atendidos por personal de salud calificado,2023-09-01,12,12
MOCOMOCO,atencion de partos en servicios,partos atendidos por personal de salud calificado,2023-09-01,1,1
MONTEAGUDO,atencion de partos en servicios,partos atendidos por personal de salud calificado,2023-09-01,1,1
MONTERO,atencion de partos en servicios,partos atendidos por personal de salud calificado,2023-09-01,64,64
MOROCHATA,atencion de partos en servicios,partos atendidos por personal de salud calificado,2023-09-01,1,1
NACEBE (SANTA ROSA DEL ABUNA),atencion de partos en servicios,partos atendidos por personal de salud calificado,2023-09-01,2,2
OCURI,atencion de partos en servicios,partos atendidos por personal de salud calificado,2023-09-01,2,2
OKINAWA,atencion de partos en servicios,partos atendidos por personal de salud calificado,2023-09-01,7,7
ORURO,atencion de partos en servicios,partos atendidos por personal de salud calificado,2023-09-01,35,35
PALOS BLANCOS,atencion de partos en servicios,partos atendidos por personal de salud calificado,2023-09-01,3,3
PAMPA AULLAGAS,atencion de partos en servicios,partos atendidos por personal de salud calificado,2023-09-01,1,1
PAMPA GRANDE,atencion de partos en servicios,partos atendidos por personal de salud calificado,2023-09-01,3,3
PASORAPA,atencion de partos en servicios,partos atendidos por personal de salud calificado,2023-09-01,1,1
PATACAMAYA,atencion de partos en servicios,partos atendidos por personal de salud calificado,2023-09-01,1,1
PAZÑA,atencion de partos en servicios,partos atendidos por personal de salud calificado,2023-09-01,1,1
POCOATA,atencion de partos en servicios,partos atendidos por personal de salud calificado,2023-09-01,5,5
POCONA,atencion de partos en servicios,partos atendidos por personal de salud calificado,2023-09-01,2,2
POJO (CBBA),atencion de partos en servicios,partos atendidos por personal de salud calificado,2023-09-01,2,2
PORONGO,atencion de partos en servicios,partos atendidos por personal de salud calificado,2023-09-01,1,1
POTOSI,atencion de partos en servicios,partos atendidos por personal de salud calificado,2023-09-01,28,28
PUCARANI,atencion de partos en servicios,partos atendidos por personal de salud calificado,2023-09-01,5,5
PUERTO ACOSTA,atencion de partos en servicios,partos atendidos por personal de salud calificado,2023-09-01,2,2
PUERTO CARABUCO,atencion de partos en servicios,partos atendidos por personal de salud calificado,2023-09-01,1,1
PUERTO QUIJARRO,atencion de partos en servicios,partos atendidos por personal de salud calificado,2023-09-01,12,12
PUERTO SUAREZ,atencion de partos en servicios,partos atendidos por personal de salud calificado,2023-09-01,20,20
PUERTO VILLARROEL,atencion de partos en servicios,partos atendidos por personal de salud calificado,2023-09-01,1,1
PUNA,atencion de partos en servicios,partos atendidos por personal de salud calificado,2023-09-01,3,3
PUNATA,atencion de partos en servicios,partos atendidos por personal de salud calificado,2023-09-01,8,8
QUILLACOLLO,atencion de partos en servicios,partos atendidos por personal de salud calificado,2023-09-01,2,2
RAQAYPAMPA(ETA),atencion de partos en servicios,partos atendidos por personal de salud calificado,2023-09-01,2,2
RAVELO,atencion de partos en servicios,partos atendidos por personal de salud calificado,2023-09-01,1,1
RIBERALTA,atencion de partos en servicios,partos atendidos por personal de salud calificado,2023-09-01,5,5
ROBORE,atencion de partos en servicios,partos atendidos por personal de salud calificado,2023-09-01,18,18
RURRENABAQUE,atencion de partos en servicios,partos atendidos por personal de salud calificado,2023-09-01,5,5
SACABA,atencion de partos en servicios,partos atendidos por personal de salud calificado,2023-09-01,4,4
SACABAMBA,atencion de partos en servicios,partos atendidos por personal de salud calificado,2023-09-01,2,2
SACACA,atencion de partos en servicios,partos atendidos por personal de salud calificado,2023-09-01,4,4
SAIPINA,atencion de partos en servicios,partos atendidos por personal de salud calificado,2023-09-01,1,1
SALINAS DE GARCI MENDOZA,atencion de partos en servicios,partos atendidos por personal de salud calificado,2023-09-01,1,1
SAN AGUSTIN,atencion de partos en servicios,partos atendidos por personal de salud calificado,2023-09-01,1,1
SAN ANDRES,atencion de partos en servicios,partos atendidos por personal de salud calificado,2023-09-01,6,6
SAN BENITO,atencion de partos en servicios,partos atendidos por personal de salud calificado,2023-09-01,6,6
SAN BORJA,atencion de partos en servicios,partos atendidos por personal de salud calificado,2023-09-01,4,4
SAN CARLOS,atencion de partos en servicios,partos atendidos por personal de salud calificado,2023-09-01,12,12
SAN IGNACIO DE VELASCO,atencion de partos en servicios,partos atendidos por personal de salud calificado,2023-09-01,8,8
SAN JOAQUIN,atencion de partos en servicios,partos atendidos por personal de salud calificado,2023-09-01,6,6
SAN JOSE DE CHIQUITOS,atencion de partos en servicios,partos atendidos por personal de salud calificado,2023-09-01,1,1
SAN JUAN DE YAPACANI,atencion de partos en servicios,partos atendidos por personal de salud calificado,2023-09-01,1,1
SAN LUCAS,atencion de partos en servicios,partos atendidos por personal de salud calificado,2023-09-01,6,6
SAN MATIAS,atencion de partos en servicios,partos atendidos por personal de salud calificado,2023-09-01,5,5
SAN PEDRO,atencion de partos en servicios,partos atendidos por personal de salud calificado,2023-09-01,2,2
SAN PEDRO DE BUENA VISTA,atencion de partos en servicios,partos atendidos por personal de salud calificado,2023-09-01,6,6
SAN PEDRO DE MACHA,atencion de partos en servicios,partos atendidos por personal de salud calificado,2023-09-01,3,3
SAN RAFAEL,atencion de partos en servicios,partos atendidos por personal de salud calificado,2023-09-01,3,3
SAN RAMON BENI,atencion de partos en servicios,partos atendidos por personal de salud calificado,2023-09-01,4,4
SANTA ANA,atencion de partos en servicios,partos atendidos por personal de salud calificado,2023-09-01,21,21
SANTA CRUZ DE LA SIERRA,atencion de partos en servicios,partos atendidos por personal de salud calificado,2023-09-01,280,280
SHINAOTA,atencion de partos en servicios,partos atendidos por personal de salud calificado,2023-09-01,1,1
SORATA,atencion de partos en servicios,partos atendidos por personal de salud calificado,2023-09-01,10,10
SUCRE,atencion de partos en servicios,partos atendidos por personal de salud calificado,2023-09-01,8,8
TACOBAMBA,atencion de partos en servicios,partos atendidos por personal de salud calificado,2023-09-01,1,1
TAPACARI,atencion de partos en servicios,partos atendidos por personal de salud calificado,2023-09-01,3,3
TARATA,atencion de partos en servicios,partos atendidos por personal de salud calificado,2023-09-01,4,4
TARIJA,atencion de partos en servicios,partos atendidos por personal de salud calificado,2023-09-01,9,9
TIAHUANACU,atencion de partos en servicios,partos atendidos por personal de salud calificado,2023-09-01,1,1
TINGUIPAYA,atencion de partos en servicios,partos atendidos por personal de salud calificado,2023-09-01,1,1
TIQUIPAYA,atencion de partos en servicios,partos atendidos por personal de salud calificado,2023-09-01,3,3
TIRAQUE (CBBA),atencion de partos en servicios,partos atendidos por personal de salud calificado,2023-09-01,1,1
TORO TORO,atencion de partos en servicios,partos atendidos por personal de salud calificado,2023-09-01,1,1
TRINIDAD,atencion de partos en servicios,partos atendidos por personal de salud calificado,2023-09-01,232,232
TUPIZA,atencion de partos en servicios,partos atendidos por personal de salud calificado,2023-09-01,2,2
UNCIA,atencion de partos en servicios,partos atendidos por personal de salud calificado,2023-09-01,8,8
URIONDO (A. CONCEPCION),atencion de partos en servicios,partos atendidos por personal de salud calificado,2023-09-01,4,4
URUBICHA,atencion de partos en servicios,partos atendidos por personal de salud calificado,2023-09-01,3,3
UYUNI,atencion de partos en servicios,partos atendidos por personal de salud calificado,2023-09-01,8,8
VALLEGRANDE,atencion de partos en servicios,partos atendidos por personal de salud calificado,2023-09-01,20,20
VIACHA,atencion de partos en servicios,partos atendidos por personal de salud calificado,2023-09-01,3,3
VILLA CHARCAS,atencion de partos en servicios,partos atendidos por personal de salud calificado,2023-09-01,2,2
VILLA SERRANO,atencion de partos en servicios,partos atendidos por personal de salud calificado,2023-09-01,1,1
VILLA TUNARI,atencion de partos en servicios,partos atendidos por personal de salud calificado,2023-09-01,9,9
VILLAZON,atencion de partos en servicios,partos atendidos por personal de salud calificado,2023-09-01,1,1
WARNES,atencion de partos en servicios,partos atendidos por personal de salud calificado,2023-09-01,107,107
YACUIBA,atencion de partos en servicios,partos atendidos por personal de salud calificado,2023-09-01,20,20
YAPACANI,atencion de partos en servicios,partos atendidos por personal de salud calificado,2023-09-01,59,59
YOCALLA,atencion de partos en servicios,partos atendidos por personal de salud calificado,2023-09-01,1,1
YOTALA,atencion de partos en servicios,partos atendidos por personal de salud calificado,2023-09-01,2,2
YUNCHARA,atencion de partos en servicios,partos atendidos por personal de salud calificado,2023-09-01,3,3
ACACIO,atencion de partos en servicios,partos atendidos por personal de salud calificado,2023-10-01,1,1
ANZALDO,atencion de partos en servicios,partos atendidos por personal de salud calificado,2023-10-01,3,3
APOLO,atencion de partos en servicios,partos atendidos por personal de salud calificado,2023-10-01,2,2
ARAMPAMPA,atencion de partos en servicios,partos atendidos por personal de salud calificado,2023-10-01,1,1
ARANI,atencion de partos en servicios,partos atendidos por personal de salud calificado,2023-10-01,1,1
ARBIETO,atencion de partos en servicios,partos atendidos por personal de salud calificado,2023-10-01,2,2
ASCENCION DE GUARAYOS,atencion de partos en servicios,partos atendidos por personal de salud calificado,2023-10-01,44,44
ATOCHA,atencion de partos en servicios,partos atendidos por personal de salud calificado,2023-10-01,1,1
AYATA,atencion de partos en servicios,partos atendidos por personal de salud calificado,2023-10-01,1,1
AYOPAYA (V. DE INDEPENDENCIA),atencion de partos en servicios,partos atendidos por personal de salud calificado,2023-10-01,1,1
BAURES,atencion de partos en servicios,partos atendidos por personal de salud calificado,2023-10-01,4,4
BELEN DE URMIRI,atencion de partos en servicios,partos atendidos por personal de salud calificado,2023-10-01,1,1
BETANZOS,atencion de partos en servicios,partos atendidos por personal de salud calificado,2023-10-01,1,1
BOYUIBE,atencion de partos en servicios,partos atendidos por personal de salud calificado,2023-10-01,1,1
BUENA VISTA,atencion de partos en servicios,partos atendidos por personal de salud calificado,2023-10-01,3,3
CAIROMA,atencion de partos en servicios,partos atendidos por personal de salud calificado,2023-10-01,2,2
CAJUATA,atencion de partos en servicios,partos atendidos por personal de salud calificado,2023-10-01,1,1
CAMATAQUI (C. VILLA ABECIA),atencion de partos en servicios,partos atendidos por personal de salud calificado,2023-10-01,1,1
CAMIRI,atencion de partos en servicios,partos atendidos por personal de salud calificado,2023-10-01,24,24
CARACOLLO,atencion de partos en servicios,partos atendidos por personal de salud calificado,2023-10-01,1,1
CARANAVI,atencion de partos en servicios,partos atendidos por personal de salud calificado,2023-10-01,4,4
CARAPARI,atencion de partos en servicios,partos atendidos por personal de salud calificado,2023-10-01,8,8
CARMEN RIVERO TORREZ,atencion de partos en servicios,partos atendidos por personal de salud calificado,2023-10-01,4,4
CHALLAPATA,atencion de partos en servicios,partos atendidos por personal de salud calificado,2023-10-01,1,1
CHARAGUA,atencion de partos en servicios,partos atendidos por personal de salud calificado,2023-10-01,3,3
CHAYANTA,atencion de partos en servicios,partos atendidos por personal de salud calificado,2023-10-01,1,1
CHULUMANI (V. DE LA LIBERTAD),atencion de partos en servicios,partos atendidos por personal de salud calificado,2023-10-01,2,2
CHUMA,atencion de partos en servicios,partos atendidos por personal de salud calificado,2023-10-01,1,1
CHUQUIHUTA AYLLU JUCUMANI,atencion de partos en servicios,partos atendidos por personal de salud calificado,2023-10-01,1,1
COBIJA,atencion de partos en servicios,partos atendidos por personal de salud calificado,2023-10-01,6,6
COCAPATA,atencion de partos en servicios,partos atendidos por personal de salud calificado,2023-10-01,5,5
COCHABAMBA,atencion de partos en servicios,partos atendidos por personal de salud calificado,2023-10-01,2,2
COLQUIRI,atencion de partos en servicios,partos atendidos por personal de salud calificado,2023-10-01,1,1
COMARAPA,atencion de partos en servicios,partos atendidos por personal de salud calificado,2023-10-01,20,20
CONCEPCION,atencion de partos en servicios,partos atendidos por personal de salud calificado,2023-10-01,2,2
COPACABANA,atencion de partos en servicios,partos atendidos por personal de salud calificado,2023-10-01,1,1
CORIPATA,atencion de partos en servicios,partos atendidos por personal de salud calificado,2023-10-01,3,3
COTAGAITA,atencion de partos en servicios,partos atendidos por personal de salud calificado,2023-10-01,1,1
CUEVO,atencion de partos en servicios,partos atendidos por personal de salud calificado,2023-10-01,1,1
CULPINA,atencion de partos en servicios,partos atendidos por personal de salud calificado,2023-10-01,2,2
EL ALTO,atencion de partos en servicios,partos atendidos por personal de salud calificado,2023-10-01,151,151
EL PUENTE(TJA),atencion de partos en servicios,partos atendidos por personal de salud calificado,2023-10-01,3,3
FERNANDEZ ALONSO,atencion de partos en servicios,partos atendidos por personal de salud calificado,2023-10-01,3,3
FILADELFIA,atencion de partos en servicios,partos atendidos por personal de salud calificado,2023-10-01,1,1
GENERAL SAAVEDRA,atencion de partos en servicios,partos atendidos por personal de salud calificado,2023-10-01,2,2
GUAYARAMERIN,atencion de partos en servicios,partos atendidos por personal de salud calificado,2023-10-01,55,55
GUTIERREZ,atencion de partos en servicios,partos atendidos por personal de salud calificado,2023-10-01,12,12
HUACARAJE,atencion de partos en servicios,partos atendidos por personal de salud calificado,2023-10-01,1,1
HUACARETA,atencion de partos en servicios,partos atendidos por personal de salud calificado,2023-10-01,1,1
HUACAYA (VILLA DE HUACAYA),atencion de partos en servicios,partos atendidos por personal de salud calificado,2023-10-01,1,1
HUAYLLAMARCA,atencion de partos en servicios,partos atendidos por personal de salud calificado,2023-10-01,1,1
ICLA,atencion de partos en servicios,partos atendidos por personal de salud calificado,2023-10-01,1,1
INCAHUASI,atencion de partos en servicios,partos atendidos por personal de salud calificado,2023-10-01,3,3
INGAVI (HUMAITA),atencion de partos en servicios,partos atendidos por personal de salud calificado,2023-10-01,1,1
LA ASUNTA,atencion de partos en servicios,partos atendidos por personal de salud calificado,2023-10-01,4,4
LA PAZ,atencion de partos en servicios,partos atendidos por personal de salud calificado,2023-10-01,117,117
LLICA,atencion de partos en servicios,partos atendidos por personal de salud calificado,2023-10-01,1,1
LORETO,atencion de partos en servicios,partos atendidos por personal de salud calificado,2023-10-01,3,3
LURIBAY,atencion de partos en servicios,partos atendidos por personal de salud calificado,2023-10-01,1,1
MECAPACA,atencion de partos en servicios,partos atendidos por personal de salud calificado,2023-10-01,1,1
MINEROS,atencion de partos en servicios,partos atendidos por personal de salud calificado,2023-10-01,18,18
MOCOMOCO,atencion de partos en servicios,partos atendidos por personal de salud calificado,2023-10-01,2,2
MONTERO,atencion de partos en servicios,partos atendidos por personal de salud calificado,2023-10-01,15,15
NACEBE (SANTA ROSA DEL ABUNA),atencion de partos en servicios,partos atendidos por personal de salud calificado,2023-10-01,2,2
OCURI,atencion de partos en servicios,partos atendidos por personal de salud calificado,2023-10-01,1,1
OKINAWA,atencion de partos en servicios,partos atendidos por personal de salud calificado,2023-10-01,3,3
ORURO,atencion de partos en servicios,partos atendidos por personal de salud calificado,2023-10-01,40,40
PADCAYA,atencion de partos en servicios,partos atendidos por personal de salud calificado,2023-10-01,3,3
PALCA,atencion de partos en servicios,partos atendidos por personal de salud calificado,2023-10-01,4,4
PALOS BLANCOS,atencion de partos en servicios,partos atendidos por personal de salud calificado,2023-10-01,1,1
PAMPA AULLAGAS,atencion de partos en servicios,partos atendidos por personal de salud calificado,2023-10-01,1,1
PAMPA GRANDE,atencion de partos en servicios,partos atendidos por personal de salud calificado,2023-10-01,1,1
PAZÑA,atencion de partos en servicios,partos atendidos por personal de salud calificado,2023-10-01,1,1
PELECHUCO,atencion de partos en servicios,partos atendidos por personal de salud calificado,2023-10-01,1,1
POCOATA,atencion de partos en servicios,partos atendidos por personal de salud calificado,2023-10-01,3,3
POCONA,atencion de partos en servicios,partos atendidos por personal de salud calificado,2023-10-01,2,2
PORCO,atencion de partos en servicios,partos atendidos por personal de salud calificado,2023-10-01,6,6
POROMA,atencion de partos en servicios,partos atendidos por personal de salud calificado,2023-10-01,1,1
PORONGO,atencion de partos en servicios,partos atendidos por personal de salud calificado,2023-10-01,3,3
POTOSI,atencion de partos en servicios,partos atendidos por personal de salud calificado,2023-10-01,32,32
PUCARANI,atencion de partos en servicios,partos atendidos por personal de salud calificado,2023-10-01,9,9
PUERTO ACOSTA,atencion de partos en servicios,partos atendidos por personal de salud calificado,2023-10-01,1,1
PUERTO CARABUCO,atencion de partos en servicios,partos atendidos por personal de salud calificado,2023-10-01,2,2
PUERTO QUIJARRO,atencion de partos en servicios,partos atendidos por personal de salud calificado,2023-10-01,14,14
PUERTO SUAREZ,atencion de partos en servicios,partos atendidos por personal de salud calificado,2023-10-01,21,21
PUERTO VILLARROEL,atencion de partos en servicios,partos atendidos por personal de salud calificado,2023-10-01,2,2
PUNA,atencion de partos en servicios,partos atendidos por personal de salud calificado,2023-10-01,2,2
PUNATA,atencion de partos en servicios,partos atendidos por personal de salud calificado,2023-10-01,11,11
QUILLACOLLO,atencion de partos en servicios,partos atendidos por personal de salud calificado,2023-10-01,8,8
RAQAYPAMPA(ETA),atencion de partos en servicios,partos atendidos por personal de salud calificado,2023-10-01,1,1
REYES,atencion de partos en servicios,partos atendidos por personal de salud calificado,2023-10-01,1,1
RIBERALTA,atencion de partos en servicios,partos atendidos por personal de salud calificado,2023-10-01,2,2
ROBORE,atencion de partos en servicios,partos atendidos por personal de salud calificado,2023-10-01,17,17
RURRENABAQUE,atencion de partos en servicios,partos atendidos por personal de salud calificado,2023-10-01,1,1
SABAYA,atencion de partos en servicios,partos atendidos por personal de salud calificado,2023-10-01,3,3
SACABA,atencion de partos en servicios,partos atendidos por personal de salud calificado,2023-10-01,2,2
SACABAMBA,atencion de partos en servicios,partos atendidos por personal de salud calificado,2023-10-01,1,1
SACACA,atencion de partos en servicios,partos atendidos por personal de salud calificado,2023-10-01,5,5
SAIPINA,atencion de partos en servicios,partos atendidos por personal de salud calificado,2023-10-01,2,2
SALINAS DE GARCI MENDOZA,atencion de partos en servicios,partos atendidos por personal de salud calificado,2023-10-01,3,3
SAN ANDRES,atencion de partos en servicios,partos atendidos por personal de salud calificado,2023-10-01,3,3
SAN ANTONIO DE ESMORUCO,atencion de partos en servicios,partos atendidos por personal de salud calificado,2023-10-01,1,1
SAN BENITO,atencion de partos en servicios,partos atendidos por personal de salud calificado,2023-10-01,1,1
SAN BORJA,atencion de partos en servicios,partos atendidos por personal de salud calificado,2023-10-01,8,8
SAN CARLOS,atencion de partos en servicios,partos atendidos por personal de salud calificado,2023-10-01,16,16
SAN IGNACIO,atencion de partos en servicios,partos atendidos por personal de salud calificado,2023-10-01,3,3
SAN IGNACIO DE VELASCO,atencion de partos en servicios,partos atendidos por personal de salud calificado,2023-10-01,5,5
SAN JAVIER(BNI),atencion de partos en servicios,partos atendidos por personal de salud calificado,2023-10-01,1,1
SAN JOAQUIN,atencion de partos en servicios,partos atendidos por personal de salud calificado,2023-10-01,3,3
SAN JOSE DE CHIQUITOS,atencion de partos en servicios,partos atendidos por personal de salud calificado,2023-10-01,7,7
SAN JUAN DE YAPACANI,atencion de partos en servicios,partos atendidos por personal de salud calificado,2023-10-01,2,2
SAN LORENZO(TJA),atencion de partos en servicios,partos atendidos por personal de salud calificado,2023-10-01,1,1
SAN LUCAS,atencion de partos en servicios,partos atendidos por personal de salud calificado,2023-10-01,5,5
SAN MATIAS,atencion de partos en servicios,partos atendidos por personal de salud calificado,2023-10-01,6,6
SAN PEDRO,atencion de partos en servicios,partos atendidos por personal de salud calificado,2023-10-01,3,3
SAN PEDRO DE BUENA VISTA,atencion de partos en servicios,partos atendidos por personal de salud calificado,2023-10-01,5,5
SAN PEDRO DE CURAHUARA,atencion de partos en servicios,partos atendidos por personal de salud calificado,2023-10-01,2,2
SAN PEDRO DE MACHA,atencion de partos en servicios,partos atendidos por personal de salud calificado,2023-10-01,5,5
SAN PEDRO DE QUEMES,atencion de partos en servicios,partos atendidos por personal de salud calificado,2023-10-01,1,1
SAN PEDRO DE TIQUINA,atencion de partos en servicios,partos atendidos por personal de salud calificado,2023-10-01,4,4
SAN RAFAEL,atencion de partos en servicios,partos atendidos por personal de salud calificado,2023-10-01,8,8
SANTA ANA,atencion de partos en servicios,partos atendidos por personal de salud calificado,2023-10-01,26,26
SANTA CRUZ DE LA SIERRA,atencion de partos en servicios,partos atendidos por personal de salud calificado,2023-10-01,340,340
SANTA ROSA,atencion de partos en servicios,partos atendidos por personal de salud calificado,2023-10-01,1,1
SIPE SIPE,atencion de partos en servicios,partos atendidos por personal de salud calificado,2023-10-01,1,1
SORATA,atencion de partos en servicios,partos atendidos por personal de salud calificado,2023-10-01,8,8
SUCRE,atencion de partos en servicios,partos atendidos por personal de salud calificado,2023-10-01,12,12
TACACOMA,atencion de partos en servicios,partos atendidos por personal de salud calificado,2023-10-01,1,1
TACOPAYA,atencion de partos en servicios,partos atendidos por personal de salud calificado,2023-10-01,1,1
TAPACARI,atencion de partos en servicios,partos atendidos por personal de salud calificado,2023-10-01,1,1
TARATA,atencion de partos en servicios,partos atendidos por personal de salud calificado,2023-10-01,6,6
TARIJA,atencion de partos en servicios,partos atendidos por personal de salud calificado,2023-10-01,6,6
TARVITA,atencion de partos en servicios,partos atendidos por personal de salud calificado,2023-10-01,1,1
TEOPONTE,atencion de partos en servicios,partos atendidos por personal de salud calificado,2023-10-01,2,2
TINGUIPAYA,atencion de partos en servicios,partos atendidos por personal de salud calificado,2023-10-01,1,1
TIPUANI,atencion de partos en servicios,partos atendidos por personal de salud calificado,2023-10-01,3,3
TOMAVE,atencion de partos en servicios,partos atendidos por personal de salud calificado,2023-10-01,1,1
TOMINA,atencion de partos en servicios,partos atendidos por personal de salud calificado,2023-10-01,1,1
TOTORA(CBBA),atencion de partos en servicios,partos atendidos por personal de salud calificado,2023-10-01,1,1
TRIGAL,atencion de partos en servicios,partos atendidos por personal de salud calificado,2023-10-01,1,1
TRINIDAD,atencion de partos en servicios,partos atendidos por personal de salud calificado,2023-10-01,203,203
TUPIZA,atencion de partos en servicios,partos atendidos por personal de salud calificado,2023-10-01,9,9
URIONDO (A. CONCEPCION),atencion de partos en servicios,partos atendidos por personal de salud calificado,2023-10-01,9,9
URUBICHA,atencion de partos en servicios,partos atendidos por personal de salud calificado,2023-10-01,1,1
UYUNI,atencion de partos en servicios,partos atendidos por personal de salud calificado,2023-10-01,10,10
VALLEGRANDE,atencion de partos en servicios,partos atendidos por personal de salud calificado,2023-10-01,12,12
VIACHA,atencion de partos en servicios,partos atendidos por personal de salud calificado,2023-10-01,3,3
VILA VILA,atencion de partos en servicios,partos atendidos por personal de salud calificado,2023-10-01,1,1
VILLA CHARCAS,atencion de partos en servicios,partos atendidos por personal de salud calificado,2023-10-01,3,3
VILLA MONTES,atencion de partos en servicios,partos atendidos por personal de salud calificado,2023-10-01,3,3
VILLA RIVERO,atencion de partos en servicios,partos atendidos por personal de salud calificado,2023-10-01,1,1
VILLA TUNARI,atencion de partos en servicios,partos atendidos por personal de salud calificado,2023-10-01,2,2
VILLA VACA GUZMAN (MUYUPAMPA),atencion de partos en servicios,partos atendidos por personal de salud calificado,2023-10-01,2,2
VILLAZON,atencion de partos en servicios,partos atendidos por personal de salud calificado,2023-10-01,2,2
VITICHI,atencion de partos en servicios,partos atendidos por personal de salud calificado,2023-10-01,3,3
WARNES,atencion de partos en servicios,partos atendidos por personal de salud calificado,2023-10-01,24,24
YACUIBA,atencion de partos en servicios,partos atendidos por personal de salud calificado,2023-10-01,14,14
YAPACANI,atencion de partos en servicios,partos atendidos por personal de salud calificado,2023-10-01,68,68
YOTALA,atencion de partos en servicios,partos atendidos por personal de salud calificado,2023-10-01,3,3
YUNCHARA,atencion de partos en servicios,partos atendidos por personal de salud calificado,2023-10-01,1,1
ACACIO,atencion de partos en servicios,partos atendidos por personal de salud calificado,2023-11-01,1,1
AIQUILE,atencion de partos en servicios,partos atendidos por personal de salud calificado,2023-11-01,1,1
ALTO BENI,atencion de partos en servicios,partos atendidos por personal de salud calificado,2023-11-01,1,1
ANZALDO,atencion de partos en servicios,partos atendidos por personal de salud calificado,2023-11-01,1,1
APOLO,atencion de partos en servicios,partos atendidos por personal de salud calificado,2023-11-01,1,1
ARAMPAMPA,atencion de partos en servicios,partos atendidos por personal de salud calificado,2023-11-01,1,1
ARANI,atencion de partos en servicios,partos atendidos por personal de salud calificado,2023-11-01,1,1
ARBIETO,atencion de partos en servicios,partos atendidos por personal de salud calificado,2023-11-01,3,3
ARQUE,atencion de partos en servicios,partos atendidos por personal de salud calificado,2023-11-01,1,1
ASCENCION DE GUARAYOS,atencion de partos en servicios,partos atendidos por personal de salud calificado,2023-11-01,46,46
AUCAPATA,atencion de partos en servicios,partos atendidos por personal de salud calificado,2023-11-01,1,1
AZURDUY,atencion de partos en servicios,partos atendidos por personal de salud calificado,2023-11-01,2,2
BETANZOS,atencion de partos en servicios,partos atendidos por personal de salud calificado,2023-11-01,4,4
BUENA VISTA,atencion de partos en servicios,partos atendidos por personal de salud calificado,2023-11-01,9,9
"CAIZA ""D""",atencion de partos en servicios,partos atendidos por personal de salud calificado,2023-11-01,1,1
CAMIRI,atencion de partos en servicios,partos atendidos por personal de salud calificado,2023-11-01,28,28
CARACOLLO,atencion de partos en servicios,partos atendidos por personal de salud calificado,2023-11-01,1,1
CARAPARI,atencion de partos en servicios,partos atendidos por personal de salud calificado,2023-11-01,11,11
CARIPUYO,atencion de partos en servicios,partos atendidos por personal de salud calificado,2023-11-01,1,1
CARMEN RIVERO TORREZ,atencion de partos en servicios,partos atendidos por personal de salud calificado,2023-11-01,3,3
CHARAGUA,atencion de partos en servicios,partos atendidos por personal de salud calificado,2023-11-01,4,4
CHARAÑA,atencion de partos en servicios,partos atendidos por personal de salud calificado,2023-11-01,1,1
CHIMORE,atencion de partos en servicios,partos atendidos por personal de salud calificado,2023-11-01,6,6
CHULUMANI (V. DE LA LIBERTAD),atencion de partos en servicios,partos atendidos por personal de salud calificado,2023-11-01,2,2
CHUMA,atencion de partos en servicios,partos atendidos por personal de salud calificado,2023-11-01,1,1
CHUQUIHUTA AYLLU JUCUMANI,atencion de partos en servicios,partos atendidos por personal de salud calificado,2023-11-01,1,1
CKOCHAS,atencion de partos en servicios,partos atendidos por personal de salud calificado,2023-11-01,3,3
COBIJA,atencion de partos en servicios,partos atendidos por personal de salud calificado,2023-11-01,9,9
COCAPATA,atencion de partos en servicios,partos atendidos por personal de salud calificado,2023-11-01,3,3
COCHABAMBA,atencion de partos en servicios,partos atendidos por personal de salud calificado,2023-11-01,11,11
COLOMI,atencion de partos en servicios,partos atendidos por personal de salud calificado,2023-11-01,1,1
COLQUECHACA,atencion de partos en servicios,partos atendidos por personal de salud calificado,2023-11-01,2,2
COMARAPA,atencion de partos en servicios,partos atendidos por personal de salud calificado,2023-11-01,23,23
COROICO,atencion de partos en servicios,partos atendidos por personal de salud calificado,2023-11-01,1,1
CORQUE,atencion de partos en servicios,partos atendidos por personal de salud calificado,2023-11-01,2,2
COTAGAITA,atencion de partos en servicios,partos atendidos por personal de salud calificado,2023-11-01,5,5
CRUZ DE MACHACAMARCA,atencion de partos en servicios,partos atendidos por personal de salud calificado,2023-11-01,1,1
CUEVO,atencion de partos en servicios,partos atendidos por personal de salud calificado,2023-11-01,3,3
EL ALTO,atencion de partos en servicios,partos atendidos por personal de salud calificado,2023-11-01,128,128
EL VILLAR,atencion de partos en servicios,partos atendidos por personal de salud calificado,2023-11-01,1,1
ENTRE RIOS TRJ,atencion de partos en servicios,partos atendidos por personal de salud calificado,2023-11-01,3,3
FERNANDEZ ALONSO,atencion de partos en servicios,partos atendidos por personal de salud calificado,2023-11-01,4,4
FILADELFIA,atencion de partos en servicios,partos atendidos por personal de salud calificado,2023-11-01,2,2
GAIOC JATUN AYLLU YURA,atencion de partos en servicios,partos atendidos por personal de salud calificado,2023-11-01,1,1
GENERAL SAAVEDRA,atencion de partos en servicios,partos atendidos por personal de salud calificado,2023-11-01,8,8
GUTIERREZ,atencion de partos en servicios,partos atendidos por personal de salud calificado,2023-11-01,6,6
HUACARAJE,atencion de partos en servicios,partos atendidos por personal de salud calificado,2023-11-01,2,2
HUACARETA,atencion de partos en servicios,partos atendidos por personal de salud calificado,2023-11-01,1,1
HUATAJATA,atencion de partos en servicios,partos atendidos por personal de salud calificado,2023-11-01,2,2
HUMANATA,atencion de partos en servicios,partos atendidos por personal de salud calificado,2023-11-01,1,1
ICHOCA,atencion de partos en servicios,partos atendidos por personal de salud calificado,2023-11-01,1,1
ICLA,atencion de partos en servicios,partos atendidos por personal de salud calificado,2023-11-01,1,1
JESUS DE MACHACA,atencion de partos en servicios,partos atendidos por personal de salud calificado,2023-11-01,2,2
LA ASUNTA,atencion de partos en servicios,partos atendidos por personal de salud calificado,2023-11-01,5,5
LA PAZ,atencion de partos en servicios,partos atendidos por personal de salud calificado,2023-11-01,153,153
LAJA,atencion de partos en servicios,partos atendidos por personal de salud calificado,2023-11-01,2,2
MAGDALENA,atencion de partos en servicios,partos atendidos por personal de salud calificado,2023-11-01,1,1
MECAPACA,atencion de partos en servicios,partos atendidos por personal de salud calificado,2023-11-01,3,3
MINEROS,atencion de partos en servicios,partos atendidos por personal de salud calificado,2023-11-01,15,15
MOCOMOCO,atencion de partos en servicios,partos atendidos por personal de salud calificado,2023-11-01,1,1
MONTEAGUDO,atencion de partos en servicios,partos atendidos por personal de salud calificado,2023-11-01,26,26
MONTERO,atencion de partos en servicios,partos atendidos por personal de salud calificado,2023-11-01,70,70
MOROCHATA,atencion de partos en servicios,partos atendidos por personal de salud calificado,2023-11-01,2,2
NACEBE (SANTA ROSA DEL ABUNA),atencion de partos en servicios,partos atendidos por personal de salud calificado,2023-11-01,1,1
OCURI,atencion de partos en servicios,partos atendidos por personal de salud calificado,2023-11-01,1,1
OKINAWA,atencion de partos en servicios,partos atendidos por personal de salud calificado,2023-11-01,5,5
ORURO,atencion de partos en servicios,partos atendidos por personal de salud calificado,2023-11-01,41,41
PADILLA,atencion de partos en servicios,partos atendidos por personal de salud calificado,2023-11-01,16,16
PALCA,atencion de partos en servicios,partos atendidos por personal de salud calificado,2023-11-01,3,3
PALOS BLANCOS,atencion de partos en servicios,partos atendidos por personal de salud calificado,2023-11-01,2,2
PAMPA GRANDE,atencion de partos en servicios,partos atendidos por personal de salud calificado,2023-11-01,9,9
PAPEL PAMPA,atencion de partos en servicios,partos atendidos por personal de salud calificado,2023-11-01,1,1
POCOATA,atencion de partos en servicios,partos atendidos por personal de salud calificado,2023-11-01,7,7
POCONA,atencion de partos en servicios,partos atendidos por personal de salud calificado,2023-11-01,2,2
POJO (CBBA),atencion de partos en servicios,partos atendidos por personal de salud calificado,2023-11-01,4,4
POROMA,atencion de partos en servicios,partos atendidos por personal de salud calificado,2023-11-01,2,2
PORONGO,atencion de partos en servicios,partos atendidos por personal de salud calificado,2023-11-01,2,2
POTOSI,atencion de partos en servicios,partos atendidos por personal de salud calificado,2023-11-01,8,8
PUCARANI,atencion de partos en servicios,partos atendidos por personal de salud calificado,2023-11-01,5,5
PUERTO CARABUCO,atencion de partos en servicios,partos atendidos por personal de salud calificado,2023-11-01,2,2
PUERTO QUIJARRO,atencion de partos en servicios,partos atendidos por personal de salud calificado,2023-11-01,13,13
PUERTO SUAREZ,atencion de partos en servicios,partos atendidos por personal de salud calificado,2023-11-01,10,10
PUERTO VILLARROEL,atencion de partos en servicios,partos atendidos por personal de salud calificado,2023-11-01,1,1
PUNA,atencion de partos en servicios,partos atendidos por personal de salud calificado,2023-11-01,3,3
PUNATA,atencion de partos en servicios,partos atendidos por personal de salud calificado,2023-11-01,7,7
QUILLACOLLO,atencion de partos en servicios,partos atendidos por personal de salud calificado,2023-11-01,5,5
RAQAYPAMPA(ETA),atencion de partos en servicios,partos atendidos por personal de salud calificado,2023-11-01,1,1
RAVELO,atencion de partos en servicios,partos atendidos por personal de salud calificado,2023-11-01,1,1
REYES,atencion de partos en servicios,partos atendidos por personal de salud calificado,2023-11-01,2,2
ROBORE,atencion de partos en servicios,partos atendidos por personal de salud calificado,2023-11-01,19,19
SACABA,atencion de partos en servicios,partos atendidos por personal de salud calificado,2023-11-01,9,9
SACACA,atencion de partos en servicios,partos atendidos por personal de salud calificado,2023-11-01,3,3
SAIPINA,atencion de partos en servicios,partos atendidos por personal de salud calificado,2023-11-01,3,3
SALINAS DE GARCI MENDOZA,atencion de partos en servicios,partos atendidos por personal de salud calificado,2023-11-01,2,2
SAMAIPATA,atencion de partos en servicios,partos atendidos por personal de salud calificado,2023-11-01,1,1
SAN ANDRES,atencion de partos en servicios,partos atendidos por personal de salud calificado,2023-11-01,1,1
SAN ANTONIO DE LOMERIO,atencion de partos en servicios,partos atendidos por personal de salud calificado,2023-11-01,1,1
SAN BENITO,atencion de partos en servicios,partos atendidos por personal de salud calificado,2023-11-01,3,3
SAN BORJA,atencion de partos en servicios,partos atendidos por personal de salud calificado,2023-11-01,12,12
SAN BUENA VENTURA,atencion de partos en servicios,partos atendidos por personal de salud calificado,2023-11-01,1,1
SAN CARLOS,atencion de partos en servicios,partos atendidos por personal de salud calificado,2023-11-01,10,10
SAN IGNACIO DE VELASCO,atencion de partos en servicios,partos atendidos por personal de salud calificado,2023-11-01,7,7
SAN JOAQUIN,atencion de partos en servicios,partos atendidos por personal de salud calificado,2023-11-01,5,5
SAN JOSE DE CHIQUITOS,atencion de partos en servicios,partos atendidos por personal de salud calificado,2023-11-01,26,26
SAN JUAN DE YAPACANI,atencion de partos en servicios,partos atendidos por personal de salud calificado,2023-11-01,6,6
SAN LORENZO(PND),atencion de partos en servicios,partos atendidos por personal de salud calificado,2023-11-01,1,1
SAN LORENZO(TJA),atencion de partos en servicios,partos atendidos por personal de salud calificado,2023-11-01,1,1
SAN LUCAS,atencion de partos en servicios,partos atendidos por personal de salud calificado,2023-11-01,1,1
SAN MATIAS,atencion de partos en servicios,partos atendidos por personal de salud calificado,2023-11-01,5,5
SAN PABLO DE LIPEZ,atencion de partos en servicios,partos atendidos por personal de salud calificado,2023-11-01,1,1
SAN PEDRO,atencion de partos en servicios,partos atendidos por personal de salud calificado,2023-11-01,3,3
SAN PEDRO DE BUENA VISTA,atencion de partos en servicios,partos atendidos por personal de salud calificado,2023-11-01,3,3
SAN PEDRO DE MACHA,atencion de partos en servicios,partos atendidos por personal de salud calificado,2023-11-01,2,2
SAN PEDRO DE TIQUINA,atencion de partos en servicios,partos atendidos por personal de salud calificado,2023-11-01,2,2
SAN RAFAEL,atencion de partos en servicios,partos atendidos por personal de salud calificado,2023-11-01,8,8
SAN RAMON BENI,atencion de partos en servicios,partos atendidos por personal de salud calificado,2023-11-01,4,4
SANTA ANA,atencion de partos en servicios,partos atendidos por personal de salud calificado,2023-11-01,24,24
SANTA CRUZ DE LA SIERRA,atencion de partos en servicios,partos atendidos por personal de salud calificado,2023-11-01,302,302
SANTIAGO DE CALLAPA,atencion de partos en servicios,partos atendidos por personal de salud calificado,2023-11-01,1,1
SANTIAGO DE HUARI,atencion de partos en servicios,partos atendidos por personal de salud calificado,2023-11-01,2,2
SIPE SIPE,atencion de partos en servicios,partos atendidos por personal de salud calificado,2023-11-01,1,1
SORACACHI,atencion de partos en servicios,partos atendidos por personal de salud calificado,2023-11-01,2,2
SORATA,atencion de partos en servicios,partos atendidos por personal de salud calificado,2023-11-01,9,9
SUCRE,atencion de partos en servicios,partos atendidos por personal de salud calificado,2023-11-01,4,4
TACACOMA,atencion de partos en servicios,partos atendidos por personal de salud calificado,2023-11-01,3,3
TAPACARI,atencion de partos en servicios,partos atendidos por personal de salud calificado,2023-11-01,2,2
TARATA,atencion de partos en servicios,partos atendidos por personal de salud calificado,2023-11-01,6,6
TARIJA,atencion de partos en servicios,partos atendidos por personal de salud calificado,2023-11-01,8,8
TEOPONTE,atencion de partos en servicios,partos atendidos por personal de salud calificado,2023-11-01,4,4
TIAHUANACU,atencion de partos en servicios,partos atendidos por personal de salud calificado,2023-11-01,1,1
TIPUANI,atencion de partos en servicios,partos atendidos por personal de salud calificado,2023-11-01,2,2
TIQUIPAYA,atencion de partos en servicios,partos atendidos por personal de salud calificado,2023-11-01,1,1
TOMAVE,atencion de partos en servicios,partos atendidos por personal de salud calificado,2023-11-01,1,1
TORO TORO,atencion de partos en servicios,partos atendidos por personal de salud calificado,2023-11-01,2,2
TOTORA(ORR),atencion de partos en servicios,partos atendidos por personal de salud calificado,2023-11-01,1,1
TRIGAL,atencion de partos en servicios,partos atendidos por personal de salud calificado,2023-11-01,1,1
TRINIDAD,atencion de partos en servicios,partos atendidos por personal de salud calificado,2023-11-01,193,193
TUPIZA,atencion de partos en servicios,partos atendidos por personal de salud calificado,2023-11-01,19,19
URIONDO (A. CONCEPCION),atencion de partos en servicios,partos atendidos por personal de salud calificado,2023-11-01,4,4
URUBICHA,atencion de partos en servicios,partos atendidos por personal de salud calificado,2023-11-01,2,2
VALLEGRANDE,atencion de partos en servicios,partos atendidos por personal de salud calificado,2023-11-01,26,26
VIACHA,atencion de partos en servicios,partos atendidos por personal de salud calificado,2023-11-01,5,5
VILA VILA,atencion de partos en servicios,partos atendidos por personal de salud calificado,2023-11-01,1,1
VILLA CHARCAS,atencion de partos en servicios,partos atendidos por personal de salud calificado,2023-11-01,10,10
VILLA MONTES,atencion de partos en servicios,partos atendidos por personal de salud calificado,2023-11-01,4,4
VILLA RIVERO,atencion de partos en servicios,partos atendidos por personal de salud calificado,2023-11-01,1,1
VILLA TUNARI,atencion de partos en servicios,partos atendidos por personal de salud calificado,2023-11-01,4,4
VILLA VACA GUZMAN (MUYUPAMPA),atencion de partos en servicios,partos atendidos por personal de salud calificado,2023-11-01,2,2
VILLAZON,atencion de partos en servicios,partos atendidos por personal de salud calificado,2023-11-01,1,1
WARNES,atencion de partos en servicios,partos atendidos por personal de salud calificado,2023-11-01,14,14
YACO,atencion de partos en servicios,partos atendidos por personal de salud calificado,2023-11-01,1,1
YACUIBA,atencion de partos en servicios,partos atendidos por personal de salud calificado,2023-11-01,21,21
YAMPARAEZ,atencion de partos en servicios,partos atendidos por personal de salud calificado,2023-11-01,1,1
YAPACANI,atencion de partos en servicios,partos atendidos por personal de salud calificado,2023-11-01,80,80
YOCALLA,atencion de partos en servicios,partos atendidos por personal de salud calificado,2023-11-01,3,3
YOTALA,atencion de partos en servicios,partos atendidos por personal de salud calificado,2023-11-01,3,3
ACACIO,atencion de partos en servicios,partos atendidos por personal de salud calificado,2023-12-01,2,2
ANCORAIMES,atencion de partos en servicios,partos atendidos por personal de salud calificado,2023-12-01,1,1
ARANI,atencion de partos en servicios,partos atendidos por personal de salud calificado,2023-12-01,2,2
ARBIETO,atencion de partos en servicios,partos atendidos por personal de salud calificado,2023-12-01,5,5
ASCENCION DE GUARAYOS,atencion de partos en servicios,partos atendidos por personal de salud calificado,2023-12-01,39,39
ATOCHA,atencion de partos en servicios,partos atendidos por personal de salud calificado,2023-12-01,1,1
AUCAPATA,atencion de partos en servicios,partos atendidos por personal de salud calificado,2023-12-01,1,1
AYATA,atencion de partos en servicios,partos atendidos por personal de salud calificado,2023-12-01,1,1
BAURES,atencion de partos en servicios,partos atendidos por personal de salud calificado,2023-12-01,4,4
BELEN DE ANDAMARCA,atencion de partos en servicios,partos atendidos por personal de salud calificado,2023-12-01,1,1
BETANZOS,atencion de partos en servicios,partos atendidos por personal de salud calificado,2023-12-01,3,3
BUENA VISTA,atencion de partos en servicios,partos atendidos por personal de salud calificado,2023-12-01,5,5
CABEZAS,atencion de partos en servicios,partos atendidos por personal de salud calificado,2023-12-01,3,3
"CAIZA ""D""",atencion de partos en servicios,partos atendidos por personal de salud calificado,2023-12-01,1,1
CAJUATA,atencion de partos en servicios,partos atendidos por personal de salud calificado,2023-12-01,2,2
CALAMARCA,atencion de partos en servicios,partos atendidos por personal de salud calificado,2023-12-01,2,2
CAMIRI,atencion de partos en servicios,partos atendidos por personal de salud calificado,2023-12-01,29,29
CAQUIAVIRI,atencion de partos en servicios,partos atendidos por personal de salud calificado,2023-12-01,2,2
CARACOLLO,atencion de partos en servicios,partos atendidos por personal de salud calificado,2023-12-01,1,1
CARANAVI,atencion de partos en servicios,partos atendidos por personal de salud calificado,2023-12-01,4,4
CARAPARI,atencion de partos en servicios,partos atendidos por personal de salud calificado,2023-12-01,10,10
CARMEN RIVERO TORREZ,atencion de partos en servicios,partos atendidos por personal de salud calificado,2023-12-01,3,3
CATACORA,atencion de partos en servicios,partos atendidos por personal de salud calificado,2023-12-01,1,1
CHARAGUA,atencion de partos en servicios,partos atendidos por personal de salud calificado,2023-12-01,6,6
CHARAÑA,atencion de partos en servicios,partos atendidos por personal de salud calificado,2023-12-01,1,1
CHAYANTA,atencion de partos en servicios,partos atendidos por personal de salud calificado,2023-12-01,3,3
CHIMORE,atencion de partos en servicios,partos atendidos por personal de salud calificado,2023-12-01,12,12
CHIPAYA,atencion de partos en servicios,partos atendidos por personal de salud calificado,2023-12-01,1,1
CHUMA,atencion de partos en servicios,partos atendidos por personal de salud calificado,2023-12-01,3,3
CHUQUIHUTA AYLLU JUCUMANI,atencion de partos en servicios,partos atendidos por personal de salud calificado,2023-12-01,3,3
COCAPATA,atencion de partos en servicios,partos atendidos por personal de salud calificado,2023-12-01,3,3
COCHABAMBA,atencion de partos en servicios,partos atendidos por personal de salud calificado,2023-12-01,27,27
COLOMI,atencion de partos en servicios,partos atendidos por personal de salud calificado,2023-12-01,1,1
COLQUECHACA,atencion de partos en servicios,partos atendidos por personal de salud calificado,2023-12-01,1,1
COMARAPA,atencion de partos en servicios,partos atendidos por personal de salud calificado,2023-12-01,20,20
CONCEPCION,atencion de partos en servicios,partos atendidos por personal de salud calificado,2023-12-01,2,2
COPACABANA,atencion de partos en servicios,partos atendidos por personal de salud calificado,2023-12-01,1,1
CORIPATA,atencion de partos en servicios,partos atendidos por personal de salud calificado,2023-12-01,1,1
COTAGAITA,atencion de partos en servicios,partos atendidos por personal de salud calificado,2023-12-01,4,4
CUCHUMUELA (V. G. VILLARROEL),atencion de partos en servicios,partos atendidos por personal de salud calificado,2023-12-01,1,1
CULPINA,atencion de partos en servicios,partos atendidos por personal de salud calificado,2023-12-01,1,1
EL ALTO,atencion de partos en servicios,partos atendidos por personal de salud calificado,2023-12-01,132,132
EL PUENTE(TJA),atencion de partos en servicios,partos atendidos por personal de salud calificado,2023-12-01,1,1
ENTRE RIOS TRJ,atencion de partos en servicios,partos atendidos por personal de salud calificado,2023-12-01,3,3
FERNANDEZ ALONSO,atencion de partos en servicios,partos atendidos por personal de salud calificado,2023-12-01,11,11
GAIOC JATUN AYLLU YURA,atencion de partos en servicios,partos atendidos por personal de salud calificado,2023-12-01,1,1
GENERAL SAAVEDRA,atencion de partos en servicios,partos atendidos por personal de salud calificado,2023-12-01,4,4
GUAYARAMERIN,atencion de partos en servicios,partos atendidos por personal de salud calificado,2023-12-01,50,50
GUTIERREZ,atencion de partos en servicios,partos atendidos por personal de salud calificado,2023-12-01,11,11
HUACARAJE,atencion de partos en servicios,partos atendidos por personal de salud calificado,2023-12-01,1,1
HUACARETA,atencion de partos en servicios,partos atendidos por personal de salud calificado,2023-12-01,1,1
HUACAYA (VILLA DE HUACAYA),atencion de partos en servicios,partos atendidos por personal de salud calificado,2023-12-01,2,2
HUATAJATA,atencion de partos en servicios,partos atendidos por personal de salud calificado,2023-12-01,2,2
INGAVI (HUMAITA),atencion de partos en servicios,partos atendidos por personal de salud calificado,2023-12-01,1,1
JESUS DE MACHACA,atencion de partos en servicios,partos atendidos por personal de salud calificado,2023-12-01,1,1
LA ASUNTA,atencion de partos en servicios,partos atendidos por personal de salud calificado,2023-12-01,9,9
LA PAZ,atencion de partos en servicios,partos atendidos por personal de salud calificado,2023-12-01,430,430
LAJA,atencion de partos en servicios,partos atendidos por personal de salud calificado,2023-12-01,1,1
LORETO,atencion de partos en servicios,partos atendidos por personal de salud calificado,2023-12-01,2,2
MACHARETI,atencion de partos en servicios,partos atendidos por personal de salud calificado,2023-12-01,1,1
MAGDALENA,atencion de partos en servicios,partos atendidos por personal de salud calificado,2023-12-01,3,3
MAPIRI,atencion de partos en servicios,partos atendidos por personal de salud calificado,2023-12-01,1,1
MINEROS,atencion de partos en servicios,partos atendidos por personal de salud calificado,2023-12-01,12,12
MONTEAGUDO,atencion de partos en servicios,partos atendidos por personal de salud calificado,2023-12-01,1,1
MONTERO,atencion de partos en servicios,partos atendidos por personal de salud calificado,2023-12-01,81,81
NACEBE (SANTA ROSA DEL ABUNA),atencion de partos en servicios,partos atendidos por personal de salud calificado,2023-12-01,1,1
OKINAWA,atencion de partos en servicios,partos atendidos por personal de salud calificado,2023-12-01,5,5
ORURO,atencion de partos en servicios,partos atendidos por personal de salud calificado,2023-12-01,36,36
PALCA,atencion de partos en servicios,partos atendidos por personal de salud calificado,2023-12-01,2,2
PALOS BLANCOS,atencion de partos en servicios,partos atendidos por personal de salud calificado,2023-12-01,4,4
PAMPA GRANDE,atencion de partos en servicios,partos atendidos por personal de salud calificado,2023-12-01,2,2
PATACAMAYA,atencion de partos en servicios,partos atendidos por personal de salud calificado,2023-12-01,1,1
PAZÑA,atencion de partos en servicios,partos atendidos por personal de salud calificado,2023-12-01,2,2
POCOATA,atencion de partos en servicios,partos atendidos por personal de salud calificado,2023-12-01,4,4
POJO (CBBA),atencion de partos en servicios,partos atendidos por personal de salud calificado,2023-12-01,1,1
PORCO,atencion de partos en servicios,partos atendidos por personal de salud calificado,2023-12-01,2,2
POROMA,atencion de partos en servicios,partos atendidos por personal de salud calificado,2023-12-01,2,2
PORONGO,atencion de partos en servicios,partos atendidos por personal de salud calificado,2023-12-01,2,2
POTOSI,atencion de partos en servicios,partos atendidos por personal de salud calificado,2023-12-01,9,9
PUCARANI,atencion de partos en servicios,partos atendidos por personal de salud calificado,2023-12-01,15,15
PUERTO ACOSTA,atencion de partos en servicios,partos atendidos por personal de salud calificado,2023-12-01,4,4
PUERTO CARABUCO,atencion de partos en servicios,partos atendidos por personal de salud calificado,2023-12-01,3,3
PUERTO QUIJARRO,atencion de partos en servicios,partos atendidos por personal de salud calificado,2023-12-01,11,11
PUERTO SILES,atencion de partos en servicios,partos atendidos por personal de salud calificado,2023-12-01,1,1
PUNA,atencion de partos en servicios,partos atendidos por personal de salud calificado,2023-12-01,1,1
PUNATA,atencion de partos en servicios,partos atendidos por personal de salud calificado,2023-12-01,6,6
QUILLACOLLO,atencion de partos en servicios,partos atendidos por personal de salud calificado,2023-12-01,2,2
QUIRUSILLAS,atencion de partos en servicios,partos atendidos por personal de salud calificado,2023-12-01,1,1
RAQAYPAMPA(ETA),atencion de partos en servicios,partos atendidos por personal de salud calificado,2023-12-01,1,1
RAVELO,atencion de partos en servicios,partos atendidos por personal de salud calificado,2023-12-01,1,1
RIBERALTA,atencion de partos en servicios,partos atendidos por personal de salud calificado,2023-12-01,3,3
ROBORE,atencion de partos en servicios,partos atendidos por personal de salud calificado,2023-12-01,16,16
SACABA,atencion de partos en servicios,partos atendidos por personal de salud calificado,2023-12-01,2,2
SACACA,atencion de partos en servicios,partos atendidos por personal de salud calificado,2023-12-01,3,3
SAIPINA,atencion de partos en servicios,partos atendidos por personal de salud calificado,2023-12-01,2,2
SALINAS DE GARCI MENDOZA,atencion de partos en servicios,partos atendidos por personal de salud calificado,2023-12-01,1,1
SAN ANDRES,atencion de partos en servicios,partos atendidos por personal de salud calificado,2023-12-01,4,4
SAN BENITO,atencion de partos en servicios,partos atendidos por personal de salud calificado,2023-12-01,7,7
SAN BORJA,atencion de partos en servicios,partos atendidos por personal de salud calificado,2023-12-01,13,13
SAN CARLOS,atencion de partos en servicios,partos atendidos por personal de salud calificado,2023-12-01,4,4
SAN IGNACIO,atencion de partos en servicios,partos atendidos por personal de salud calificado,2023-12-01,7,7
SAN IGNACIO DE VELASCO,atencion de partos en servicios,partos atendidos por personal de salud calificado,2023-12-01,5,5
SAN JOAQUIN,atencion de partos en servicios,partos atendidos por personal de salud calificado,2023-12-01,7,7
SAN JOSE DE CHIQUITOS,atencion de partos en servicios,partos atendidos por personal de salud calificado,2023-12-01,37,37
SAN JUAN DE YAPACANI,atencion de partos en servicios,partos atendidos por personal de salud calificado,2023-12-01,4,4
SAN LORENZO(PND),atencion de partos en servicios,partos atendidos por personal de salud calificado,2023-12-01,1,1
SAN LORENZO(TJA),atencion de partos en servicios,partos atendidos por personal de salud calificado,2023-12-01,1,1
SAN LUCAS,atencion de partos en servicios,partos atendidos por personal de salud calificado,2023-12-01,3,3
SAN MATIAS,atencion de partos en servicios,partos atendidos por personal de salud calificado,2023-12-01,2,2
SAN PEDRO,atencion de partos en servicios,partos atendidos por personal de salud calificado,2023-12-01,2,2
SAN PEDRO DE BUENA VISTA,atencion de partos en servicios,partos atendidos por personal de salud calificado,2023-12-01,4,4
SAN PEDRO DE MACHA,atencion de partos en servicios,partos atendidos por personal de salud calificado,2023-12-01,1,1
SAN PEDRO DE TIQUINA,atencion de partos en servicios,partos atendidos por personal de salud calificado,2023-12-01,5,5
SAN RAFAEL,atencion de partos en servicios,partos atendidos por personal de salud calificado,2023-12-01,6,6
SAN RAMON BENI,atencion de partos en servicios,partos atendidos por personal de salud calificado,2023-12-01,7,7
SANTA ANA,atencion de partos en servicios,partos atendidos por personal de salud calificado,2023-12-01,22,22
SANTA CRUZ DE LA SIERRA,atencion de partos en servicios,partos atendidos por personal de salud calificado,2023-12-01,274,274
SANTIAGO DE HUATA,atencion de partos en servicios,partos atendidos por personal de salud calificado,2023-12-01,1,1
SHINAOTA,atencion de partos en servicios,partos atendidos por personal de salud calificado,2023-12-01,1,1
SORACACHI,atencion de partos en servicios,partos atendidos por personal de salud calificado,2023-12-01,1,1
SORATA,atencion de partos en servicios,partos atendidos por personal de salud calificado,2023-12-01,6,6
SUCRE,atencion de partos en servicios,partos atendidos por personal de salud calificado,2023-12-01,9,9
TACACOMA,atencion de partos en servicios,partos atendidos por personal de salud calificado,2023-12-01,3,3
TACOBAMBA,atencion de partos en servicios,partos atendidos por personal de salud calificado,2023-12-01,3,3
TAPACARI,atencion de partos en servicios,partos atendidos por personal de salud calificado,2023-12-01,2,2
TARATA,atencion de partos en servicios,partos atendidos por personal de salud calificado,2023-12-01,3,3
TARIJA,atencion de partos en servicios,partos atendidos por personal de salud calificado,2023-12-01,1,1
TEOPONTE,atencion de partos en servicios,partos atendidos por personal de salud calificado,2023-12-01,12,12
TIAHUANACU,atencion de partos en servicios,partos atendidos por personal de salud calificado,2023-12-01,2,2
TIRAQUE (CBBA),atencion de partos en servicios,partos atendidos por personal de salud calificado,2023-12-01,1,1
TODOS SANTOS,atencion de partos en servicios,partos atendidos por personal de salud calificado,2023-12-01,1,1
TOMINA,atencion de partos en servicios,partos atendidos por personal de salud calificado,2023-12-01,1,1
TRINIDAD,atencion de partos en servicios,partos atendidos por personal de salud calificado,2023-12-01,243,243
TUPIZA,atencion de partos en servicios,partos atendidos por personal de salud calificado,2023-12-01,5,5
URIONDO (A. CONCEPCION),atencion de partos en servicios,partos atendidos por personal de salud calificado,2023-12-01,1,1
URUBICHA,atencion de partos en servicios,partos atendidos por personal de salud calificado,2023-12-01,6,6
UYUNI,atencion de partos en servicios,partos atendidos por personal de salud calificado,2023-12-01,4,4
VALLEGRANDE,atencion de partos en servicios,partos atendidos por personal de salud calificado,2023-12-01,7,7
VIACHA,atencion de partos en servicios,partos atendidos por personal de salud calificado,2023-12-01,51,51
VILA VILA,atencion de partos en servicios,partos atendidos por personal de salud calificado,2023-12-01,1,1
VILLA CHARCAS,atencion de partos en servicios,partos atendidos por personal de salud calificado,2023-12-01,7,7
VILLA MONTES,atencion de partos en servicios,partos atendidos por personal de salud calificado,2023-12-01,2,2
VILLA TUNARI,atencion de partos en servicios,partos atendidos por personal de salud calificado,2023-12-01,5,5
VILLA VACA GUZMAN (MUYUPAMPA),atencion de partos en servicios,partos atendidos por personal de salud calificado,2023-12-01,1,1
VITICHI,atencion de partos en servicios,partos atendidos por personal de salud calificado,2023-12-01,1,1
WALDO BALLIVIAN,atencion de partos en servicios,partos atendidos por personal de salud calificado,2023-12-01,1,1
WARNES,atencion de partos en servicios,partos atendidos por personal de salud calificado,2023-12-01,21,21
YACUIBA,atencion de partos en servicios,partos atendidos por personal de salud calificado,2023-12-01,16,16
YAPACANI,atencion de partos en servicios,partos atendidos por personal de salud calificado,2023-12-01,61,61
YOTALA,atencion de partos en servicios,partos atendidos por personal de salud calificado,2023-12-01,2,2
YUNCHARA,atencion de partos en servicios,partos atendidos por personal de salud calificado,2023-12-01,1,1
