,group,variable,month,L 18.1 SRP DOSIS ÚNICA,L 18.1 SRP DOSIS ÚNICA,TOTALES,TOTALES,TOTALES
,,,,DENTRO,FUERA,TOTAL DENTRO,TOTAL FUERA,TOTAL
municipality,,,,,,,,
ACACIO,vacunaciones en ninos de 12 a 23 meses,l 18.1       srp dosis unica,2012-01-01,2,5,2,5,7
ACHACACHI,vacunaciones en ninos de 12 a 23 meses,l 18.1       srp dosis unica,2012-01-01,50,16,50,16,66
ACHOCALLA,vacunaciones en ninos de 12 a 23 meses,l 18.1       srp dosis unica,2012-01-01,21,7,21,7,28
AIQUILE,vacunaciones en ninos de 12 a 23 meses,l 18.1       srp dosis unica,2012-01-01,29,15,29,15,44
ALALAY,vacunaciones en ninos de 12 a 23 meses,l 18.1       srp dosis unica,2012-01-01,2,4,2,4,6
ALCALA,vacunaciones en ninos de 12 a 23 meses,l 18.1       srp dosis unica,2012-01-01,3,0,3,0,3
ALTO BENI,vacunaciones en ninos de 12 a 23 meses,l 18.1       srp dosis unica,2012-01-01,20,0,20,0,20
ANCORAIMES,vacunaciones en ninos de 12 a 23 meses,l 18.1       srp dosis unica,2012-01-01,9,2,9,2,11
ANDAMARCA,vacunaciones en ninos de 12 a 23 meses,l 18.1       srp dosis unica,2012-01-01,0,3,0,3,3
ANTEQUERA,vacunaciones en ninos de 12 a 23 meses,l 18.1       srp dosis unica,2012-01-01,4,0,4,0,4
ANZALDO,vacunaciones en ninos de 12 a 23 meses,l 18.1       srp dosis unica,2012-01-01,4,9,4,9,13
APOLO,vacunaciones en ninos de 12 a 23 meses,l 18.1       srp dosis unica,2012-01-01,21,21,21,21,42
ARAMPAMPA,vacunaciones en ninos de 12 a 23 meses,l 18.1       srp dosis unica,2012-01-01,3,4,3,4,7
ARANI,vacunaciones en ninos de 12 a 23 meses,l 18.1       srp dosis unica,2012-01-01,18,6,18,6,24
ARBIETO,vacunaciones en ninos de 12 a 23 meses,l 18.1       srp dosis unica,2012-01-01,12,22,12,22,34
ARQUE,vacunaciones en ninos de 12 a 23 meses,l 18.1       srp dosis unica,2012-01-01,16,1,16,1,17
ASCENCION DE GUARAYOS,vacunaciones en ninos de 12 a 23 meses,l 18.1       srp dosis unica,2012-01-01,75,16,75,16,91
ATOCHA,vacunaciones en ninos de 12 a 23 meses,l 18.1       srp dosis unica,2012-01-01,18,14,18,14,32
AUCAPATA,vacunaciones en ninos de 12 a 23 meses,l 18.1       srp dosis unica,2012-01-01,6,1,6,1,7
AYATA,vacunaciones en ninos de 12 a 23 meses,l 18.1       srp dosis unica,2012-01-01,7,3,7,3,10
AYO AYO,vacunaciones en ninos de 12 a 23 meses,l 18.1       srp dosis unica,2012-01-01,9,1,9,1,10
AYOPAYA (V. DE INDEPENDENCIA),vacunaciones en ninos de 12 a 23 meses,l 18.1       srp dosis unica,2012-01-01,23,13,23,13,36
AZURDUY,vacunaciones en ninos de 12 a 23 meses,l 18.1       srp dosis unica,2012-01-01,8,8,8,8,16
BATALLAS,vacunaciones en ninos de 12 a 23 meses,l 18.1       srp dosis unica,2012-01-01,15,6,15,6,21
BAURES,vacunaciones en ninos de 12 a 23 meses,l 18.1       srp dosis unica,2012-01-01,11,0,11,0,11
BELEN DE URMIRI,vacunaciones en ninos de 12 a 23 meses,l 18.1       srp dosis unica,2012-01-01,0,3,0,3,3
BERMEJO,vacunaciones en ninos de 12 a 23 meses,l 18.1       srp dosis unica,2012-01-01,45,3,45,3,48
BETANZOS,vacunaciones en ninos de 12 a 23 meses,l 18.1       srp dosis unica,2012-01-01,26,9,26,9,35
BOLIVAR,vacunaciones en ninos de 12 a 23 meses,l 18.1       srp dosis unica,2012-01-01,0,9,0,9,9
BOLPEBRA,vacunaciones en ninos de 12 a 23 meses,l 18.1       srp dosis unica,2012-01-01,1,3,1,3,4
BOYUIBE,vacunaciones en ninos de 12 a 23 meses,l 18.1       srp dosis unica,2012-01-01,0,6,0,6,6
BUENA VISTA,vacunaciones en ninos de 12 a 23 meses,l 18.1       srp dosis unica,2012-01-01,21,18,21,18,39
CABEZAS,vacunaciones en ninos de 12 a 23 meses,l 18.1       srp dosis unica,2012-01-01,41,10,41,10,51
CAIROMA,vacunaciones en ninos de 12 a 23 meses,l 18.1       srp dosis unica,2012-01-01,15,2,15,2,17
"CAIZA ""D""",vacunaciones en ninos de 12 a 23 meses,l 18.1       srp dosis unica,2012-01-01,13,9,13,9,22
CAJUATA,vacunaciones en ninos de 12 a 23 meses,l 18.1       srp dosis unica,2012-01-01,17,7,17,7,24
CALACOTO,vacunaciones en ninos de 12 a 23 meses,l 18.1       srp dosis unica,2012-01-01,2,3,2,3,5
CALAMARCA,vacunaciones en ninos de 12 a 23 meses,l 18.1       srp dosis unica,2012-01-01,14,9,14,9,23
CAMARGO,vacunaciones en ninos de 12 a 23 meses,l 18.1       srp dosis unica,2012-01-01,15,7,15,7,22
CAMATAQUI (C. VILLA ABECIA),vacunaciones en ninos de 12 a 23 meses,l 18.1       srp dosis unica,2012-01-01,1,4,1,4,5
CAMIRI,vacunaciones en ninos de 12 a 23 meses,l 18.1       srp dosis unica,2012-01-01,59,11,59,11,70
CAPINOTA,vacunaciones en ninos de 12 a 23 meses,l 18.1       srp dosis unica,2012-01-01,50,4,50,4,54
CAQUIAVIRI,vacunaciones en ninos de 12 a 23 meses,l 18.1       srp dosis unica,2012-01-01,6,7,6,7,13
CARACOLLO,vacunaciones en ninos de 12 a 23 meses,l 18.1       srp dosis unica,2012-01-01,32,14,32,14,46
CARANAVI,vacunaciones en ninos de 12 a 23 meses,l 18.1       srp dosis unica,2012-01-01,72,10,72,10,82
CARAPARI,vacunaciones en ninos de 12 a 23 meses,l 18.1       srp dosis unica,2012-01-01,7,4,7,4,11
CARIPUYO,vacunaciones en ninos de 12 a 23 meses,l 18.1       srp dosis unica,2012-01-01,0,2,0,2,2
CARMEN RIVERO TORREZ,vacunaciones en ninos de 12 a 23 meses,l 18.1       srp dosis unica,2012-01-01,1,9,1,9,10
CHACARILLA,vacunaciones en ninos de 12 a 23 meses,l 18.1       srp dosis unica,2012-01-01,1,1,1,1,2
CHALLAPATA,vacunaciones en ninos de 12 a 23 meses,l 18.1       srp dosis unica,2012-01-01,27,57,27,57,84
CHAQUI,vacunaciones en ninos de 12 a 23 meses,l 18.1       srp dosis unica,2012-01-01,5,6,5,6,11
CHARAGUA,vacunaciones en ninos de 12 a 23 meses,l 18.1       srp dosis unica,2012-01-01,16,42,16,42,58
CHARAÑA,vacunaciones en ninos de 12 a 23 meses,l 18.1       srp dosis unica,2012-01-01,3,1,3,1,4
CHAYANTA,vacunaciones en ninos de 12 a 23 meses,l 18.1       srp dosis unica,2012-01-01,12,4,12,4,16
CHIMORE,vacunaciones en ninos de 12 a 23 meses,l 18.1       srp dosis unica,2012-01-01,30,7,30,7,37
CHIPAYA,vacunaciones en ninos de 12 a 23 meses,l 18.1       srp dosis unica,2012-01-01,4,0,4,0,4
CHOQUE COTA,vacunaciones en ninos de 12 a 23 meses,l 18.1       srp dosis unica,2012-01-01,2,1,2,1,3
CHULUMANI (V. DE LA LIBERTAD),vacunaciones en ninos de 12 a 23 meses,l 18.1       srp dosis unica,2012-01-01,25,8,25,8,33
CHUMA,vacunaciones en ninos de 12 a 23 meses,l 18.1       srp dosis unica,2012-01-01,7,1,7,1,8
CHUQUIHUTA AYLLU JUCUMANI,vacunaciones en ninos de 12 a 23 meses,l 18.1       srp dosis unica,2012-01-01,12,10,12,10,22
CKOCHAS,vacunaciones en ninos de 12 a 23 meses,l 18.1       srp dosis unica,2012-01-01,14,8,14,8,22
CLIZA,vacunaciones en ninos de 12 a 23 meses,l 18.1       srp dosis unica,2012-01-01,31,11,31,11,42
COBIJA,vacunaciones en ninos de 12 a 23 meses,l 18.1       srp dosis unica,2012-01-01,79,22,79,22,101
COCAPATA,vacunaciones en ninos de 12 a 23 meses,l 18.1       srp dosis unica,2012-01-01,6,9,6,9,15
COCHABAMBA,vacunaciones en ninos de 12 a 23 meses,l 18.1       srp dosis unica,2012-01-01,1150,10,1150,10,1160
COIPASA,vacunaciones en ninos de 12 a 23 meses,l 18.1       srp dosis unica,2012-01-01,0,1,0,1,1
COLCAPIRHUA,vacunaciones en ninos de 12 a 23 meses,l 18.1       srp dosis unica,2012-01-01,114,19,114,19,133
"COLCHA ""K""",vacunaciones en ninos de 12 a 23 meses,l 18.1       srp dosis unica,2012-01-01,14,0,14,0,14
COLLANA,vacunaciones en ninos de 12 a 23 meses,l 18.1       srp dosis unica,2012-01-01,2,0,2,0,2
COLOMI,vacunaciones en ninos de 12 a 23 meses,l 18.1       srp dosis unica,2012-01-01,30,6,30,6,36
COLPA BELGICA,vacunaciones en ninos de 12 a 23 meses,l 18.1       srp dosis unica,2012-01-01,11,2,11,2,13
COLQUECHACA,vacunaciones en ninos de 12 a 23 meses,l 18.1       srp dosis unica,2012-01-01,25,49,25,49,74
COLQUENCHA,vacunaciones en ninos de 12 a 23 meses,l 18.1       srp dosis unica,2012-01-01,8,7,8,7,15
COLQUIRI,vacunaciones en ninos de 12 a 23 meses,l 18.1       srp dosis unica,2012-01-01,7,30,7,30,37
COMANCHE,vacunaciones en ninos de 12 a 23 meses,l 18.1       srp dosis unica,2012-01-01,1,2,1,2,3
COMARAPA,vacunaciones en ninos de 12 a 23 meses,l 18.1       srp dosis unica,2012-01-01,22,8,22,8,30
COMBAYA,vacunaciones en ninos de 12 a 23 meses,l 18.1       srp dosis unica,2012-01-01,0,7,0,7,7
CONCEPCION,vacunaciones en ninos de 12 a 23 meses,l 18.1       srp dosis unica,2012-01-01,24,0,24,0,24
COPACABANA,vacunaciones en ninos de 12 a 23 meses,l 18.1       srp dosis unica,2012-01-01,15,23,15,23,38
CORIPATA,vacunaciones en ninos de 12 a 23 meses,l 18.1       srp dosis unica,2012-01-01,18,14,18,14,32
CORO CORO,vacunaciones en ninos de 12 a 23 meses,l 18.1       srp dosis unica,2012-01-01,4,8,4,8,12
COROICO,vacunaciones en ninos de 12 a 23 meses,l 18.1       srp dosis unica,2012-01-01,18,2,18,2,20
CORQUE,vacunaciones en ninos de 12 a 23 meses,l 18.1       srp dosis unica,2012-01-01,8,3,8,3,11
COTAGAITA,vacunaciones en ninos de 12 a 23 meses,l 18.1       srp dosis unica,2012-01-01,17,22,17,22,39
COTOCA,vacunaciones en ninos de 12 a 23 meses,l 18.1       srp dosis unica,2012-01-01,85,9,85,9,94
CUATRO CAÑADAS,vacunaciones en ninos de 12 a 23 meses,l 18.1       srp dosis unica,2012-01-01,22,12,22,12,34
CUCHUMUELA (V. G. VILLARROEL),vacunaciones en ninos de 12 a 23 meses,l 18.1       srp dosis unica,2012-01-01,6,0,6,0,6
CUEVO,vacunaciones en ninos de 12 a 23 meses,l 18.1       srp dosis unica,2012-01-01,4,7,4,7,11
CULPINA,vacunaciones en ninos de 12 a 23 meses,l 18.1       srp dosis unica,2012-01-01,19,12,19,12,31
CURAHUARA DE CARANGAS,vacunaciones en ninos de 12 a 23 meses,l 18.1       srp dosis unica,2012-01-01,10,2,10,2,12
CURVA,vacunaciones en ninos de 12 a 23 meses,l 18.1       srp dosis unica,2012-01-01,2,3,2,3,5
DESAGUADERO,vacunaciones en ninos de 12 a 23 meses,l 18.1       srp dosis unica,2012-01-01,1,2,1,2,3
EL ALTO,vacunaciones en ninos de 12 a 23 meses,l 18.1       srp dosis unica,2012-01-01,1447,37,1447,37,1484
EL CHORO,vacunaciones en ninos de 12 a 23 meses,l 18.1       srp dosis unica,2012-01-01,12,0,12,0,12
EL PUENTE(STC),vacunaciones en ninos de 12 a 23 meses,l 18.1       srp dosis unica,2012-01-01,38,0,38,0,38
EL PUENTE(TJA),vacunaciones en ninos de 12 a 23 meses,l 18.1       srp dosis unica,2012-01-01,20,5,20,5,25
EL TORNO,vacunaciones en ninos de 12 a 23 meses,l 18.1       srp dosis unica,2012-01-01,95,14,95,14,109
EL VILLAR,vacunaciones en ninos de 12 a 23 meses,l 18.1       srp dosis unica,2012-01-01,4,0,4,0,4
ENTRE RIOS TRJ,vacunaciones en ninos de 12 a 23 meses,l 18.1       srp dosis unica,2012-01-01,30,3,30,3,33
ENTRE RIOS CBBA,vacunaciones en ninos de 12 a 23 meses,l 18.1       srp dosis unica,2012-01-01,42,0,42,0,42
ESCOMA,vacunaciones en ninos de 12 a 23 meses,l 18.1       srp dosis unica,2012-01-01,6,1,6,1,7
EUCALIPTUS,vacunaciones en ninos de 12 a 23 meses,l 18.1       srp dosis unica,2012-01-01,5,1,5,1,6
EUREKA (SANTOS MERCADO),vacunaciones en ninos de 12 a 23 meses,l 18.1       srp dosis unica,2012-01-01,2,2,2,2,4
EXALTACION,vacunaciones en ninos de 12 a 23 meses,l 18.1       srp dosis unica,2012-01-01,4,1,4,1,5
FERNANDEZ ALONSO,vacunaciones en ninos de 12 a 23 meses,l 18.1       srp dosis unica,2012-01-01,15,14,15,14,29
FILADELFIA,vacunaciones en ninos de 12 a 23 meses,l 18.1       srp dosis unica,2012-01-01,2,7,2,7,9
GENERAL SAAVEDRA,vacunaciones en ninos de 12 a 23 meses,l 18.1       srp dosis unica,2012-01-01,31,34,31,34,65
GRAL. J.J. PEREZ (CHARAZANI),vacunaciones en ninos de 12 a 23 meses,l 18.1       srp dosis unica,2012-01-01,8,14,8,14,22
GUANAY,vacunaciones en ninos de 12 a 23 meses,l 18.1       srp dosis unica,2012-01-01,13,16,13,16,29
GUAQUI,vacunaciones en ninos de 12 a 23 meses,l 18.1       srp dosis unica,2012-01-01,1,10,1,10,11
GUAYARAMERIN,vacunaciones en ninos de 12 a 23 meses,l 18.1       srp dosis unica,2012-01-01,47,11,47,11,58
GUTIERREZ,vacunaciones en ninos de 12 a 23 meses,l 18.1       srp dosis unica,2012-01-01,9,13,9,13,22
HUACARETA,vacunaciones en ninos de 12 a 23 meses,l 18.1       srp dosis unica,2012-01-01,8,4,8,4,12
HUACAYA (VILLA DE HUACAYA),vacunaciones en ninos de 12 a 23 meses,l 18.1       srp dosis unica,2012-01-01,1,9,1,9,10
HUANUNI,vacunaciones en ninos de 12 a 23 meses,l 18.1       srp dosis unica,2012-01-01,30,20,30,20,50
HUARACAJE,vacunaciones en ninos de 12 a 23 meses,l 18.1       srp dosis unica,2012-01-01,11,0,11,0,11
HUARINA,vacunaciones en ninos de 12 a 23 meses,l 18.1       srp dosis unica,2012-01-01,3,4,3,4,7
HUAYLLAMARCA,vacunaciones en ninos de 12 a 23 meses,l 18.1       srp dosis unica,2012-01-01,1,0,1,0,1
HUMANATA,vacunaciones en ninos de 12 a 23 meses,l 18.1       srp dosis unica,2012-01-01,2,0,2,0,2
ICHOCA,vacunaciones en ninos de 12 a 23 meses,l 18.1       srp dosis unica,2012-01-01,1,9,1,9,10
ICLA,vacunaciones en ninos de 12 a 23 meses,l 18.1       srp dosis unica,2012-01-01,5,12,5,12,17
INCAHUASI,vacunaciones en ninos de 12 a 23 meses,l 18.1       srp dosis unica,2012-01-01,15,5,15,5,20
INQUISIVI,vacunaciones en ninos de 12 a 23 meses,l 18.1       srp dosis unica,2012-01-01,6,10,6,10,16
IRUPANA (VILLA DE LANZA),vacunaciones en ninos de 12 a 23 meses,l 18.1       srp dosis unica,2012-01-01,7,6,7,6,13
IXIAMAS,vacunaciones en ninos de 12 a 23 meses,l 18.1       srp dosis unica,2012-01-01,7,24,7,24,31
JESUS DE MACHACA,vacunaciones en ninos de 12 a 23 meses,l 18.1       srp dosis unica,2012-01-01,10,1,10,1,11
LA ASUNTA,vacunaciones en ninos de 12 a 23 meses,l 18.1       srp dosis unica,2012-01-01,59,12,59,12,71
LA GUARDIA,vacunaciones en ninos de 12 a 23 meses,l 18.1       srp dosis unica,2012-01-01,126,9,126,9,135
LA PAZ,vacunaciones en ninos de 12 a 23 meses,l 18.1       srp dosis unica,2012-01-01,1145,23,1145,23,1168
LA RIVERA,vacunaciones en ninos de 12 a 23 meses,l 18.1       srp dosis unica,2012-01-01,0,1,0,1,1
LAGUNILLAS,vacunaciones en ninos de 12 a 23 meses,l 18.1       srp dosis unica,2012-01-01,2,11,2,11,13
LAJA,vacunaciones en ninos de 12 a 23 meses,l 18.1       srp dosis unica,2012-01-01,21,8,21,8,29
LICOMA PAMPA,vacunaciones en ninos de 12 a 23 meses,l 18.1       srp dosis unica,2012-01-01,2,0,2,0,2
LLALLAGUA,vacunaciones en ninos de 12 a 23 meses,l 18.1       srp dosis unica,2012-01-01,58,32,58,32,90
LLICA,vacunaciones en ninos de 12 a 23 meses,l 18.1       srp dosis unica,2012-01-01,5,0,5,0,5
LORETO,vacunaciones en ninos de 12 a 23 meses,l 18.1       srp dosis unica,2012-01-01,2,25,2,25,27
LURIBAY,vacunaciones en ninos de 12 a 23 meses,l 18.1       srp dosis unica,2012-01-01,2,0,2,0,2
MACHACAMARCA,vacunaciones en ninos de 12 a 23 meses,l 18.1       srp dosis unica,2012-01-01,9,0,9,0,9
MACHARETI,vacunaciones en ninos de 12 a 23 meses,l 18.1       srp dosis unica,2012-01-01,4,16,4,16,20
MAGDALENA,vacunaciones en ninos de 12 a 23 meses,l 18.1       srp dosis unica,2012-01-01,12,20,12,20,32
MAIRANA,vacunaciones en ninos de 12 a 23 meses,l 18.1       srp dosis unica,2012-01-01,33,0,33,0,33
MALLA,vacunaciones en ninos de 12 a 23 meses,l 18.1       srp dosis unica,2012-01-01,0,10,0,10,10
MAPIRI,vacunaciones en ninos de 12 a 23 meses,l 18.1       srp dosis unica,2012-01-01,20,0,20,0,20
MECAPACA,vacunaciones en ninos de 12 a 23 meses,l 18.1       srp dosis unica,2012-01-01,6,8,6,8,14
MINEROS,vacunaciones en ninos de 12 a 23 meses,l 18.1       srp dosis unica,2012-01-01,26,20,26,20,46
MIZQUE,vacunaciones en ninos de 12 a 23 meses,l 18.1       srp dosis unica,2012-01-01,39,10,39,10,49
MOCOMOCO,vacunaciones en ninos de 12 a 23 meses,l 18.1       srp dosis unica,2012-01-01,16,9,16,9,25
MOJOCOYA,vacunaciones en ninos de 12 a 23 meses,l 18.1       srp dosis unica,2012-01-01,2,13,2,13,15
MONTEAGUDO,vacunaciones en ninos de 12 a 23 meses,l 18.1       srp dosis unica,2012-01-01,30,7,30,7,37
MONTERO,vacunaciones en ninos de 12 a 23 meses,l 18.1       srp dosis unica,2012-01-01,154,13,154,13,167
MORO MORO,vacunaciones en ninos de 12 a 23 meses,l 18.1       srp dosis unica,2012-01-01,4,2,4,2,6
MOROCHATA,vacunaciones en ninos de 12 a 23 meses,l 18.1       srp dosis unica,2012-01-01,15,23,15,23,38
NAZACARA DE PACAJES,vacunaciones en ninos de 12 a 23 meses,l 18.1       srp dosis unica,2012-01-01,3,0,3,0,3
NUEVO MANOA (NUEVA ESPERANZA),vacunaciones en ninos de 12 a 23 meses,l 18.1       srp dosis unica,2012-01-01,1,6,1,6,7
OCURI,vacunaciones en ninos de 12 a 23 meses,l 18.1       srp dosis unica,2012-01-01,11,22,11,22,33
OKINAWA,vacunaciones en ninos de 12 a 23 meses,l 18.1       srp dosis unica,2012-01-01,17,4,17,4,21
OMEREQUE,vacunaciones en ninos de 12 a 23 meses,l 18.1       srp dosis unica,2012-01-01,4,8,4,8,12
ORURO,vacunaciones en ninos de 12 a 23 meses,l 18.1       srp dosis unica,2012-01-01,498,3,498,3,501
PADCAYA,vacunaciones en ninos de 12 a 23 meses,l 18.1       srp dosis unica,2012-01-01,22,2,22,2,24
PADILLA,vacunaciones en ninos de 12 a 23 meses,l 18.1       srp dosis unica,2012-01-01,21,2,21,2,23
PAILON,vacunaciones en ninos de 12 a 23 meses,l 18.1       srp dosis unica,2012-01-01,39,0,39,0,39
PALCA,vacunaciones en ninos de 12 a 23 meses,l 18.1       srp dosis unica,2012-01-01,20,15,20,15,35
PALOS BLANCOS,vacunaciones en ninos de 12 a 23 meses,l 18.1       srp dosis unica,2012-01-01,43,26,43,26,69
PAMPA AULLAGAS,vacunaciones en ninos de 12 a 23 meses,l 18.1       srp dosis unica,2012-01-01,4,2,4,2,6
PAMPA GRANDE,vacunaciones en ninos de 12 a 23 meses,l 18.1       srp dosis unica,2012-01-01,20,3,20,3,23
PAPEL PAMPA,vacunaciones en ninos de 12 a 23 meses,l 18.1       srp dosis unica,2012-01-01,3,5,3,5,8
PASORAPA,vacunaciones en ninos de 12 a 23 meses,l 18.1       srp dosis unica,2012-01-01,8,0,8,0,8
PATACAMAYA,vacunaciones en ninos de 12 a 23 meses,l 18.1       srp dosis unica,2012-01-01,42,5,42,5,47
PAZÑA,vacunaciones en ninos de 12 a 23 meses,l 18.1       srp dosis unica,2012-01-01,3,5,3,5,8
PELECHUCO,vacunaciones en ninos de 12 a 23 meses,l 18.1       srp dosis unica,2012-01-01,3,5,3,5,8
POCOATA,vacunaciones en ninos de 12 a 23 meses,l 18.1       srp dosis unica,2012-01-01,7,16,7,16,23
POCONA,vacunaciones en ninos de 12 a 23 meses,l 18.1       srp dosis unica,2012-01-01,8,9,8,9,17
POJO (CBBA),vacunaciones en ninos de 12 a 23 meses,l 18.1       srp dosis unica,2012-01-01,9,10,9,10,19
POOPO,vacunaciones en ninos de 12 a 23 meses,l 18.1       srp dosis unica,2012-01-01,4,0,4,0,4
PORCO,vacunaciones en ninos de 12 a 23 meses,l 18.1       srp dosis unica,2012-01-01,24,10,24,10,34
POROMA,vacunaciones en ninos de 12 a 23 meses,l 18.1       srp dosis unica,2012-01-01,11,12,11,12,23
PORONGO,vacunaciones en ninos de 12 a 23 meses,l 18.1       srp dosis unica,2012-01-01,8,10,8,10,18
PORTACHUELO,vacunaciones en ninos de 12 a 23 meses,l 18.1       srp dosis unica,2012-01-01,40,6,40,6,46
PORVENIR,vacunaciones en ninos de 12 a 23 meses,l 18.1       srp dosis unica,2012-01-01,3,0,3,0,3
POSTRER VALLE,vacunaciones en ninos de 12 a 23 meses,l 18.1       srp dosis unica,2012-01-01,6,1,6,1,7
POTOSI,vacunaciones en ninos de 12 a 23 meses,l 18.1       srp dosis unica,2012-01-01,322,11,322,11,333
PRESTO,vacunaciones en ninos de 12 a 23 meses,l 18.1       srp dosis unica,2012-01-01,3,7,3,7,10
PUCARA,vacunaciones en ninos de 12 a 23 meses,l 18.1       srp dosis unica,2012-01-01,3,0,3,0,3
PUCARANI,vacunaciones en ninos de 12 a 23 meses,l 18.1       srp dosis unica,2012-01-01,19,17,19,17,36
PUERTO ACOSTA,vacunaciones en ninos de 12 a 23 meses,l 18.1       srp dosis unica,2012-01-01,3,8,3,8,11
PUERTO CARABUCO,vacunaciones en ninos de 12 a 23 meses,l 18.1       srp dosis unica,2012-01-01,2,13,2,13,15
PUERTO GONZALO MORENO,vacunaciones en ninos de 12 a 23 meses,l 18.1       srp dosis unica,2012-01-01,2,5,2,5,7
PUERTO PEREZ,vacunaciones en ninos de 12 a 23 meses,l 18.1       srp dosis unica,2012-01-01,6,2,6,2,8
PUERTO QUIJARRO,vacunaciones en ninos de 12 a 23 meses,l 18.1       srp dosis unica,2012-01-01,17,18,17,18,35
PUERTO RICO,vacunaciones en ninos de 12 a 23 meses,l 18.1       srp dosis unica,2012-01-01,9,15,9,15,24
PUERTO SILES,vacunaciones en ninos de 12 a 23 meses,l 18.1       srp dosis unica,2012-01-01,3,0,3,0,3
PUERTO SUAREZ,vacunaciones en ninos de 12 a 23 meses,l 18.1       srp dosis unica,2012-01-01,19,10,19,10,29
PUERTO VILLARROEL,vacunaciones en ninos de 12 a 23 meses,l 18.1       srp dosis unica,2012-01-01,55,22,55,22,77
PUNA,vacunaciones en ninos de 12 a 23 meses,l 18.1       srp dosis unica,2012-01-01,15,21,15,21,36
PUNATA,vacunaciones en ninos de 12 a 23 meses,l 18.1       srp dosis unica,2012-01-01,49,7,49,7,56
QUIABAYA,vacunaciones en ninos de 12 a 23 meses,l 18.1       srp dosis unica,2012-01-01,6,2,6,2,8
QUILLACOLLO,vacunaciones en ninos de 12 a 23 meses,l 18.1       srp dosis unica,2012-01-01,182,16,182,16,198
QUIME,vacunaciones en ninos de 12 a 23 meses,l 18.1       srp dosis unica,2012-01-01,2,19,2,19,21
QUIRUSILLAS,vacunaciones en ninos de 12 a 23 meses,l 18.1       srp dosis unica,2012-01-01,3,1,3,1,4
RAVELO,vacunaciones en ninos de 12 a 23 meses,l 18.1       srp dosis unica,2012-01-01,10,25,10,25,35
REYES,vacunaciones en ninos de 12 a 23 meses,l 18.1       srp dosis unica,2012-01-01,22,30,22,30,52
RIBERALTA,vacunaciones en ninos de 12 a 23 meses,l 18.1       srp dosis unica,2012-01-01,166,55,166,55,221
ROBORE,vacunaciones en ninos de 12 a 23 meses,l 18.1       srp dosis unica,2012-01-01,27,8,27,8,35
RURRENABAQUE,vacunaciones en ninos de 12 a 23 meses,l 18.1       srp dosis unica,2012-01-01,25,0,25,0,25
SABAYA,vacunaciones en ninos de 12 a 23 meses,l 18.1       srp dosis unica,2012-01-01,5,5,5,5,10
SACABA,vacunaciones en ninos de 12 a 23 meses,l 18.1       srp dosis unica,2012-01-01,193,34,193,34,227
SACABAMBA,vacunaciones en ninos de 12 a 23 meses,l 18.1       srp dosis unica,2012-01-01,2,11,2,11,13
SACACA,vacunaciones en ninos de 12 a 23 meses,l 18.1       srp dosis unica,2012-01-01,25,14,25,14,39
SAIPINA,vacunaciones en ninos de 12 a 23 meses,l 18.1       srp dosis unica,2012-01-01,1,10,1,10,11
SALINAS DE GARCI MENDOZA,vacunaciones en ninos de 12 a 23 meses,l 18.1       srp dosis unica,2012-01-01,14,6,14,6,20
SAMAIPATA,vacunaciones en ninos de 12 a 23 meses,l 18.1       srp dosis unica,2012-01-01,6,14,6,14,20
SAN ANDRES,vacunaciones en ninos de 12 a 23 meses,l 18.1       srp dosis unica,2012-01-01,12,3,12,3,15
SAN ANDRES DE MACHACA,vacunaciones en ninos de 12 a 23 meses,l 18.1       srp dosis unica,2012-01-01,2,2,2,2,4
SAN ANTONIO DE ESMORUCO,vacunaciones en ninos de 12 a 23 meses,l 18.1       srp dosis unica,2012-01-01,2,0,2,0,2
SAN ANTONIO DE LOMERIO,vacunaciones en ninos de 12 a 23 meses,l 18.1       srp dosis unica,2012-01-01,2,12,2,12,14
SAN BENITO,vacunaciones en ninos de 12 a 23 meses,l 18.1       srp dosis unica,2012-01-01,7,17,7,17,24
SAN BORJA,vacunaciones en ninos de 12 a 23 meses,l 18.1       srp dosis unica,2012-01-01,77,16,77,16,93
SAN BUENA VENTURA,vacunaciones en ninos de 12 a 23 meses,l 18.1       srp dosis unica,2012-01-01,7,5,7,5,12
SAN CARLOS,vacunaciones en ninos de 12 a 23 meses,l 18.1       srp dosis unica,2012-01-01,47,3,47,3,50
SAN IGNACIO,vacunaciones en ninos de 12 a 23 meses,l 18.1       srp dosis unica,2012-01-01,37,22,37,22,59
SAN IGNACIO DE VELASCO,vacunaciones en ninos de 12 a 23 meses,l 18.1       srp dosis unica,2012-01-01,104,30,104,30,134
SAN JAVIER(BNI),vacunaciones en ninos de 12 a 23 meses,l 18.1       srp dosis unica,2012-01-01,6,0,6,0,6
SAN JAVIER(STC),vacunaciones en ninos de 12 a 23 meses,l 18.1       srp dosis unica,2012-01-01,15,0,15,0,15
SAN JOAQUIN,vacunaciones en ninos de 12 a 23 meses,l 18.1       srp dosis unica,2012-01-01,2,5,2,5,7
SAN JOSE DE CHIQUITOS,vacunaciones en ninos de 12 a 23 meses,l 18.1       srp dosis unica,2012-01-01,27,0,27,0,27
SAN JUAN DE YAPACANI,vacunaciones en ninos de 12 a 23 meses,l 18.1       srp dosis unica,2012-01-01,11,10,11,10,21
SAN JULIAN,vacunaciones en ninos de 12 a 23 meses,l 18.1       srp dosis unica,2012-01-01,43,62,43,62,105
SAN LORENZO(PND),vacunaciones en ninos de 12 a 23 meses,l 18.1       srp dosis unica,2012-01-01,6,12,6,12,18
SAN LORENZO(TJA),vacunaciones en ninos de 12 a 23 meses,l 18.1       srp dosis unica,2012-01-01,20,6,20,6,26
SAN LUCAS,vacunaciones en ninos de 12 a 23 meses,l 18.1       srp dosis unica,2012-01-01,20,45,20,45,65
SAN MATIAS,vacunaciones en ninos de 12 a 23 meses,l 18.1       srp dosis unica,2012-01-01,12,0,12,0,12
SAN MIGUEL DE VELASCO,vacunaciones en ninos de 12 a 23 meses,l 18.1       srp dosis unica,2012-01-01,17,7,17,7,24
SAN PABLO DE LIPEZ,vacunaciones en ninos de 12 a 23 meses,l 18.1       srp dosis unica,2012-01-01,0,1,0,1,1
SAN PEDRO,vacunaciones en ninos de 12 a 23 meses,l 18.1       srp dosis unica,2012-01-01,22,5,22,5,27
SAN PEDRO DE BUENA VISTA,vacunaciones en ninos de 12 a 23 meses,l 18.1       srp dosis unica,2012-01-01,21,18,21,18,39
SAN PEDRO DE CURAHUARA,vacunaciones en ninos de 12 a 23 meses,l 18.1       srp dosis unica,2012-01-01,3,6,3,6,9
SAN PEDRO DE TIQUINA,vacunaciones en ninos de 12 a 23 meses,l 18.1       srp dosis unica,2012-01-01,5,3,5,3,8
SAN PEDRO(PND),vacunaciones en ninos de 12 a 23 meses,l 18.1       srp dosis unica,2012-01-01,0,2,0,2,2
SAN RAFAEL,vacunaciones en ninos de 12 a 23 meses,l 18.1       srp dosis unica,2012-01-01,3,10,3,10,13
SAN RAMON BENI,vacunaciones en ninos de 12 a 23 meses,l 18.1       srp dosis unica,2012-01-01,1,14,1,14,15
SAN RAMON SCZ,vacunaciones en ninos de 12 a 23 meses,l 18.1       srp dosis unica,2012-01-01,16,0,16,0,16
SANTA ANA,vacunaciones en ninos de 12 a 23 meses,l 18.1       srp dosis unica,2012-01-01,33,0,33,0,33
SANTA CRUZ DE LA SIERRA,vacunaciones en ninos de 12 a 23 meses,l 18.1       srp dosis unica,2012-01-01,2030,108,2030,108,2138
SANTA ROSA,vacunaciones en ninos de 12 a 23 meses,l 18.1       srp dosis unica,2012-01-01,21,11,21,11,32
SANTA ROSA DEL SARA,vacunaciones en ninos de 12 a 23 meses,l 18.1       srp dosis unica,2012-01-01,32,3,32,3,35
SANTIAGO DE CALLAPA,vacunaciones en ninos de 12 a 23 meses,l 18.1       srp dosis unica,2012-01-01,2,3,2,3,5
SANTIAGO DE HUARI,vacunaciones en ninos de 12 a 23 meses,l 18.1       srp dosis unica,2012-01-01,1,4,1,4,5
SANTIAGO DE HUATA,vacunaciones en ninos de 12 a 23 meses,l 18.1       srp dosis unica,2012-01-01,7,9,7,9,16
SANTIAGO DE MACHACA,vacunaciones en ninos de 12 a 23 meses,l 18.1       srp dosis unica,2012-01-01,2,0,2,0,2
SANTIVAÑES,vacunaciones en ninos de 12 a 23 meses,l 18.1       srp dosis unica,2012-01-01,2,13,2,13,15
SANTUARIO DE QUILLACAS,vacunaciones en ninos de 12 a 23 meses,l 18.1       srp dosis unica,2012-01-01,0,1,0,1,1
SAPAHAQUI,vacunaciones en ninos de 12 a 23 meses,l 18.1       srp dosis unica,2012-01-01,9,4,9,4,13
SENA,vacunaciones en ninos de 12 a 23 meses,l 18.1       srp dosis unica,2012-01-01,1,0,1,0,1
SHINAOTA,vacunaciones en ninos de 12 a 23 meses,l 18.1       srp dosis unica,2012-01-01,35,5,35,5,40
SICA SICA (VILLA AROMA),vacunaciones en ninos de 12 a 23 meses,l 18.1       srp dosis unica,2012-01-01,28,12,28,12,40
SICAYA,vacunaciones en ninos de 12 a 23 meses,l 18.1       srp dosis unica,2012-01-01,0,7,0,7,7
SIPE SIPE,vacunaciones en ninos de 12 a 23 meses,l 18.1       srp dosis unica,2012-01-01,61,11,61,11,72
SOPACHUY,vacunaciones en ninos de 12 a 23 meses,l 18.1       srp dosis unica,2012-01-01,5,2,5,2,7
SORACACHI,vacunaciones en ninos de 12 a 23 meses,l 18.1       srp dosis unica,2012-01-01,9,6,9,6,15
SORATA,vacunaciones en ninos de 12 a 23 meses,l 18.1       srp dosis unica,2012-01-01,12,18,12,18,30
SUCRE,vacunaciones en ninos de 12 a 23 meses,l 18.1       srp dosis unica,2012-01-01,359,6,359,6,365
TACACHI,vacunaciones en ninos de 12 a 23 meses,l 18.1       srp dosis unica,2012-01-01,1,0,1,0,1
TACACOMA,vacunaciones en ninos de 12 a 23 meses,l 18.1       srp dosis unica,2012-01-01,18,9,18,9,27
TACOBAMBA,vacunaciones en ninos de 12 a 23 meses,l 18.1       srp dosis unica,2012-01-01,12,2,12,2,14
TACOPAYA,vacunaciones en ninos de 12 a 23 meses,l 18.1       srp dosis unica,2012-01-01,11,0,11,0,11
TAPACARI,vacunaciones en ninos de 12 a 23 meses,l 18.1       srp dosis unica,2012-01-01,33,18,33,18,51
TARABUCO,vacunaciones en ninos de 12 a 23 meses,l 18.1       srp dosis unica,2012-01-01,8,7,8,7,15
TARACO,vacunaciones en ninos de 12 a 23 meses,l 18.1       srp dosis unica,2012-01-01,5,1,5,1,6
TARATA,vacunaciones en ninos de 12 a 23 meses,l 18.1       srp dosis unica,2012-01-01,22,1,22,1,23
TARIJA,vacunaciones en ninos de 12 a 23 meses,l 18.1       srp dosis unica,2012-01-01,310,7,310,7,317
TARVITA,vacunaciones en ninos de 12 a 23 meses,l 18.1       srp dosis unica,2012-01-01,19,5,19,5,24
TEOPONTE,vacunaciones en ninos de 12 a 23 meses,l 18.1       srp dosis unica,2012-01-01,5,15,5,15,20
TIAWANACU,vacunaciones en ninos de 12 a 23 meses,l 18.1       srp dosis unica,2012-01-01,10,16,10,16,26
TINGUIPAYA,vacunaciones en ninos de 12 a 23 meses,l 18.1       srp dosis unica,2012-01-01,15,12,15,12,27
TIPUANI,vacunaciones en ninos de 12 a 23 meses,l 18.1       srp dosis unica,2012-01-01,13,5,13,5,18
TIQUIPAYA,vacunaciones en ninos de 12 a 23 meses,l 18.1       srp dosis unica,2012-01-01,85,22,85,22,107
TIRAQUE (CBBA),vacunaciones en ninos de 12 a 23 meses,l 18.1       srp dosis unica,2012-01-01,25,12,25,12,37
TITO YUPANQUI (PARQUIPUJIO),vacunaciones en ninos de 12 a 23 meses,l 18.1       srp dosis unica,2012-01-01,1,1,1,1,2
TOCO,vacunaciones en ninos de 12 a 23 meses,l 18.1       srp dosis unica,2012-01-01,0,1,0,1,1
TOLATA,vacunaciones en ninos de 12 a 23 meses,l 18.1       srp dosis unica,2012-01-01,6,2,6,2,8
TOLEDO,vacunaciones en ninos de 12 a 23 meses,l 18.1       srp dosis unica,2012-01-01,6,3,6,3,9
TOMAVE,vacunaciones en ninos de 12 a 23 meses,l 18.1       srp dosis unica,2012-01-01,4,6,4,6,10
TOMINA,vacunaciones en ninos de 12 a 23 meses,l 18.1       srp dosis unica,2012-01-01,8,16,8,16,24
TORO TORO,vacunaciones en ninos de 12 a 23 meses,l 18.1       srp dosis unica,2012-01-01,5,2,5,2,7
TOTORA(CBBA),vacunaciones en ninos de 12 a 23 meses,l 18.1       srp dosis unica,2012-01-01,18,5,18,5,23
TOTORA(ORR),vacunaciones en ninos de 12 a 23 meses,l 18.1       srp dosis unica,2012-01-01,5,0,5,0,5
TRIGAL,vacunaciones en ninos de 12 a 23 meses,l 18.1       srp dosis unica,2012-01-01,1,0,1,0,1
TRINIDAD,vacunaciones en ninos de 12 a 23 meses,l 18.1       srp dosis unica,2012-01-01,192,4,192,4,196
TUPIZA,vacunaciones en ninos de 12 a 23 meses,l 18.1       srp dosis unica,2012-01-01,58,12,58,12,70
TURCO,vacunaciones en ninos de 12 a 23 meses,l 18.1       srp dosis unica,2012-01-01,2,2,2,2,4
UMALA,vacunaciones en ninos de 12 a 23 meses,l 18.1       srp dosis unica,2012-01-01,5,14,5,14,19
UNCIA,vacunaciones en ninos de 12 a 23 meses,l 18.1       srp dosis unica,2012-01-01,18,4,18,4,22
URIONDO (A. CONCEPCION),vacunaciones en ninos de 12 a 23 meses,l 18.1       srp dosis unica,2012-01-01,17,5,17,5,22
URUBICHA,vacunaciones en ninos de 12 a 23 meses,l 18.1       srp dosis unica,2012-01-01,9,10,9,10,19
UYUNI,vacunaciones en ninos de 12 a 23 meses,l 18.1       srp dosis unica,2012-01-01,35,4,35,4,39
VACAS,vacunaciones en ninos de 12 a 23 meses,l 18.1       srp dosis unica,2012-01-01,5,21,5,21,26
VALLEGRANDE,vacunaciones en ninos de 12 a 23 meses,l 18.1       srp dosis unica,2012-01-01,27,5,27,5,32
VIACHA,vacunaciones en ninos de 12 a 23 meses,l 18.1       srp dosis unica,2012-01-01,118,10,118,10,128
VILA VILA,vacunaciones en ninos de 12 a 23 meses,l 18.1       srp dosis unica,2012-01-01,3,3,3,3,6
VILLA CHARCAS,vacunaciones en ninos de 12 a 23 meses,l 18.1       srp dosis unica,2012-01-01,18,7,18,7,25
VILLA MONTES,vacunaciones en ninos de 12 a 23 meses,l 18.1       srp dosis unica,2012-01-01,47,7,47,7,54
VILLA NUEVA (LOMA ALTA),vacunaciones en ninos de 12 a 23 meses,l 18.1       srp dosis unica,2012-01-01,3,6,3,6,9
VILLA RIVERO,vacunaciones en ninos de 12 a 23 meses,l 18.1       srp dosis unica,2012-01-01,4,11,4,11,15
VILLA SERRANO,vacunaciones en ninos de 12 a 23 meses,l 18.1       srp dosis unica,2012-01-01,26,18,26,18,44
VILLA TUNARI,vacunaciones en ninos de 12 a 23 meses,l 18.1       srp dosis unica,2012-01-01,124,42,124,42,166
VILLA VACA GUZMAN (MUYUPAMPA),vacunaciones en ninos de 12 a 23 meses,l 18.1       srp dosis unica,2012-01-01,7,7,7,7,14
VILLAZON,vacunaciones en ninos de 12 a 23 meses,l 18.1       srp dosis unica,2012-01-01,56,22,56,22,78
VINTO,vacunaciones en ninos de 12 a 23 meses,l 18.1       srp dosis unica,2012-01-01,84,0,84,0,84
VITICHI,vacunaciones en ninos de 12 a 23 meses,l 18.1       srp dosis unica,2012-01-01,7,1,7,1,8
WALDO BALLIVIAN,vacunaciones en ninos de 12 a 23 meses,l 18.1       srp dosis unica,2012-01-01,7,0,7,0,7
WARNES,vacunaciones en ninos de 12 a 23 meses,l 18.1       srp dosis unica,2012-01-01,143,34,143,34,177
YACO,vacunaciones en ninos de 12 a 23 meses,l 18.1       srp dosis unica,2012-01-01,2,14,2,14,16
YACUIBA,vacunaciones en ninos de 12 a 23 meses,l 18.1       srp dosis unica,2012-01-01,109,10,109,10,119
YAMPARAEZ,vacunaciones en ninos de 12 a 23 meses,l 18.1       srp dosis unica,2012-01-01,2,5,2,5,7
YANACACHI,vacunaciones en ninos de 12 a 23 meses,l 18.1       srp dosis unica,2012-01-01,6,7,6,7,13
YAPACANI,vacunaciones en ninos de 12 a 23 meses,l 18.1       srp dosis unica,2012-01-01,64,24,64,24,88
YOCALLA,vacunaciones en ninos de 12 a 23 meses,l 18.1       srp dosis unica,2012-01-01,5,3,5,3,8
YOTALA,vacunaciones en ninos de 12 a 23 meses,l 18.1       srp dosis unica,2012-01-01,5,9,5,9,14
YUNCHARA,vacunaciones en ninos de 12 a 23 meses,l 18.1       srp dosis unica,2012-01-01,1,4,1,4,5
YUNGUYO DE LITORAL,vacunaciones en ninos de 12 a 23 meses,l 18.1       srp dosis unica,2012-01-01,0,1,0,1,1
ZUDAÑEZ,vacunaciones en ninos de 12 a 23 meses,l 18.1       srp dosis unica,2012-01-01,3,6,3,6,9
ACACIO,vacunaciones en ninos de 12 a 23 meses,l 18.1       srp dosis unica,2012-02-01,2,15,2,15,17
ACHACACHI,vacunaciones en ninos de 12 a 23 meses,l 18.1       srp dosis unica,2012-02-01,60,33,60,33,93
ACHOCALLA,vacunaciones en ninos de 12 a 23 meses,l 18.1       srp dosis unica,2012-02-01,6,3,6,3,9
AIQUILE,vacunaciones en ninos de 12 a 23 meses,l 18.1       srp dosis unica,2012-02-01,27,8,27,8,35
ALALAY,vacunaciones en ninos de 12 a 23 meses,l 18.1       srp dosis unica,2012-02-01,4,10,4,10,14
ALCALA,vacunaciones en ninos de 12 a 23 meses,l 18.1       srp dosis unica,2012-02-01,2,1,2,1,3
ALTO BENI,vacunaciones en ninos de 12 a 23 meses,l 18.1       srp dosis unica,2012-02-01,25,0,25,0,25
ANCORAIMES,vacunaciones en ninos de 12 a 23 meses,l 18.1       srp dosis unica,2012-02-01,11,3,11,3,14
ANDAMARCA,vacunaciones en ninos de 12 a 23 meses,l 18.1       srp dosis unica,2012-02-01,3,1,3,1,4
ANTEQUERA,vacunaciones en ninos de 12 a 23 meses,l 18.1       srp dosis unica,2012-02-01,3,0,3,0,3
ANZALDO,vacunaciones en ninos de 12 a 23 meses,l 18.1       srp dosis unica,2012-02-01,4,6,4,6,10
APOLO,vacunaciones en ninos de 12 a 23 meses,l 18.1       srp dosis unica,2012-02-01,17,11,17,11,28
ARAMPAMPA,vacunaciones en ninos de 12 a 23 meses,l 18.1       srp dosis unica,2012-02-01,3,4,3,4,7
ARANI,vacunaciones en ninos de 12 a 23 meses,l 18.1       srp dosis unica,2012-02-01,19,0,19,0,19
ARBIETO,vacunaciones en ninos de 12 a 23 meses,l 18.1       srp dosis unica,2012-02-01,14,20,14,20,34
ARQUE,vacunaciones en ninos de 12 a 23 meses,l 18.1       srp dosis unica,2012-02-01,19,9,19,9,28
ASCENCION DE GUARAYOS,vacunaciones en ninos de 12 a 23 meses,l 18.1       srp dosis unica,2012-02-01,43,0,43,0,43
ATOCHA,vacunaciones en ninos de 12 a 23 meses,l 18.1       srp dosis unica,2012-02-01,5,2,5,2,7
AUCAPATA,vacunaciones en ninos de 12 a 23 meses,l 18.1       srp dosis unica,2012-02-01,1,4,1,4,5
AYATA,vacunaciones en ninos de 12 a 23 meses,l 18.1       srp dosis unica,2012-02-01,13,9,13,9,22
AYO AYO,vacunaciones en ninos de 12 a 23 meses,l 18.1       srp dosis unica,2012-02-01,10,6,10,6,16
AYOPAYA (V. DE INDEPENDENCIA),vacunaciones en ninos de 12 a 23 meses,l 18.1       srp dosis unica,2012-02-01,21,18,21,18,39
AZURDUY,vacunaciones en ninos de 12 a 23 meses,l 18.1       srp dosis unica,2012-02-01,9,15,9,15,24
BATALLAS,vacunaciones en ninos de 12 a 23 meses,l 18.1       srp dosis unica,2012-02-01,21,9,21,9,30
BAURES,vacunaciones en ninos de 12 a 23 meses,l 18.1       srp dosis unica,2012-02-01,11,0,11,0,11
BELEN DE URMIRI,vacunaciones en ninos de 12 a 23 meses,l 18.1       srp dosis unica,2012-02-01,0,3,0,3,3
BELLA FLOR,vacunaciones en ninos de 12 a 23 meses,l 18.1       srp dosis unica,2012-02-01,0,3,0,3,3
BERMEJO,vacunaciones en ninos de 12 a 23 meses,l 18.1       srp dosis unica,2012-02-01,59,10,59,10,69
BETANZOS,vacunaciones en ninos de 12 a 23 meses,l 18.1       srp dosis unica,2012-02-01,21,11,21,11,32
BOLIVAR,vacunaciones en ninos de 12 a 23 meses,l 18.1       srp dosis unica,2012-02-01,3,7,3,7,10
BOLPEBRA,vacunaciones en ninos de 12 a 23 meses,l 18.1       srp dosis unica,2012-02-01,1,1,1,1,2
BOYUIBE,vacunaciones en ninos de 12 a 23 meses,l 18.1       srp dosis unica,2012-02-01,0,7,0,7,7
BUENA VISTA,vacunaciones en ninos de 12 a 23 meses,l 18.1       srp dosis unica,2012-02-01,9,9,9,9,18
CABEZAS,vacunaciones en ninos de 12 a 23 meses,l 18.1       srp dosis unica,2012-02-01,25,18,25,18,43
CAIROMA,vacunaciones en ninos de 12 a 23 meses,l 18.1       srp dosis unica,2012-02-01,15,5,15,5,20
"CAIZA ""D""",vacunaciones en ninos de 12 a 23 meses,l 18.1       srp dosis unica,2012-02-01,6,7,6,7,13
CAJUATA,vacunaciones en ninos de 12 a 23 meses,l 18.1       srp dosis unica,2012-02-01,10,5,10,5,15
CALACOTO,vacunaciones en ninos de 12 a 23 meses,l 18.1       srp dosis unica,2012-02-01,2,6,2,6,8
CALAMARCA,vacunaciones en ninos de 12 a 23 meses,l 18.1       srp dosis unica,2012-02-01,16,5,16,5,21
CAMARGO,vacunaciones en ninos de 12 a 23 meses,l 18.1       srp dosis unica,2012-02-01,19,7,19,7,26
CAMATAQUI (C. VILLA ABECIA),vacunaciones en ninos de 12 a 23 meses,l 18.1       srp dosis unica,2012-02-01,6,1,6,1,7
CAMIRI,vacunaciones en ninos de 12 a 23 meses,l 18.1       srp dosis unica,2012-02-01,55,9,55,9,64
CAPINOTA,vacunaciones en ninos de 12 a 23 meses,l 18.1       srp dosis unica,2012-02-01,23,1,23,1,24
CAQUIAVIRI,vacunaciones en ninos de 12 a 23 meses,l 18.1       srp dosis unica,2012-02-01,7,6,7,6,13
CARACOLLO,vacunaciones en ninos de 12 a 23 meses,l 18.1       srp dosis unica,2012-02-01,14,8,14,8,22
CARANAVI,vacunaciones en ninos de 12 a 23 meses,l 18.1       srp dosis unica,2012-02-01,68,38,68,38,106
CARANGAS,vacunaciones en ninos de 12 a 23 meses,l 18.1       srp dosis unica,2012-02-01,1,0,1,0,1
CARAPARI,vacunaciones en ninos de 12 a 23 meses,l 18.1       srp dosis unica,2012-02-01,17,27,17,27,44
CARIPUYO,vacunaciones en ninos de 12 a 23 meses,l 18.1       srp dosis unica,2012-02-01,0,9,0,9,9
CARMEN RIVERO TORREZ,vacunaciones en ninos de 12 a 23 meses,l 18.1       srp dosis unica,2012-02-01,1,10,1,10,11
CATACORA,vacunaciones en ninos de 12 a 23 meses,l 18.1       srp dosis unica,2012-02-01,4,0,4,0,4
CHALLAPATA,vacunaciones en ninos de 12 a 23 meses,l 18.1       srp dosis unica,2012-02-01,28,16,28,16,44
CHAQUI,vacunaciones en ninos de 12 a 23 meses,l 18.1       srp dosis unica,2012-02-01,8,0,8,0,8
CHARAGUA,vacunaciones en ninos de 12 a 23 meses,l 18.1       srp dosis unica,2012-02-01,9,16,9,16,25
CHARAÑA,vacunaciones en ninos de 12 a 23 meses,l 18.1       srp dosis unica,2012-02-01,2,0,2,0,2
CHAYANTA,vacunaciones en ninos de 12 a 23 meses,l 18.1       srp dosis unica,2012-02-01,14,18,14,18,32
CHIMORE,vacunaciones en ninos de 12 a 23 meses,l 18.1       srp dosis unica,2012-02-01,36,11,36,11,47
CHIPAYA,vacunaciones en ninos de 12 a 23 meses,l 18.1       srp dosis unica,2012-02-01,3,0,3,0,3
CHOQUE COTA,vacunaciones en ninos de 12 a 23 meses,l 18.1       srp dosis unica,2012-02-01,2,0,2,0,2
CHULUMANI (V. DE LA LIBERTAD),vacunaciones en ninos de 12 a 23 meses,l 18.1       srp dosis unica,2012-02-01,21,18,21,18,39
CHUMA,vacunaciones en ninos de 12 a 23 meses,l 18.1       srp dosis unica,2012-02-01,7,20,7,20,27
CHUQUIHUTA AYLLU JUCUMANI,vacunaciones en ninos de 12 a 23 meses,l 18.1       srp dosis unica,2012-02-01,6,1,6,1,7
CKOCHAS,vacunaciones en ninos de 12 a 23 meses,l 18.1       srp dosis unica,2012-02-01,13,9,13,9,22
CLIZA,vacunaciones en ninos de 12 a 23 meses,l 18.1       srp dosis unica,2012-02-01,27,8,27,8,35
COBIJA,vacunaciones en ninos de 12 a 23 meses,l 18.1       srp dosis unica,2012-02-01,54,26,54,26,80
COCAPATA,vacunaciones en ninos de 12 a 23 meses,l 18.1       srp dosis unica,2012-02-01,19,28,19,28,47
COCHABAMBA,vacunaciones en ninos de 12 a 23 meses,l 18.1       srp dosis unica,2012-02-01,1010,38,1010,38,1048
COIPASA,vacunaciones en ninos de 12 a 23 meses,l 18.1       srp dosis unica,2012-02-01,1,1,1,1,2
COLCAPIRHUA,vacunaciones en ninos de 12 a 23 meses,l 18.1       srp dosis unica,2012-02-01,78,21,78,21,99
"COLCHA ""K""",vacunaciones en ninos de 12 a 23 meses,l 18.1       srp dosis unica,2012-02-01,13,1,13,1,14
COLLANA,vacunaciones en ninos de 12 a 23 meses,l 18.1       srp dosis unica,2012-02-01,0,1,0,1,1
COLOMI,vacunaciones en ninos de 12 a 23 meses,l 18.1       srp dosis unica,2012-02-01,40,17,40,17,57
COLPA BELGICA,vacunaciones en ninos de 12 a 23 meses,l 18.1       srp dosis unica,2012-02-01,8,2,8,2,10
COLQUECHACA,vacunaciones en ninos de 12 a 23 meses,l 18.1       srp dosis unica,2012-02-01,26,47,26,47,73
COLQUENCHA,vacunaciones en ninos de 12 a 23 meses,l 18.1       srp dosis unica,2012-02-01,7,1,7,1,8
COLQUIRI,vacunaciones en ninos de 12 a 23 meses,l 18.1       srp dosis unica,2012-02-01,17,25,17,25,42
COMANCHE,vacunaciones en ninos de 12 a 23 meses,l 18.1       srp dosis unica,2012-02-01,3,1,3,1,4
COMARAPA,vacunaciones en ninos de 12 a 23 meses,l 18.1       srp dosis unica,2012-02-01,41,14,41,14,55
COMBAYA,vacunaciones en ninos de 12 a 23 meses,l 18.1       srp dosis unica,2012-02-01,0,2,0,2,2
CONCEPCION,vacunaciones en ninos de 12 a 23 meses,l 18.1       srp dosis unica,2012-02-01,49,12,49,12,61
COPACABANA,vacunaciones en ninos de 12 a 23 meses,l 18.1       srp dosis unica,2012-02-01,9,8,9,8,17
CORIPATA,vacunaciones en ninos de 12 a 23 meses,l 18.1       srp dosis unica,2012-02-01,9,11,9,11,20
CORO CORO,vacunaciones en ninos de 12 a 23 meses,l 18.1       srp dosis unica,2012-02-01,5,3,5,3,8
COROICO,vacunaciones en ninos de 12 a 23 meses,l 18.1       srp dosis unica,2012-02-01,12,9,12,9,21
CORQUE,vacunaciones en ninos de 12 a 23 meses,l 18.1       srp dosis unica,2012-02-01,4,3,4,3,7
COTAGAITA,vacunaciones en ninos de 12 a 23 meses,l 18.1       srp dosis unica,2012-02-01,6,19,6,19,25
COTOCA,vacunaciones en ninos de 12 a 23 meses,l 18.1       srp dosis unica,2012-02-01,76,18,76,18,94
CUATRO CAÑADAS,vacunaciones en ninos de 12 a 23 meses,l 18.1       srp dosis unica,2012-02-01,36,12,36,12,48
CUEVO,vacunaciones en ninos de 12 a 23 meses,l 18.1       srp dosis unica,2012-02-01,5,2,5,2,7
CULPINA,vacunaciones en ninos de 12 a 23 meses,l 18.1       srp dosis unica,2012-02-01,25,4,25,4,29
CURAHUARA DE CARANGAS,vacunaciones en ninos de 12 a 23 meses,l 18.1       srp dosis unica,2012-02-01,2,2,2,2,4
CURVA,vacunaciones en ninos de 12 a 23 meses,l 18.1       srp dosis unica,2012-02-01,0,5,0,5,5
DESAGUADERO,vacunaciones en ninos de 12 a 23 meses,l 18.1       srp dosis unica,2012-02-01,2,3,2,3,5
EL ALTO,vacunaciones en ninos de 12 a 23 meses,l 18.1       srp dosis unica,2012-02-01,1338,97,1338,97,1435
EL CHORO,vacunaciones en ninos de 12 a 23 meses,l 18.1       srp dosis unica,2012-02-01,4,4,4,4,8
EL PUENTE(STC),vacunaciones en ninos de 12 a 23 meses,l 18.1       srp dosis unica,2012-02-01,36,10,36,10,46
EL PUENTE(TJA),vacunaciones en ninos de 12 a 23 meses,l 18.1       srp dosis unica,2012-02-01,15,7,15,7,22
EL TORNO,vacunaciones en ninos de 12 a 23 meses,l 18.1       srp dosis unica,2012-02-01,88,15,88,15,103
EL VILLAR,vacunaciones en ninos de 12 a 23 meses,l 18.1       srp dosis unica,2012-02-01,1,1,1,1,2
ENTRE RIOS TRJ,vacunaciones en ninos de 12 a 23 meses,l 18.1       srp dosis unica,2012-02-01,31,12,31,12,43
ENTRE RIOS CBBA,vacunaciones en ninos de 12 a 23 meses,l 18.1       srp dosis unica,2012-02-01,39,10,39,10,49
ESCOMA,vacunaciones en ninos de 12 a 23 meses,l 18.1       srp dosis unica,2012-02-01,5,2,5,2,7
EUCALIPTUS,vacunaciones en ninos de 12 a 23 meses,l 18.1       srp dosis unica,2012-02-01,1,0,1,0,1
EUREKA (SANTOS MERCADO),vacunaciones en ninos de 12 a 23 meses,l 18.1       srp dosis unica,2012-02-01,2,2,2,2,4
EXALTACION,vacunaciones en ninos de 12 a 23 meses,l 18.1       srp dosis unica,2012-02-01,3,1,3,1,4
FERNANDEZ ALONSO,vacunaciones en ninos de 12 a 23 meses,l 18.1       srp dosis unica,2012-02-01,21,19,21,19,40
FILADELFIA,vacunaciones en ninos de 12 a 23 meses,l 18.1       srp dosis unica,2012-02-01,1,5,1,5,6
GENERAL SAAVEDRA,vacunaciones en ninos de 12 a 23 meses,l 18.1       srp dosis unica,2012-02-01,57,46,57,46,103
GRAL. J.J. PEREZ (CHARAZANI),vacunaciones en ninos de 12 a 23 meses,l 18.1       srp dosis unica,2012-02-01,5,16,5,16,21
GUANAY,vacunaciones en ninos de 12 a 23 meses,l 18.1       srp dosis unica,2012-02-01,9,13,9,13,22
GUAQUI,vacunaciones en ninos de 12 a 23 meses,l 18.1       srp dosis unica,2012-02-01,0,3,0,3,3
GUAYARAMERIN,vacunaciones en ninos de 12 a 23 meses,l 18.1       srp dosis unica,2012-02-01,58,34,58,34,92
GUTIERREZ,vacunaciones en ninos de 12 a 23 meses,l 18.1       srp dosis unica,2012-02-01,12,24,12,24,36
HUACARETA,vacunaciones en ninos de 12 a 23 meses,l 18.1       srp dosis unica,2012-02-01,9,17,9,17,26
HUACAYA (VILLA DE HUACAYA),vacunaciones en ninos de 12 a 23 meses,l 18.1       srp dosis unica,2012-02-01,0,1,0,1,1
HUANUNI,vacunaciones en ninos de 12 a 23 meses,l 18.1       srp dosis unica,2012-02-01,26,3,26,3,29
HUARACAJE,vacunaciones en ninos de 12 a 23 meses,l 18.1       srp dosis unica,2012-02-01,9,0,9,0,9
HUARINA,vacunaciones en ninos de 12 a 23 meses,l 18.1       srp dosis unica,2012-02-01,5,7,5,7,12
HUAYLLAMARCA,vacunaciones en ninos de 12 a 23 meses,l 18.1       srp dosis unica,2012-02-01,6,5,6,5,11
HUMANATA,vacunaciones en ninos de 12 a 23 meses,l 18.1       srp dosis unica,2012-02-01,0,7,0,7,7
ICHOCA,vacunaciones en ninos de 12 a 23 meses,l 18.1       srp dosis unica,2012-02-01,2,4,2,4,6
ICLA,vacunaciones en ninos de 12 a 23 meses,l 18.1       srp dosis unica,2012-02-01,2,13,2,13,15
INCAHUASI,vacunaciones en ninos de 12 a 23 meses,l 18.1       srp dosis unica,2012-02-01,10,2,10,2,12
INQUISIVI,vacunaciones en ninos de 12 a 23 meses,l 18.1       srp dosis unica,2012-02-01,7,9,7,9,16
IRUPANA (VILLA DE LANZA),vacunaciones en ninos de 12 a 23 meses,l 18.1       srp dosis unica,2012-02-01,6,16,6,16,22
IXIAMAS,vacunaciones en ninos de 12 a 23 meses,l 18.1       srp dosis unica,2012-02-01,17,3,17,3,20
JESUS DE MACHACA,vacunaciones en ninos de 12 a 23 meses,l 18.1       srp dosis unica,2012-02-01,18,2,18,2,20
LA ASUNTA,vacunaciones en ninos de 12 a 23 meses,l 18.1       srp dosis unica,2012-02-01,76,16,76,16,92
LA GUARDIA,vacunaciones en ninos de 12 a 23 meses,l 18.1       srp dosis unica,2012-02-01,112,19,112,19,131
LA PAZ,vacunaciones en ninos de 12 a 23 meses,l 18.1       srp dosis unica,2012-02-01,1190,26,1190,26,1216
LAGUNILLAS,vacunaciones en ninos de 12 a 23 meses,l 18.1       srp dosis unica,2012-02-01,9,15,9,15,24
LAJA,vacunaciones en ninos de 12 a 23 meses,l 18.1       srp dosis unica,2012-02-01,20,7,20,7,27
LAS CARRERAS,vacunaciones en ninos de 12 a 23 meses,l 18.1       srp dosis unica,2012-02-01,4,0,4,0,4
LICOMA PAMPA,vacunaciones en ninos de 12 a 23 meses,l 18.1       srp dosis unica,2012-02-01,3,4,3,4,7
LLALLAGUA,vacunaciones en ninos de 12 a 23 meses,l 18.1       srp dosis unica,2012-02-01,41,25,41,25,66
LLICA,vacunaciones en ninos de 12 a 23 meses,l 18.1       srp dosis unica,2012-02-01,2,0,2,0,2
LORETO,vacunaciones en ninos de 12 a 23 meses,l 18.1       srp dosis unica,2012-02-01,1,3,1,3,4
LURIBAY,vacunaciones en ninos de 12 a 23 meses,l 18.1       srp dosis unica,2012-02-01,9,2,9,2,11
MACHACAMARCA,vacunaciones en ninos de 12 a 23 meses,l 18.1       srp dosis unica,2012-02-01,5,0,5,0,5
MACHARETI,vacunaciones en ninos de 12 a 23 meses,l 18.1       srp dosis unica,2012-02-01,7,12,7,12,19
MAGDALENA,vacunaciones en ninos de 12 a 23 meses,l 18.1       srp dosis unica,2012-02-01,12,13,12,13,25
MAIRANA,vacunaciones en ninos de 12 a 23 meses,l 18.1       srp dosis unica,2012-02-01,31,0,31,0,31
MALLA,vacunaciones en ninos de 12 a 23 meses,l 18.1       srp dosis unica,2012-02-01,1,1,1,1,2
MAPIRI,vacunaciones en ninos de 12 a 23 meses,l 18.1       srp dosis unica,2012-02-01,8,0,8,0,8
MECAPACA,vacunaciones en ninos de 12 a 23 meses,l 18.1       srp dosis unica,2012-02-01,6,6,6,6,12
MINEROS,vacunaciones en ninos de 12 a 23 meses,l 18.1       srp dosis unica,2012-02-01,25,37,25,37,62
MIZQUE,vacunaciones en ninos de 12 a 23 meses,l 18.1       srp dosis unica,2012-02-01,29,25,29,25,54
MOCOMOCO,vacunaciones en ninos de 12 a 23 meses,l 18.1       srp dosis unica,2012-02-01,10,9,10,9,19
MOJOCOYA,vacunaciones en ninos de 12 a 23 meses,l 18.1       srp dosis unica,2012-02-01,7,5,7,5,12
MONTEAGUDO,vacunaciones en ninos de 12 a 23 meses,l 18.1       srp dosis unica,2012-02-01,41,12,41,12,53
MONTERO,vacunaciones en ninos de 12 a 23 meses,l 18.1       srp dosis unica,2012-02-01,215,35,215,35,250
MORO MORO,vacunaciones en ninos de 12 a 23 meses,l 18.1       srp dosis unica,2012-02-01,0,9,0,9,9
MOROCHATA,vacunaciones en ninos de 12 a 23 meses,l 18.1       srp dosis unica,2012-02-01,11,11,11,11,22
NACEBE (SANTA ROSA DEL ABUNA),vacunaciones en ninos de 12 a 23 meses,l 18.1       srp dosis unica,2012-02-01,4,0,4,0,4
NUEVO MANOA (NUEVA ESPERANZA),vacunaciones en ninos de 12 a 23 meses,l 18.1       srp dosis unica,2012-02-01,5,1,5,1,6
OCURI,vacunaciones en ninos de 12 a 23 meses,l 18.1       srp dosis unica,2012-02-01,8,18,8,18,26
OKINAWA,vacunaciones en ninos de 12 a 23 meses,l 18.1       srp dosis unica,2012-02-01,10,8,10,8,18
OMEREQUE,vacunaciones en ninos de 12 a 23 meses,l 18.1       srp dosis unica,2012-02-01,0,2,0,2,2
ORURO,vacunaciones en ninos de 12 a 23 meses,l 18.1       srp dosis unica,2012-02-01,361,9,361,9,370
PADCAYA,vacunaciones en ninos de 12 a 23 meses,l 18.1       srp dosis unica,2012-02-01,20,7,20,7,27
PADILLA,vacunaciones en ninos de 12 a 23 meses,l 18.1       srp dosis unica,2012-02-01,17,9,17,9,26
PAILON,vacunaciones en ninos de 12 a 23 meses,l 18.1       srp dosis unica,2012-02-01,32,59,32,59,91
PALCA,vacunaciones en ninos de 12 a 23 meses,l 18.1       srp dosis unica,2012-02-01,14,9,14,9,23
PALOS BLANCOS,vacunaciones en ninos de 12 a 23 meses,l 18.1       srp dosis unica,2012-02-01,36,24,36,24,60
PAMPA AULLAGAS,vacunaciones en ninos de 12 a 23 meses,l 18.1       srp dosis unica,2012-02-01,2,0,2,0,2
PAMPA GRANDE,vacunaciones en ninos de 12 a 23 meses,l 18.1       srp dosis unica,2012-02-01,11,4,11,4,15
PAPEL PAMPA,vacunaciones en ninos de 12 a 23 meses,l 18.1       srp dosis unica,2012-02-01,1,4,1,4,5
PASORAPA,vacunaciones en ninos de 12 a 23 meses,l 18.1       srp dosis unica,2012-02-01,1,3,1,3,4
PATACAMAYA,vacunaciones en ninos de 12 a 23 meses,l 18.1       srp dosis unica,2012-02-01,39,6,39,6,45
PAZÑA,vacunaciones en ninos de 12 a 23 meses,l 18.1       srp dosis unica,2012-02-01,9,2,9,2,11
PELECHUCO,vacunaciones en ninos de 12 a 23 meses,l 18.1       srp dosis unica,2012-02-01,5,1,5,1,6
POCOATA,vacunaciones en ninos de 12 a 23 meses,l 18.1       srp dosis unica,2012-02-01,4,16,4,16,20
POCONA,vacunaciones en ninos de 12 a 23 meses,l 18.1       srp dosis unica,2012-02-01,15,8,15,8,23
POJO (CBBA),vacunaciones en ninos de 12 a 23 meses,l 18.1       srp dosis unica,2012-02-01,16,8,16,8,24
POOPO,vacunaciones en ninos de 12 a 23 meses,l 18.1       srp dosis unica,2012-02-01,7,1,7,1,8
PORCO,vacunaciones en ninos de 12 a 23 meses,l 18.1       srp dosis unica,2012-02-01,20,10,20,10,30
POROMA,vacunaciones en ninos de 12 a 23 meses,l 18.1       srp dosis unica,2012-02-01,22,10,22,10,32
PORONGO,vacunaciones en ninos de 12 a 23 meses,l 18.1       srp dosis unica,2012-02-01,2,14,2,14,16
PORTACHUELO,vacunaciones en ninos de 12 a 23 meses,l 18.1       srp dosis unica,2012-02-01,36,7,36,7,43
PORVENIR,vacunaciones en ninos de 12 a 23 meses,l 18.1       srp dosis unica,2012-02-01,15,6,15,6,21
POSTRER VALLE,vacunaciones en ninos de 12 a 23 meses,l 18.1       srp dosis unica,2012-02-01,0,1,0,1,1
POTOSI,vacunaciones en ninos de 12 a 23 meses,l 18.1       srp dosis unica,2012-02-01,329,5,329,5,334
PRESTO,vacunaciones en ninos de 12 a 23 meses,l 18.1       srp dosis unica,2012-02-01,3,12,3,12,15
PUCARA,vacunaciones en ninos de 12 a 23 meses,l 18.1       srp dosis unica,2012-02-01,4,0,4,0,4
PUCARANI,vacunaciones en ninos de 12 a 23 meses,l 18.1       srp dosis unica,2012-02-01,21,31,21,31,52
PUERTO ACOSTA,vacunaciones en ninos de 12 a 23 meses,l 18.1       srp dosis unica,2012-02-01,4,16,4,16,20
PUERTO CARABUCO,vacunaciones en ninos de 12 a 23 meses,l 18.1       srp dosis unica,2012-02-01,4,18,4,18,22
PUERTO GONZALO MORENO,vacunaciones en ninos de 12 a 23 meses,l 18.1       srp dosis unica,2012-02-01,4,8,4,8,12
PUERTO PEREZ,vacunaciones en ninos de 12 a 23 meses,l 18.1       srp dosis unica,2012-02-01,0,2,0,2,2
PUERTO QUIJARRO,vacunaciones en ninos de 12 a 23 meses,l 18.1       srp dosis unica,2012-02-01,24,17,24,17,41
PUERTO RICO,vacunaciones en ninos de 12 a 23 meses,l 18.1       srp dosis unica,2012-02-01,9,7,9,7,16
PUERTO SUAREZ,vacunaciones en ninos de 12 a 23 meses,l 18.1       srp dosis unica,2012-02-01,26,15,26,15,41
PUERTO VILLARROEL,vacunaciones en ninos de 12 a 23 meses,l 18.1       srp dosis unica,2012-02-01,75,21,75,21,96
PUNA,vacunaciones en ninos de 12 a 23 meses,l 18.1       srp dosis unica,2012-02-01,17,17,17,17,34
PUNATA,vacunaciones en ninos de 12 a 23 meses,l 18.1       srp dosis unica,2012-02-01,40,0,40,0,40
QUIABAYA,vacunaciones en ninos de 12 a 23 meses,l 18.1       srp dosis unica,2012-02-01,5,0,5,0,5
QUILLACOLLO,vacunaciones en ninos de 12 a 23 meses,l 18.1       srp dosis unica,2012-02-01,192,7,192,7,199
QUIME,vacunaciones en ninos de 12 a 23 meses,l 18.1       srp dosis unica,2012-02-01,5,26,5,26,31
QUIRUSILLAS,vacunaciones en ninos de 12 a 23 meses,l 18.1       srp dosis unica,2012-02-01,3,1,3,1,4
RAVELO,vacunaciones en ninos de 12 a 23 meses,l 18.1       srp dosis unica,2012-02-01,7,17,7,17,24
REYES,vacunaciones en ninos de 12 a 23 meses,l 18.1       srp dosis unica,2012-02-01,20,4,20,4,24
RIBERALTA,vacunaciones en ninos de 12 a 23 meses,l 18.1       srp dosis unica,2012-02-01,116,88,116,88,204
ROBORE,vacunaciones en ninos de 12 a 23 meses,l 18.1       srp dosis unica,2012-02-01,32,7,32,7,39
RURRENABAQUE,vacunaciones en ninos de 12 a 23 meses,l 18.1       srp dosis unica,2012-02-01,36,7,36,7,43
SABAYA,vacunaciones en ninos de 12 a 23 meses,l 18.1       srp dosis unica,2012-02-01,3,0,3,0,3
SACABA,vacunaciones en ninos de 12 a 23 meses,l 18.1       srp dosis unica,2012-02-01,193,48,193,48,241
SACABAMBA,vacunaciones en ninos de 12 a 23 meses,l 18.1       srp dosis unica,2012-02-01,2,0,2,0,2
SACACA,vacunaciones en ninos de 12 a 23 meses,l 18.1       srp dosis unica,2012-02-01,20,16,20,16,36
SAIPINA,vacunaciones en ninos de 12 a 23 meses,l 18.1       srp dosis unica,2012-02-01,3,11,3,11,14
SALINAS DE GARCI MENDOZA,vacunaciones en ninos de 12 a 23 meses,l 18.1       srp dosis unica,2012-02-01,4,4,4,4,8
SAMAIPATA,vacunaciones en ninos de 12 a 23 meses,l 18.1       srp dosis unica,2012-02-01,8,21,8,21,29
SAN AGUSTIN,vacunaciones en ninos de 12 a 23 meses,l 18.1       srp dosis unica,2012-02-01,1,0,1,0,1
SAN ANDRES,vacunaciones en ninos de 12 a 23 meses,l 18.1       srp dosis unica,2012-02-01,6,13,6,13,19
SAN ANDRES DE MACHACA,vacunaciones en ninos de 12 a 23 meses,l 18.1       srp dosis unica,2012-02-01,1,1,1,1,2
SAN ANTONIO DE LOMERIO,vacunaciones en ninos de 12 a 23 meses,l 18.1       srp dosis unica,2012-02-01,3,11,3,11,14
SAN BENITO,vacunaciones en ninos de 12 a 23 meses,l 18.1       srp dosis unica,2012-02-01,8,9,8,9,17
SAN BORJA,vacunaciones en ninos de 12 a 23 meses,l 18.1       srp dosis unica,2012-02-01,49,7,49,7,56
SAN BUENA VENTURA,vacunaciones en ninos de 12 a 23 meses,l 18.1       srp dosis unica,2012-02-01,12,8,12,8,20
SAN CARLOS,vacunaciones en ninos de 12 a 23 meses,l 18.1       srp dosis unica,2012-02-01,30,11,30,11,41
SAN IGNACIO,vacunaciones en ninos de 12 a 23 meses,l 18.1       srp dosis unica,2012-02-01,51,5,51,5,56
SAN IGNACIO DE VELASCO,vacunaciones en ninos de 12 a 23 meses,l 18.1       srp dosis unica,2012-02-01,121,49,121,49,170
SAN JAVIER(BNI),vacunaciones en ninos de 12 a 23 meses,l 18.1       srp dosis unica,2012-02-01,10,1,10,1,11
SAN JAVIER(STC),vacunaciones en ninos de 12 a 23 meses,l 18.1       srp dosis unica,2012-02-01,41,0,41,0,41
SAN JOAQUIN,vacunaciones en ninos de 12 a 23 meses,l 18.1       srp dosis unica,2012-02-01,4,3,4,3,7
SAN JOSE DE CHIQUITOS,vacunaciones en ninos de 12 a 23 meses,l 18.1       srp dosis unica,2012-02-01,25,0,25,0,25
SAN JUAN DE YAPACANI,vacunaciones en ninos de 12 a 23 meses,l 18.1       srp dosis unica,2012-02-01,6,17,6,17,23
SAN JULIAN,vacunaciones en ninos de 12 a 23 meses,l 18.1       srp dosis unica,2012-02-01,60,73,60,73,133
SAN LORENZO(PND),vacunaciones en ninos de 12 a 23 meses,l 18.1       srp dosis unica,2012-02-01,1,14,1,14,15
SAN LORENZO(TJA),vacunaciones en ninos de 12 a 23 meses,l 18.1       srp dosis unica,2012-02-01,26,7,26,7,33
SAN LUCAS,vacunaciones en ninos de 12 a 23 meses,l 18.1       srp dosis unica,2012-02-01,24,29,24,29,53
SAN MATIAS,vacunaciones en ninos de 12 a 23 meses,l 18.1       srp dosis unica,2012-02-01,19,4,19,4,23
SAN MIGUEL DE VELASCO,vacunaciones en ninos de 12 a 23 meses,l 18.1       srp dosis unica,2012-02-01,6,4,6,4,10
SAN PABLO DE LIPEZ,vacunaciones en ninos de 12 a 23 meses,l 18.1       srp dosis unica,2012-02-01,0,2,0,2,2
SAN PEDRO,vacunaciones en ninos de 12 a 23 meses,l 18.1       srp dosis unica,2012-02-01,23,6,23,6,29
SAN PEDRO DE BUENA VISTA,vacunaciones en ninos de 12 a 23 meses,l 18.1       srp dosis unica,2012-02-01,32,21,32,21,53
SAN PEDRO DE CURAHUARA,vacunaciones en ninos de 12 a 23 meses,l 18.1       srp dosis unica,2012-02-01,2,3,2,3,5
SAN PEDRO DE QUEMES,vacunaciones en ninos de 12 a 23 meses,l 18.1       srp dosis unica,2012-02-01,1,0,1,0,1
SAN PEDRO DE TIQUINA,vacunaciones en ninos de 12 a 23 meses,l 18.1       srp dosis unica,2012-02-01,1,7,1,7,8
SAN RAFAEL,vacunaciones en ninos de 12 a 23 meses,l 18.1       srp dosis unica,2012-02-01,0,8,0,8,8
SAN RAMON BENI,vacunaciones en ninos de 12 a 23 meses,l 18.1       srp dosis unica,2012-02-01,1,14,1,14,15
SAN RAMON SCZ,vacunaciones en ninos de 12 a 23 meses,l 18.1       srp dosis unica,2012-02-01,21,4,21,4,25
SANTA ANA,vacunaciones en ninos de 12 a 23 meses,l 18.1       srp dosis unica,2012-02-01,41,0,41,0,41
SANTA CRUZ DE LA SIERRA,vacunaciones en ninos de 12 a 23 meses,l 18.1       srp dosis unica,2012-02-01,2199,99,2199,99,2298
SANTA ROSA,vacunaciones en ninos de 12 a 23 meses,l 18.1       srp dosis unica,2012-02-01,19,8,19,8,27
SANTA ROSA DEL SARA,vacunaciones en ninos de 12 a 23 meses,l 18.1       srp dosis unica,2012-02-01,28,10,28,10,38
SANTIAGO DE CALLAPA,vacunaciones en ninos de 12 a 23 meses,l 18.1       srp dosis unica,2012-02-01,1,5,1,5,6
SANTIAGO DE HUARI,vacunaciones en ninos de 12 a 23 meses,l 18.1       srp dosis unica,2012-02-01,5,10,5,10,15
SANTIAGO DE HUATA,vacunaciones en ninos de 12 a 23 meses,l 18.1       srp dosis unica,2012-02-01,4,13,4,13,17
SANTIAGO DE MACHACA,vacunaciones en ninos de 12 a 23 meses,l 18.1       srp dosis unica,2012-02-01,3,1,3,1,4
SANTIVAÑES,vacunaciones en ninos de 12 a 23 meses,l 18.1       srp dosis unica,2012-02-01,2,6,2,6,8
SANTUARIO DE QUILLACAS,vacunaciones en ninos de 12 a 23 meses,l 18.1       srp dosis unica,2012-02-01,6,6,6,6,12
SAPAHAQUI,vacunaciones en ninos de 12 a 23 meses,l 18.1       srp dosis unica,2012-02-01,10,4,10,4,14
SENA,vacunaciones en ninos de 12 a 23 meses,l 18.1       srp dosis unica,2012-02-01,2,3,2,3,5
SHINAOTA,vacunaciones en ninos de 12 a 23 meses,l 18.1       srp dosis unica,2012-02-01,17,0,17,0,17
SICA SICA (VILLA AROMA),vacunaciones en ninos de 12 a 23 meses,l 18.1       srp dosis unica,2012-02-01,18,12,18,12,30
SICAYA,vacunaciones en ninos de 12 a 23 meses,l 18.1       srp dosis unica,2012-02-01,1,0,1,0,1
SIPE SIPE,vacunaciones en ninos de 12 a 23 meses,l 18.1       srp dosis unica,2012-02-01,59,0,59,0,59
SOPACHUY,vacunaciones en ninos de 12 a 23 meses,l 18.1       srp dosis unica,2012-02-01,5,6,5,6,11
SORACACHI,vacunaciones en ninos de 12 a 23 meses,l 18.1       srp dosis unica,2012-02-01,7,8,7,8,15
SORATA,vacunaciones en ninos de 12 a 23 meses,l 18.1       srp dosis unica,2012-02-01,19,26,19,26,45
SUCRE,vacunaciones en ninos de 12 a 23 meses,l 18.1       srp dosis unica,2012-02-01,463,45,463,45,508
TACACOMA,vacunaciones en ninos de 12 a 23 meses,l 18.1       srp dosis unica,2012-02-01,9,5,9,5,14
TACOBAMBA,vacunaciones en ninos de 12 a 23 meses,l 18.1       srp dosis unica,2012-02-01,6,9,6,9,15
TACOPAYA,vacunaciones en ninos de 12 a 23 meses,l 18.1       srp dosis unica,2012-02-01,14,8,14,8,22
TAHUA,vacunaciones en ninos de 12 a 23 meses,l 18.1       srp dosis unica,2012-02-01,4,0,4,0,4
TAPACARI,vacunaciones en ninos de 12 a 23 meses,l 18.1       srp dosis unica,2012-02-01,23,14,23,14,37
TARABUCO,vacunaciones en ninos de 12 a 23 meses,l 18.1       srp dosis unica,2012-02-01,16,15,16,15,31
TARACO,vacunaciones en ninos de 12 a 23 meses,l 18.1       srp dosis unica,2012-02-01,4,1,4,1,5
TARATA,vacunaciones en ninos de 12 a 23 meses,l 18.1       srp dosis unica,2012-02-01,3,1,3,1,4
TARIJA,vacunaciones en ninos de 12 a 23 meses,l 18.1       srp dosis unica,2012-02-01,358,20,358,20,378
TARVITA,vacunaciones en ninos de 12 a 23 meses,l 18.1       srp dosis unica,2012-02-01,16,9,16,9,25
TEOPONTE,vacunaciones en ninos de 12 a 23 meses,l 18.1       srp dosis unica,2012-02-01,3,11,3,11,14
TIAWANACU,vacunaciones en ninos de 12 a 23 meses,l 18.1       srp dosis unica,2012-02-01,8,8,8,8,16
TINGUIPAYA,vacunaciones en ninos de 12 a 23 meses,l 18.1       srp dosis unica,2012-02-01,26,10,26,10,36
TIPUANI,vacunaciones en ninos de 12 a 23 meses,l 18.1       srp dosis unica,2012-02-01,12,4,12,4,16
TIQUIPAYA,vacunaciones en ninos de 12 a 23 meses,l 18.1       srp dosis unica,2012-02-01,64,34,64,34,98
TIRAQUE (CBBA),vacunaciones en ninos de 12 a 23 meses,l 18.1       srp dosis unica,2012-02-01,16,10,16,10,26
TITO YUPANQUI (PARQUIPUJIO),vacunaciones en ninos de 12 a 23 meses,l 18.1       srp dosis unica,2012-02-01,2,1,2,1,3
TOCO,vacunaciones en ninos de 12 a 23 meses,l 18.1       srp dosis unica,2012-02-01,0,7,0,7,7
TOLATA,vacunaciones en ninos de 12 a 23 meses,l 18.1       srp dosis unica,2012-02-01,4,4,4,4,8
TOLEDO,vacunaciones en ninos de 12 a 23 meses,l 18.1       srp dosis unica,2012-02-01,5,1,5,1,6
TOMAVE,vacunaciones en ninos de 12 a 23 meses,l 18.1       srp dosis unica,2012-02-01,8,3,8,3,11
TOMINA,vacunaciones en ninos de 12 a 23 meses,l 18.1       srp dosis unica,2012-02-01,12,5,12,5,17
TORO TORO,vacunaciones en ninos de 12 a 23 meses,l 18.1       srp dosis unica,2012-02-01,4,7,4,7,11
TOTORA(CBBA),vacunaciones en ninos de 12 a 23 meses,l 18.1       srp dosis unica,2012-02-01,25,5,25,5,30
TOTORA(ORR),vacunaciones en ninos de 12 a 23 meses,l 18.1       srp dosis unica,2012-02-01,6,2,6,2,8
TRIGAL,vacunaciones en ninos de 12 a 23 meses,l 18.1       srp dosis unica,2012-02-01,4,3,4,3,7
TRINIDAD,vacunaciones en ninos de 12 a 23 meses,l 18.1       srp dosis unica,2012-02-01,124,23,124,23,147
TUPIZA,vacunaciones en ninos de 12 a 23 meses,l 18.1       srp dosis unica,2012-02-01,48,13,48,13,61
TURCO,vacunaciones en ninos de 12 a 23 meses,l 18.1       srp dosis unica,2012-02-01,2,3,2,3,5
UMALA,vacunaciones en ninos de 12 a 23 meses,l 18.1       srp dosis unica,2012-02-01,0,4,0,4,4
UNCIA,vacunaciones en ninos de 12 a 23 meses,l 18.1       srp dosis unica,2012-02-01,18,7,18,7,25
URIONDO (A. CONCEPCION),vacunaciones en ninos de 12 a 23 meses,l 18.1       srp dosis unica,2012-02-01,17,6,17,6,23
URUBICHA,vacunaciones en ninos de 12 a 23 meses,l 18.1       srp dosis unica,2012-02-01,9,9,9,9,18
UYUNI,vacunaciones en ninos de 12 a 23 meses,l 18.1       srp dosis unica,2012-02-01,47,0,47,0,47
VACAS,vacunaciones en ninos de 12 a 23 meses,l 18.1       srp dosis unica,2012-02-01,4,12,4,12,16
VALLEGRANDE,vacunaciones en ninos de 12 a 23 meses,l 18.1       srp dosis unica,2012-02-01,20,4,20,4,24
VIACHA,vacunaciones en ninos de 12 a 23 meses,l 18.1       srp dosis unica,2012-02-01,92,9,92,9,101
VILA VILA,vacunaciones en ninos de 12 a 23 meses,l 18.1       srp dosis unica,2012-02-01,3,2,3,2,5
VILLA CHARCAS,vacunaciones en ninos de 12 a 23 meses,l 18.1       srp dosis unica,2012-02-01,24,12,24,12,36
VILLA MONTES,vacunaciones en ninos de 12 a 23 meses,l 18.1       srp dosis unica,2012-02-01,92,22,92,22,114
VILLA NUEVA (LOMA ALTA),vacunaciones en ninos de 12 a 23 meses,l 18.1       srp dosis unica,2012-02-01,3,2,3,2,5
VILLA RIVERO,vacunaciones en ninos de 12 a 23 meses,l 18.1       srp dosis unica,2012-02-01,4,14,4,14,18
VILLA SERRANO,vacunaciones en ninos de 12 a 23 meses,l 18.1       srp dosis unica,2012-02-01,12,11,12,11,23
VILLA TUNARI,vacunaciones en ninos de 12 a 23 meses,l 18.1       srp dosis unica,2012-02-01,101,55,101,55,156
VILLA VACA GUZMAN (MUYUPAMPA),vacunaciones en ninos de 12 a 23 meses,l 18.1       srp dosis unica,2012-02-01,11,4,11,4,15
VILLAZON,vacunaciones en ninos de 12 a 23 meses,l 18.1       srp dosis unica,2012-02-01,55,15,55,15,70
VINTO,vacunaciones en ninos de 12 a 23 meses,l 18.1       srp dosis unica,2012-02-01,63,0,63,0,63
VITICHI,vacunaciones en ninos de 12 a 23 meses,l 18.1       srp dosis unica,2012-02-01,7,9,7,9,16
WALDO BALLIVIAN,vacunaciones en ninos de 12 a 23 meses,l 18.1       srp dosis unica,2012-02-01,4,0,4,0,4
WARNES,vacunaciones en ninos de 12 a 23 meses,l 18.1       srp dosis unica,2012-02-01,134,14,134,14,148
YACO,vacunaciones en ninos de 12 a 23 meses,l 18.1       srp dosis unica,2012-02-01,5,5,5,5,10
YACUIBA,vacunaciones en ninos de 12 a 23 meses,l 18.1       srp dosis unica,2012-02-01,170,45,170,45,215
YAMPARAEZ,vacunaciones en ninos de 12 a 23 meses,l 18.1       srp dosis unica,2012-02-01,1,5,1,5,6
YANACACHI,vacunaciones en ninos de 12 a 23 meses,l 18.1       srp dosis unica,2012-02-01,4,7,4,7,11
YAPACANI,vacunaciones en ninos de 12 a 23 meses,l 18.1       srp dosis unica,2012-02-01,75,22,75,22,97
YOCALLA,vacunaciones en ninos de 12 a 23 meses,l 18.1       srp dosis unica,2012-02-01,7,1,7,1,8
YOTALA,vacunaciones en ninos de 12 a 23 meses,l 18.1       srp dosis unica,2012-02-01,5,6,5,6,11
YUNCHARA,vacunaciones en ninos de 12 a 23 meses,l 18.1       srp dosis unica,2012-02-01,2,3,2,3,5
ZUDAÑEZ,vacunaciones en ninos de 12 a 23 meses,l 18.1       srp dosis unica,2012-02-01,6,11,6,11,17
ACACIO,vacunaciones en ninos de 12 a 23 meses,l 18.1       srp dosis unica,2012-03-01,5,6,5,6,11
ACHACACHI,vacunaciones en ninos de 12 a 23 meses,l 18.1       srp dosis unica,2012-03-01,51,22,51,22,73
ACHOCALLA,vacunaciones en ninos de 12 a 23 meses,l 18.1       srp dosis unica,2012-03-01,6,6,6,6,12
AIQUILE,vacunaciones en ninos de 12 a 23 meses,l 18.1       srp dosis unica,2012-03-01,33,21,33,21,54
ALALAY,vacunaciones en ninos de 12 a 23 meses,l 18.1       srp dosis unica,2012-03-01,4,5,4,5,9
ALCALA,vacunaciones en ninos de 12 a 23 meses,l 18.1       srp dosis unica,2012-03-01,4,6,4,6,10
ALTO BENI,vacunaciones en ninos de 12 a 23 meses,l 18.1       srp dosis unica,2012-03-01,16,0,16,0,16
ANCORAIMES,vacunaciones en ninos de 12 a 23 meses,l 18.1       srp dosis unica,2012-03-01,27,11,27,11,38
ANDAMARCA,vacunaciones en ninos de 12 a 23 meses,l 18.1       srp dosis unica,2012-03-01,5,5,5,5,10
ANTEQUERA,vacunaciones en ninos de 12 a 23 meses,l 18.1       srp dosis unica,2012-03-01,0,8,0,8,8
ANZALDO,vacunaciones en ninos de 12 a 23 meses,l 18.1       srp dosis unica,2012-03-01,7,10,7,10,17
APOLO,vacunaciones en ninos de 12 a 23 meses,l 18.1       srp dosis unica,2012-03-01,20,19,20,19,39
ARAMPAMPA,vacunaciones en ninos de 12 a 23 meses,l 18.1       srp dosis unica,2012-03-01,4,9,4,9,13
ARANI,vacunaciones en ninos de 12 a 23 meses,l 18.1       srp dosis unica,2012-03-01,28,3,28,3,31
ARBIETO,vacunaciones en ninos de 12 a 23 meses,l 18.1       srp dosis unica,2012-03-01,12,24,12,24,36
ARQUE,vacunaciones en ninos de 12 a 23 meses,l 18.1       srp dosis unica,2012-03-01,34,13,34,13,47
ASCENCION DE GUARAYOS,vacunaciones en ninos de 12 a 23 meses,l 18.1       srp dosis unica,2012-03-01,44,3,44,3,47
ATOCHA,vacunaciones en ninos de 12 a 23 meses,l 18.1       srp dosis unica,2012-03-01,15,5,15,5,20
AUCAPATA,vacunaciones en ninos de 12 a 23 meses,l 18.1       srp dosis unica,2012-03-01,4,4,4,4,8
AYATA,vacunaciones en ninos de 12 a 23 meses,l 18.1       srp dosis unica,2012-03-01,1,10,1,10,11
AYO AYO,vacunaciones en ninos de 12 a 23 meses,l 18.1       srp dosis unica,2012-03-01,8,4,8,4,12
AYOPAYA (V. DE INDEPENDENCIA),vacunaciones en ninos de 12 a 23 meses,l 18.1       srp dosis unica,2012-03-01,32,29,32,29,61
AZURDUY,vacunaciones en ninos de 12 a 23 meses,l 18.1       srp dosis unica,2012-03-01,13,14,13,14,27
BATALLAS,vacunaciones en ninos de 12 a 23 meses,l 18.1       srp dosis unica,2012-03-01,17,13,17,13,30
BAURES,vacunaciones en ninos de 12 a 23 meses,l 18.1       srp dosis unica,2012-03-01,16,9,16,9,25
BELEN DE ANDAMARCA,vacunaciones en ninos de 12 a 23 meses,l 18.1       srp dosis unica,2012-03-01,2,3,2,3,5
BELEN DE URMIRI,vacunaciones en ninos de 12 a 23 meses,l 18.1       srp dosis unica,2012-03-01,1,1,1,1,2
BELLA FLOR,vacunaciones en ninos de 12 a 23 meses,l 18.1       srp dosis unica,2012-03-01,0,3,0,3,3
BERMEJO,vacunaciones en ninos de 12 a 23 meses,l 18.1       srp dosis unica,2012-03-01,51,49,51,49,100
BETANZOS,vacunaciones en ninos de 12 a 23 meses,l 18.1       srp dosis unica,2012-03-01,29,49,29,49,78
BOLIVAR,vacunaciones en ninos de 12 a 23 meses,l 18.1       srp dosis unica,2012-03-01,2,15,2,15,17
BOLPEBRA,vacunaciones en ninos de 12 a 23 meses,l 18.1       srp dosis unica,2012-03-01,1,3,1,3,4
BOYUIBE,vacunaciones en ninos de 12 a 23 meses,l 18.1       srp dosis unica,2012-03-01,2,14,2,14,16
BUENA VISTA,vacunaciones en ninos de 12 a 23 meses,l 18.1       srp dosis unica,2012-03-01,18,33,18,33,51
CABEZAS,vacunaciones en ninos de 12 a 23 meses,l 18.1       srp dosis unica,2012-03-01,34,82,34,82,116
CAIROMA,vacunaciones en ninos de 12 a 23 meses,l 18.1       srp dosis unica,2012-03-01,18,6,18,6,24
"CAIZA ""D""",vacunaciones en ninos de 12 a 23 meses,l 18.1       srp dosis unica,2012-03-01,16,7,16,7,23
CAJUATA,vacunaciones en ninos de 12 a 23 meses,l 18.1       srp dosis unica,2012-03-01,9,5,9,5,14
CALACOTO,vacunaciones en ninos de 12 a 23 meses,l 18.1       srp dosis unica,2012-03-01,6,2,6,2,8
CALAMARCA,vacunaciones en ninos de 12 a 23 meses,l 18.1       srp dosis unica,2012-03-01,10,14,10,14,24
CAMARGO,vacunaciones en ninos de 12 a 23 meses,l 18.1       srp dosis unica,2012-03-01,18,5,18,5,23
CAMATAQUI (C. VILLA ABECIA),vacunaciones en ninos de 12 a 23 meses,l 18.1       srp dosis unica,2012-03-01,3,0,3,0,3
CAMIRI,vacunaciones en ninos de 12 a 23 meses,l 18.1       srp dosis unica,2012-03-01,44,8,44,8,52
CAPINOTA,vacunaciones en ninos de 12 a 23 meses,l 18.1       srp dosis unica,2012-03-01,43,9,43,9,52
CAQUIAVIRI,vacunaciones en ninos de 12 a 23 meses,l 18.1       srp dosis unica,2012-03-01,8,15,8,15,23
CARACOLLO,vacunaciones en ninos de 12 a 23 meses,l 18.1       srp dosis unica,2012-03-01,31,10,31,10,41
CARANAVI,vacunaciones en ninos de 12 a 23 meses,l 18.1       srp dosis unica,2012-03-01,81,28,81,28,109
CARAPARI,vacunaciones en ninos de 12 a 23 meses,l 18.1       srp dosis unica,2012-03-01,11,9,11,9,20
CARIPUYO,vacunaciones en ninos de 12 a 23 meses,l 18.1       srp dosis unica,2012-03-01,4,54,4,54,58
CARMEN RIVERO TORREZ,vacunaciones en ninos de 12 a 23 meses,l 18.1       srp dosis unica,2012-03-01,1,5,1,5,6
CATACORA,vacunaciones en ninos de 12 a 23 meses,l 18.1       srp dosis unica,2012-03-01,1,0,1,0,1
CHACARILLA,vacunaciones en ninos de 12 a 23 meses,l 18.1       srp dosis unica,2012-03-01,1,0,1,0,1
CHALLAPATA,vacunaciones en ninos de 12 a 23 meses,l 18.1       srp dosis unica,2012-03-01,45,14,45,14,59
CHAQUI,vacunaciones en ninos de 12 a 23 meses,l 18.1       srp dosis unica,2012-03-01,7,6,7,6,13
CHARAGUA,vacunaciones en ninos de 12 a 23 meses,l 18.1       srp dosis unica,2012-03-01,62,103,62,103,165
CHARAÑA,vacunaciones en ninos de 12 a 23 meses,l 18.1       srp dosis unica,2012-03-01,4,0,4,0,4
CHAYANTA,vacunaciones en ninos de 12 a 23 meses,l 18.1       srp dosis unica,2012-03-01,14,28,14,28,42
CHIMORE,vacunaciones en ninos de 12 a 23 meses,l 18.1       srp dosis unica,2012-03-01,39,23,39,23,62
CHIPAYA,vacunaciones en ninos de 12 a 23 meses,l 18.1       srp dosis unica,2012-03-01,3,1,3,1,4
CHULUMANI (V. DE LA LIBERTAD),vacunaciones en ninos de 12 a 23 meses,l 18.1       srp dosis unica,2012-03-01,27,12,27,12,39
CHUMA,vacunaciones en ninos de 12 a 23 meses,l 18.1       srp dosis unica,2012-03-01,20,14,20,14,34
CHUQUIHUTA AYLLU JUCUMANI,vacunaciones en ninos de 12 a 23 meses,l 18.1       srp dosis unica,2012-03-01,7,11,7,11,18
CKOCHAS,vacunaciones en ninos de 12 a 23 meses,l 18.1       srp dosis unica,2012-03-01,10,13,10,13,23
CLIZA,vacunaciones en ninos de 12 a 23 meses,l 18.1       srp dosis unica,2012-03-01,31,19,31,19,50
COBIJA,vacunaciones en ninos de 12 a 23 meses,l 18.1       srp dosis unica,2012-03-01,82,15,82,15,97
COCAPATA,vacunaciones en ninos de 12 a 23 meses,l 18.1       srp dosis unica,2012-03-01,21,31,21,31,52
COCHABAMBA,vacunaciones en ninos de 12 a 23 meses,l 18.1       srp dosis unica,2012-03-01,1183,88,1183,88,1271
COIPASA,vacunaciones en ninos de 12 a 23 meses,l 18.1       srp dosis unica,2012-03-01,1,1,1,1,2
COLCAPIRHUA,vacunaciones en ninos de 12 a 23 meses,l 18.1       srp dosis unica,2012-03-01,81,26,81,26,107
"COLCHA ""K""",vacunaciones en ninos de 12 a 23 meses,l 18.1       srp dosis unica,2012-03-01,15,2,15,2,17
COLLANA,vacunaciones en ninos de 12 a 23 meses,l 18.1       srp dosis unica,2012-03-01,3,7,3,7,10
COLOMI,vacunaciones en ninos de 12 a 23 meses,l 18.1       srp dosis unica,2012-03-01,35,25,35,25,60
COLPA BELGICA,vacunaciones en ninos de 12 a 23 meses,l 18.1       srp dosis unica,2012-03-01,8,9,8,9,17
COLQUECHACA,vacunaciones en ninos de 12 a 23 meses,l 18.1       srp dosis unica,2012-03-01,32,49,32,49,81
COLQUENCHA,vacunaciones en ninos de 12 a 23 meses,l 18.1       srp dosis unica,2012-03-01,14,13,14,13,27
COLQUIRI,vacunaciones en ninos de 12 a 23 meses,l 18.1       srp dosis unica,2012-03-01,7,35,7,35,42
COMANCHE,vacunaciones en ninos de 12 a 23 meses,l 18.1       srp dosis unica,2012-03-01,3,0,3,0,3
COMARAPA,vacunaciones en ninos de 12 a 23 meses,l 18.1       srp dosis unica,2012-03-01,33,16,33,16,49
COMBAYA,vacunaciones en ninos de 12 a 23 meses,l 18.1       srp dosis unica,2012-03-01,0,4,0,4,4
CONCEPCION,vacunaciones en ninos de 12 a 23 meses,l 18.1       srp dosis unica,2012-03-01,23,15,23,15,38
COPACABANA,vacunaciones en ninos de 12 a 23 meses,l 18.1       srp dosis unica,2012-03-01,8,7,8,7,15
CORIPATA,vacunaciones en ninos de 12 a 23 meses,l 18.1       srp dosis unica,2012-03-01,17,3,17,3,20
CORO CORO,vacunaciones en ninos de 12 a 23 meses,l 18.1       srp dosis unica,2012-03-01,8,17,8,17,25
COROICO,vacunaciones en ninos de 12 a 23 meses,l 18.1       srp dosis unica,2012-03-01,14,21,14,21,35
CORQUE,vacunaciones en ninos de 12 a 23 meses,l 18.1       srp dosis unica,2012-03-01,5,4,5,4,9
COTAGAITA,vacunaciones en ninos de 12 a 23 meses,l 18.1       srp dosis unica,2012-03-01,16,37,16,37,53
COTOCA,vacunaciones en ninos de 12 a 23 meses,l 18.1       srp dosis unica,2012-03-01,101,20,101,20,121
CUATRO CAÑADAS,vacunaciones en ninos de 12 a 23 meses,l 18.1       srp dosis unica,2012-03-01,4,32,4,32,36
CUCHUMUELA (V. G. VILLARROEL),vacunaciones en ninos de 12 a 23 meses,l 18.1       srp dosis unica,2012-03-01,1,0,1,0,1
CUEVO,vacunaciones en ninos de 12 a 23 meses,l 18.1       srp dosis unica,2012-03-01,4,6,4,6,10
CULPINA,vacunaciones en ninos de 12 a 23 meses,l 18.1       srp dosis unica,2012-03-01,29,26,29,26,55
CURAHUARA DE CARANGAS,vacunaciones en ninos de 12 a 23 meses,l 18.1       srp dosis unica,2012-03-01,8,2,8,2,10
CURVA,vacunaciones en ninos de 12 a 23 meses,l 18.1       srp dosis unica,2012-03-01,1,3,1,3,4
DESAGUADERO,vacunaciones en ninos de 12 a 23 meses,l 18.1       srp dosis unica,2012-03-01,8,3,8,3,11
EL ALTO,vacunaciones en ninos de 12 a 23 meses,l 18.1       srp dosis unica,2012-03-01,1308,75,1308,75,1383
EL CHORO,vacunaciones en ninos de 12 a 23 meses,l 18.1       srp dosis unica,2012-03-01,8,0,8,0,8
EL PUENTE(STC),vacunaciones en ninos de 12 a 23 meses,l 18.1       srp dosis unica,2012-03-01,25,7,25,7,32
EL PUENTE(TJA),vacunaciones en ninos de 12 a 23 meses,l 18.1       srp dosis unica,2012-03-01,8,3,8,3,11
EL TORNO,vacunaciones en ninos de 12 a 23 meses,l 18.1       srp dosis unica,2012-03-01,98,20,98,20,118
EL VILLAR,vacunaciones en ninos de 12 a 23 meses,l 18.1       srp dosis unica,2012-03-01,5,5,5,5,10
ENTRE RIOS TRJ,vacunaciones en ninos de 12 a 23 meses,l 18.1       srp dosis unica,2012-03-01,16,14,16,14,30
ENTRE RIOS CBBA,vacunaciones en ninos de 12 a 23 meses,l 18.1       srp dosis unica,2012-03-01,58,13,58,13,71
ESCOMA,vacunaciones en ninos de 12 a 23 meses,l 18.1       srp dosis unica,2012-03-01,4,3,4,3,7
EUCALIPTUS,vacunaciones en ninos de 12 a 23 meses,l 18.1       srp dosis unica,2012-03-01,6,2,6,2,8
EUREKA (SANTOS MERCADO),vacunaciones en ninos de 12 a 23 meses,l 18.1       srp dosis unica,2012-03-01,1,5,1,5,6
EXALTACION,vacunaciones en ninos de 12 a 23 meses,l 18.1       srp dosis unica,2012-03-01,7,0,7,0,7
FERNANDEZ ALONSO,vacunaciones en ninos de 12 a 23 meses,l 18.1       srp dosis unica,2012-03-01,9,10,9,10,19
FILADELFIA,vacunaciones en ninos de 12 a 23 meses,l 18.1       srp dosis unica,2012-03-01,2,18,2,18,20
GENERAL SAAVEDRA,vacunaciones en ninos de 12 a 23 meses,l 18.1       srp dosis unica,2012-03-01,22,27,22,27,49
GRAL. J.J. PEREZ (CHARAZANI),vacunaciones en ninos de 12 a 23 meses,l 18.1       srp dosis unica,2012-03-01,7,27,7,27,34
GUANAY,vacunaciones en ninos de 12 a 23 meses,l 18.1       srp dosis unica,2012-03-01,4,28,4,28,32
GUAQUI,vacunaciones en ninos de 12 a 23 meses,l 18.1       srp dosis unica,2012-03-01,0,12,0,12,12
GUAYARAMERIN,vacunaciones en ninos de 12 a 23 meses,l 18.1       srp dosis unica,2012-03-01,74,35,74,35,109
GUTIERREZ,vacunaciones en ninos de 12 a 23 meses,l 18.1       srp dosis unica,2012-03-01,12,3,12,3,15
HUACARETA,vacunaciones en ninos de 12 a 23 meses,l 18.1       srp dosis unica,2012-03-01,20,11,20,11,31
HUACAYA (VILLA DE HUACAYA),vacunaciones en ninos de 12 a 23 meses,l 18.1       srp dosis unica,2012-03-01,6,5,6,5,11
HUANUNI,vacunaciones en ninos de 12 a 23 meses,l 18.1       srp dosis unica,2012-03-01,51,45,51,45,96
HUARACAJE,vacunaciones en ninos de 12 a 23 meses,l 18.1       srp dosis unica,2012-03-01,1,11,1,11,12
HUARINA,vacunaciones en ninos de 12 a 23 meses,l 18.1       srp dosis unica,2012-03-01,3,6,3,6,9
HUAYLLAMARCA,vacunaciones en ninos de 12 a 23 meses,l 18.1       srp dosis unica,2012-03-01,3,4,3,4,7
HUMANATA,vacunaciones en ninos de 12 a 23 meses,l 18.1       srp dosis unica,2012-03-01,7,3,7,3,10
ICHOCA,vacunaciones en ninos de 12 a 23 meses,l 18.1       srp dosis unica,2012-03-01,2,2,2,2,4
ICLA,vacunaciones en ninos de 12 a 23 meses,l 18.1       srp dosis unica,2012-03-01,3,7,3,7,10
INCAHUASI,vacunaciones en ninos de 12 a 23 meses,l 18.1       srp dosis unica,2012-03-01,19,10,19,10,29
INGAVI (HUMAITA),vacunaciones en ninos de 12 a 23 meses,l 18.1       srp dosis unica,2012-03-01,0,7,0,7,7
INQUISIVI,vacunaciones en ninos de 12 a 23 meses,l 18.1       srp dosis unica,2012-03-01,9,30,9,30,39
IRUPANA (VILLA DE LANZA),vacunaciones en ninos de 12 a 23 meses,l 18.1       srp dosis unica,2012-03-01,11,18,11,18,29
IXIAMAS,vacunaciones en ninos de 12 a 23 meses,l 18.1       srp dosis unica,2012-03-01,17,0,17,0,17
JESUS DE MACHACA,vacunaciones en ninos de 12 a 23 meses,l 18.1       srp dosis unica,2012-03-01,19,5,19,5,24
LA ASUNTA,vacunaciones en ninos de 12 a 23 meses,l 18.1       srp dosis unica,2012-03-01,109,15,109,15,124
LA GUARDIA,vacunaciones en ninos de 12 a 23 meses,l 18.1       srp dosis unica,2012-03-01,162,22,162,22,184
LA PAZ,vacunaciones en ninos de 12 a 23 meses,l 18.1       srp dosis unica,2012-03-01,1001,40,1001,40,1041
LA RIVERA,vacunaciones en ninos de 12 a 23 meses,l 18.1       srp dosis unica,2012-03-01,0,1,0,1,1
LAGUNILLAS,vacunaciones en ninos de 12 a 23 meses,l 18.1       srp dosis unica,2012-03-01,4,10,4,10,14
LAJA,vacunaciones en ninos de 12 a 23 meses,l 18.1       srp dosis unica,2012-03-01,33,10,33,10,43
LAS CARRERAS,vacunaciones en ninos de 12 a 23 meses,l 18.1       srp dosis unica,2012-03-01,3,2,3,2,5
LICOMA PAMPA,vacunaciones en ninos de 12 a 23 meses,l 18.1       srp dosis unica,2012-03-01,3,0,3,0,3
LLALLAGUA,vacunaciones en ninos de 12 a 23 meses,l 18.1       srp dosis unica,2012-03-01,54,29,54,29,83
LLICA,vacunaciones en ninos de 12 a 23 meses,l 18.1       srp dosis unica,2012-03-01,5,1,5,1,6
LORETO,vacunaciones en ninos de 12 a 23 meses,l 18.1       srp dosis unica,2012-03-01,2,0,2,0,2
LURIBAY,vacunaciones en ninos de 12 a 23 meses,l 18.1       srp dosis unica,2012-03-01,7,3,7,3,10
MACHACAMARCA,vacunaciones en ninos de 12 a 23 meses,l 18.1       srp dosis unica,2012-03-01,11,0,11,0,11
MACHARETI,vacunaciones en ninos de 12 a 23 meses,l 18.1       srp dosis unica,2012-03-01,12,8,12,8,20
MAGDALENA,vacunaciones en ninos de 12 a 23 meses,l 18.1       srp dosis unica,2012-03-01,4,24,4,24,28
MAIRANA,vacunaciones en ninos de 12 a 23 meses,l 18.1       srp dosis unica,2012-03-01,13,1,13,1,14
MALLA,vacunaciones en ninos de 12 a 23 meses,l 18.1       srp dosis unica,2012-03-01,1,1,1,1,2
MAPIRI,vacunaciones en ninos de 12 a 23 meses,l 18.1       srp dosis unica,2012-03-01,23,24,23,24,47
MECAPACA,vacunaciones en ninos de 12 a 23 meses,l 18.1       srp dosis unica,2012-03-01,12,11,12,11,23
MINEROS,vacunaciones en ninos de 12 a 23 meses,l 18.1       srp dosis unica,2012-03-01,35,1,35,1,36
MIZQUE,vacunaciones en ninos de 12 a 23 meses,l 18.1       srp dosis unica,2012-03-01,44,45,44,45,89
MOCOMOCO,vacunaciones en ninos de 12 a 23 meses,l 18.1       srp dosis unica,2012-03-01,13,16,13,16,29
MOJOCOYA,vacunaciones en ninos de 12 a 23 meses,l 18.1       srp dosis unica,2012-03-01,6,8,6,8,14
MONTEAGUDO,vacunaciones en ninos de 12 a 23 meses,l 18.1       srp dosis unica,2012-03-01,27,22,27,22,49
MONTERO,vacunaciones en ninos de 12 a 23 meses,l 18.1       srp dosis unica,2012-03-01,216,24,216,24,240
MORO MORO,vacunaciones en ninos de 12 a 23 meses,l 18.1       srp dosis unica,2012-03-01,3,0,3,0,3
MOROCHATA,vacunaciones en ninos de 12 a 23 meses,l 18.1       srp dosis unica,2012-03-01,6,10,6,10,16
NACEBE (SANTA ROSA DEL ABUNA),vacunaciones en ninos de 12 a 23 meses,l 18.1       srp dosis unica,2012-03-01,0,10,0,10,10
NAZACARA DE PACAJES,vacunaciones en ninos de 12 a 23 meses,l 18.1       srp dosis unica,2012-03-01,0,2,0,2,2
NUEVO MANOA (NUEVA ESPERANZA),vacunaciones en ninos de 12 a 23 meses,l 18.1       srp dosis unica,2012-03-01,5,5,5,5,10
OCURI,vacunaciones en ninos de 12 a 23 meses,l 18.1       srp dosis unica,2012-03-01,12,28,12,28,40
OKINAWA,vacunaciones en ninos de 12 a 23 meses,l 18.1       srp dosis unica,2012-03-01,30,5,30,5,35
OMEREQUE,vacunaciones en ninos de 12 a 23 meses,l 18.1       srp dosis unica,2012-03-01,2,25,2,25,27
ORURO,vacunaciones en ninos de 12 a 23 meses,l 18.1       srp dosis unica,2012-03-01,503,32,503,32,535
PADCAYA,vacunaciones en ninos de 12 a 23 meses,l 18.1       srp dosis unica,2012-03-01,16,7,16,7,23
PADILLA,vacunaciones en ninos de 12 a 23 meses,l 18.1       srp dosis unica,2012-03-01,14,4,14,4,18
PAILON,vacunaciones en ninos de 12 a 23 meses,l 18.1       srp dosis unica,2012-03-01,42,48,42,48,90
PALCA,vacunaciones en ninos de 12 a 23 meses,l 18.1       srp dosis unica,2012-03-01,23,11,23,11,34
PALOS BLANCOS,vacunaciones en ninos de 12 a 23 meses,l 18.1       srp dosis unica,2012-03-01,38,16,38,16,54
PAMPA AULLAGAS,vacunaciones en ninos de 12 a 23 meses,l 18.1       srp dosis unica,2012-03-01,3,1,3,1,4
PAMPA GRANDE,vacunaciones en ninos de 12 a 23 meses,l 18.1       srp dosis unica,2012-03-01,15,6,15,6,21
PAPEL PAMPA,vacunaciones en ninos de 12 a 23 meses,l 18.1       srp dosis unica,2012-03-01,0,9,0,9,9
PASORAPA,vacunaciones en ninos de 12 a 23 meses,l 18.1       srp dosis unica,2012-03-01,3,7,3,7,10
PATACAMAYA,vacunaciones en ninos de 12 a 23 meses,l 18.1       srp dosis unica,2012-03-01,35,5,35,5,40
PAZÑA,vacunaciones en ninos de 12 a 23 meses,l 18.1       srp dosis unica,2012-03-01,8,3,8,3,11
PELECHUCO,vacunaciones en ninos de 12 a 23 meses,l 18.1       srp dosis unica,2012-03-01,13,3,13,3,16
POCOATA,vacunaciones en ninos de 12 a 23 meses,l 18.1       srp dosis unica,2012-03-01,10,45,10,45,55
POCONA,vacunaciones en ninos de 12 a 23 meses,l 18.1       srp dosis unica,2012-03-01,11,9,11,9,20
POJO (CBBA),vacunaciones en ninos de 12 a 23 meses,l 18.1       srp dosis unica,2012-03-01,25,10,25,10,35
POOPO,vacunaciones en ninos de 12 a 23 meses,l 18.1       srp dosis unica,2012-03-01,9,13,9,13,22
PORCO,vacunaciones en ninos de 12 a 23 meses,l 18.1       srp dosis unica,2012-03-01,16,8,16,8,24
POROMA,vacunaciones en ninos de 12 a 23 meses,l 18.1       srp dosis unica,2012-03-01,10,31,10,31,41
PORONGO,vacunaciones en ninos de 12 a 23 meses,l 18.1       srp dosis unica,2012-03-01,17,35,17,35,52
PORTACHUELO,vacunaciones en ninos de 12 a 23 meses,l 18.1       srp dosis unica,2012-03-01,40,3,40,3,43
PORVENIR,vacunaciones en ninos de 12 a 23 meses,l 18.1       srp dosis unica,2012-03-01,4,6,4,6,10
POSTRER VALLE,vacunaciones en ninos de 12 a 23 meses,l 18.1       srp dosis unica,2012-03-01,2,5,2,5,7
POTOSI,vacunaciones en ninos de 12 a 23 meses,l 18.1       srp dosis unica,2012-03-01,351,18,351,18,369
PRESTO,vacunaciones en ninos de 12 a 23 meses,l 18.1       srp dosis unica,2012-03-01,3,8,3,8,11
PUCARA,vacunaciones en ninos de 12 a 23 meses,l 18.1       srp dosis unica,2012-03-01,1,1,1,1,2
PUCARANI,vacunaciones en ninos de 12 a 23 meses,l 18.1       srp dosis unica,2012-03-01,30,30,30,30,60
PUERTO ACOSTA,vacunaciones en ninos de 12 a 23 meses,l 18.1       srp dosis unica,2012-03-01,0,22,0,22,22
PUERTO CARABUCO,vacunaciones en ninos de 12 a 23 meses,l 18.1       srp dosis unica,2012-03-01,0,13,0,13,13
PUERTO GONZALO MORENO,vacunaciones en ninos de 12 a 23 meses,l 18.1       srp dosis unica,2012-03-01,0,9,0,9,9
PUERTO PEREZ,vacunaciones en ninos de 12 a 23 meses,l 18.1       srp dosis unica,2012-03-01,5,10,5,10,15
PUERTO QUIJARRO,vacunaciones en ninos de 12 a 23 meses,l 18.1       srp dosis unica,2012-03-01,31,26,31,26,57
PUERTO RICO,vacunaciones en ninos de 12 a 23 meses,l 18.1       srp dosis unica,2012-03-01,12,14,12,14,26
PUERTO SUAREZ,vacunaciones en ninos de 12 a 23 meses,l 18.1       srp dosis unica,2012-03-01,24,18,24,18,42
PUERTO VILLARROEL,vacunaciones en ninos de 12 a 23 meses,l 18.1       srp dosis unica,2012-03-01,88,15,88,15,103
PUNA,vacunaciones en ninos de 12 a 23 meses,l 18.1       srp dosis unica,2012-03-01,24,25,24,25,49
PUNATA,vacunaciones en ninos de 12 a 23 meses,l 18.1       srp dosis unica,2012-03-01,44,4,44,4,48
QUIABAYA,vacunaciones en ninos de 12 a 23 meses,l 18.1       srp dosis unica,2012-03-01,1,6,1,6,7
QUILLACOLLO,vacunaciones en ninos de 12 a 23 meses,l 18.1       srp dosis unica,2012-03-01,187,35,187,35,222
QUIME,vacunaciones en ninos de 12 a 23 meses,l 18.1       srp dosis unica,2012-03-01,3,24,3,24,27
QUIRUSILLAS,vacunaciones en ninos de 12 a 23 meses,l 18.1       srp dosis unica,2012-03-01,2,0,2,0,2
RAVELO,vacunaciones en ninos de 12 a 23 meses,l 18.1       srp dosis unica,2012-03-01,14,22,14,22,36
REYES,vacunaciones en ninos de 12 a 23 meses,l 18.1       srp dosis unica,2012-03-01,9,3,9,3,12
RIBERALTA,vacunaciones en ninos de 12 a 23 meses,l 18.1       srp dosis unica,2012-03-01,177,107,177,107,284
ROBORE,vacunaciones en ninos de 12 a 23 meses,l 18.1       srp dosis unica,2012-03-01,26,7,26,7,33
RURRENABAQUE,vacunaciones en ninos de 12 a 23 meses,l 18.1       srp dosis unica,2012-03-01,54,12,54,12,66
SABAYA,vacunaciones en ninos de 12 a 23 meses,l 18.1       srp dosis unica,2012-03-01,3,0,3,0,3
SACABA,vacunaciones en ninos de 12 a 23 meses,l 18.1       srp dosis unica,2012-03-01,238,161,238,161,399
SACABAMBA,vacunaciones en ninos de 12 a 23 meses,l 18.1       srp dosis unica,2012-03-01,6,8,6,8,14
SACACA,vacunaciones en ninos de 12 a 23 meses,l 18.1       srp dosis unica,2012-03-01,34,19,34,19,53
SAIPINA,vacunaciones en ninos de 12 a 23 meses,l 18.1       srp dosis unica,2012-03-01,6,4,6,4,10
SALINAS DE GARCI MENDOZA,vacunaciones en ninos de 12 a 23 meses,l 18.1       srp dosis unica,2012-03-01,12,12,12,12,24
SAMAIPATA,vacunaciones en ninos de 12 a 23 meses,l 18.1       srp dosis unica,2012-03-01,7,11,7,11,18
SAN AGUSTIN,vacunaciones en ninos de 12 a 23 meses,l 18.1       srp dosis unica,2012-03-01,4,0,4,0,4
SAN ANDRES,vacunaciones en ninos de 12 a 23 meses,l 18.1       srp dosis unica,2012-03-01,18,13,18,13,31
SAN ANDRES DE MACHACA,vacunaciones en ninos de 12 a 23 meses,l 18.1       srp dosis unica,2012-03-01,2,10,2,10,12
SAN ANTONIO DE ESMORUCO,vacunaciones en ninos de 12 a 23 meses,l 18.1       srp dosis unica,2012-03-01,4,0,4,0,4
SAN ANTONIO DE LOMERIO,vacunaciones en ninos de 12 a 23 meses,l 18.1       srp dosis unica,2012-03-01,3,17,3,17,20
SAN BENITO,vacunaciones en ninos de 12 a 23 meses,l 18.1       srp dosis unica,2012-03-01,12,16,12,16,28
SAN BORJA,vacunaciones en ninos de 12 a 23 meses,l 18.1       srp dosis unica,2012-03-01,78,32,78,32,110
SAN BUENA VENTURA,vacunaciones en ninos de 12 a 23 meses,l 18.1       srp dosis unica,2012-03-01,21,0,21,0,21
SAN CARLOS,vacunaciones en ninos de 12 a 23 meses,l 18.1       srp dosis unica,2012-03-01,49,10,49,10,59
SAN IGNACIO,vacunaciones en ninos de 12 a 23 meses,l 18.1       srp dosis unica,2012-03-01,46,19,46,19,65
SAN IGNACIO DE VELASCO,vacunaciones en ninos de 12 a 23 meses,l 18.1       srp dosis unica,2012-03-01,135,56,135,56,191
SAN JAVIER(BNI),vacunaciones en ninos de 12 a 23 meses,l 18.1       srp dosis unica,2012-03-01,1,6,1,6,7
SAN JAVIER(STC),vacunaciones en ninos de 12 a 23 meses,l 18.1       srp dosis unica,2012-03-01,25,17,25,17,42
SAN JOAQUIN,vacunaciones en ninos de 12 a 23 meses,l 18.1       srp dosis unica,2012-03-01,2,6,2,6,8
SAN JOSE DE CHIQUITOS,vacunaciones en ninos de 12 a 23 meses,l 18.1       srp dosis unica,2012-03-01,37,12,37,12,49
SAN JUAN DE YAPACANI,vacunaciones en ninos de 12 a 23 meses,l 18.1       srp dosis unica,2012-03-01,9,8,9,8,17
SAN JULIAN,vacunaciones en ninos de 12 a 23 meses,l 18.1       srp dosis unica,2012-03-01,51,89,51,89,140
SAN LORENZO(PND),vacunaciones en ninos de 12 a 23 meses,l 18.1       srp dosis unica,2012-03-01,5,9,5,9,14
SAN LORENZO(TJA),vacunaciones en ninos de 12 a 23 meses,l 18.1       srp dosis unica,2012-03-01,22,8,22,8,30
SAN LUCAS,vacunaciones en ninos de 12 a 23 meses,l 18.1       srp dosis unica,2012-03-01,36,52,36,52,88
SAN MATIAS,vacunaciones en ninos de 12 a 23 meses,l 18.1       srp dosis unica,2012-03-01,32,2,32,2,34
SAN MIGUEL DE VELASCO,vacunaciones en ninos de 12 a 23 meses,l 18.1       srp dosis unica,2012-03-01,20,7,20,7,27
SAN PABLO DE LIPEZ,vacunaciones en ninos de 12 a 23 meses,l 18.1       srp dosis unica,2012-03-01,9,3,9,3,12
SAN PEDRO,vacunaciones en ninos de 12 a 23 meses,l 18.1       srp dosis unica,2012-03-01,27,15,27,15,42
SAN PEDRO DE BUENA VISTA,vacunaciones en ninos de 12 a 23 meses,l 18.1       srp dosis unica,2012-03-01,29,41,29,41,70
SAN PEDRO DE CURAHUARA,vacunaciones en ninos de 12 a 23 meses,l 18.1       srp dosis unica,2012-03-01,5,13,5,13,18
SAN PEDRO DE TIQUINA,vacunaciones en ninos de 12 a 23 meses,l 18.1       srp dosis unica,2012-03-01,5,3,5,3,8
SAN RAFAEL,vacunaciones en ninos de 12 a 23 meses,l 18.1       srp dosis unica,2012-03-01,8,16,8,16,24
SAN RAMON BENI,vacunaciones en ninos de 12 a 23 meses,l 18.1       srp dosis unica,2012-03-01,2,14,2,14,16
SAN RAMON SCZ,vacunaciones en ninos de 12 a 23 meses,l 18.1       srp dosis unica,2012-03-01,27,2,27,2,29
SANTA ANA,vacunaciones en ninos de 12 a 23 meses,l 18.1       srp dosis unica,2012-03-01,17,0,17,0,17
SANTA CRUZ DE LA SIERRA,vacunaciones en ninos de 12 a 23 meses,l 18.1       srp dosis unica,2012-03-01,2200,112,2200,112,2312
SANTA ROSA,vacunaciones en ninos de 12 a 23 meses,l 18.1       srp dosis unica,2012-03-01,29,11,29,11,40
SANTA ROSA DEL SARA,vacunaciones en ninos de 12 a 23 meses,l 18.1       srp dosis unica,2012-03-01,33,15,33,15,48
SANTIAGO DE CALLAPA,vacunaciones en ninos de 12 a 23 meses,l 18.1       srp dosis unica,2012-03-01,4,4,4,4,8
SANTIAGO DE HUARI,vacunaciones en ninos de 12 a 23 meses,l 18.1       srp dosis unica,2012-03-01,3,16,3,16,19
SANTIAGO DE HUATA,vacunaciones en ninos de 12 a 23 meses,l 18.1       srp dosis unica,2012-03-01,0,3,0,3,3
SANTIAGO DE MACHACA,vacunaciones en ninos de 12 a 23 meses,l 18.1       srp dosis unica,2012-03-01,1,5,1,5,6
SANTIVAÑES,vacunaciones en ninos de 12 a 23 meses,l 18.1       srp dosis unica,2012-03-01,1,8,1,8,9
SANTUARIO DE QUILLACAS,vacunaciones en ninos de 12 a 23 meses,l 18.1       srp dosis unica,2012-03-01,0,7,0,7,7
SAPAHAQUI,vacunaciones en ninos de 12 a 23 meses,l 18.1       srp dosis unica,2012-03-01,4,11,4,11,15
SENA,vacunaciones en ninos de 12 a 23 meses,l 18.1       srp dosis unica,2012-03-01,5,10,5,10,15
SHINAOTA,vacunaciones en ninos de 12 a 23 meses,l 18.1       srp dosis unica,2012-03-01,50,19,50,19,69
SICA SICA (VILLA AROMA),vacunaciones en ninos de 12 a 23 meses,l 18.1       srp dosis unica,2012-03-01,27,10,27,10,37
SICAYA,vacunaciones en ninos de 12 a 23 meses,l 18.1       srp dosis unica,2012-03-01,1,5,1,5,6
SIPE SIPE,vacunaciones en ninos de 12 a 23 meses,l 18.1       srp dosis unica,2012-03-01,69,7,69,7,76
SOPACHUY,vacunaciones en ninos de 12 a 23 meses,l 18.1       srp dosis unica,2012-03-01,4,10,4,10,14
SORACACHI,vacunaciones en ninos de 12 a 23 meses,l 18.1       srp dosis unica,2012-03-01,9,14,9,14,23
SORATA,vacunaciones en ninos de 12 a 23 meses,l 18.1       srp dosis unica,2012-03-01,21,21,21,21,42
SUCRE,vacunaciones en ninos de 12 a 23 meses,l 18.1       srp dosis unica,2012-03-01,637,64,637,64,701
TACACHI,vacunaciones en ninos de 12 a 23 meses,l 18.1       srp dosis unica,2012-03-01,2,2,2,2,4
TACACOMA,vacunaciones en ninos de 12 a 23 meses,l 18.1       srp dosis unica,2012-03-01,7,1,7,1,8
TACOBAMBA,vacunaciones en ninos de 12 a 23 meses,l 18.1       srp dosis unica,2012-03-01,24,10,24,10,34
TACOPAYA,vacunaciones en ninos de 12 a 23 meses,l 18.1       srp dosis unica,2012-03-01,17,16,17,16,33
TAHUA,vacunaciones en ninos de 12 a 23 meses,l 18.1       srp dosis unica,2012-03-01,1,2,1,2,3
TAPACARI,vacunaciones en ninos de 12 a 23 meses,l 18.1       srp dosis unica,2012-03-01,25,18,25,18,43
TARABUCO,vacunaciones en ninos de 12 a 23 meses,l 18.1       srp dosis unica,2012-03-01,18,37,18,37,55
TARACO,vacunaciones en ninos de 12 a 23 meses,l 18.1       srp dosis unica,2012-03-01,3,0,3,0,3
TARATA,vacunaciones en ninos de 12 a 23 meses,l 18.1       srp dosis unica,2012-03-01,10,3,10,3,13
TARIJA,vacunaciones en ninos de 12 a 23 meses,l 18.1       srp dosis unica,2012-03-01,344,14,344,14,358
TARVITA,vacunaciones en ninos de 12 a 23 meses,l 18.1       srp dosis unica,2012-03-01,17,19,17,19,36
TEOPONTE,vacunaciones en ninos de 12 a 23 meses,l 18.1       srp dosis unica,2012-03-01,5,5,5,5,10
TIAWANACU,vacunaciones en ninos de 12 a 23 meses,l 18.1       srp dosis unica,2012-03-01,11,16,11,16,27
TINGUIPAYA,vacunaciones en ninos de 12 a 23 meses,l 18.1       srp dosis unica,2012-03-01,41,27,41,27,68
TIPUANI,vacunaciones en ninos de 12 a 23 meses,l 18.1       srp dosis unica,2012-03-01,8,17,8,17,25
TIQUIPAYA,vacunaciones en ninos de 12 a 23 meses,l 18.1       srp dosis unica,2012-03-01,82,43,82,43,125
TIRAQUE (CBBA),vacunaciones en ninos de 12 a 23 meses,l 18.1       srp dosis unica,2012-03-01,35,55,35,55,90
TOCO,vacunaciones en ninos de 12 a 23 meses,l 18.1       srp dosis unica,2012-03-01,5,9,5,9,14
TOLATA,vacunaciones en ninos de 12 a 23 meses,l 18.1       srp dosis unica,2012-03-01,6,7,6,7,13
TOLEDO,vacunaciones en ninos de 12 a 23 meses,l 18.1       srp dosis unica,2012-03-01,1,4,1,4,5
TOMAVE,vacunaciones en ninos de 12 a 23 meses,l 18.1       srp dosis unica,2012-03-01,10,30,10,30,40
TOMINA,vacunaciones en ninos de 12 a 23 meses,l 18.1       srp dosis unica,2012-03-01,15,15,15,15,30
TORO TORO,vacunaciones en ninos de 12 a 23 meses,l 18.1       srp dosis unica,2012-03-01,6,18,6,18,24
TOTORA(CBBA),vacunaciones en ninos de 12 a 23 meses,l 18.1       srp dosis unica,2012-03-01,19,19,19,19,38
TOTORA(ORR),vacunaciones en ninos de 12 a 23 meses,l 18.1       srp dosis unica,2012-03-01,7,3,7,3,10
TRIGAL,vacunaciones en ninos de 12 a 23 meses,l 18.1       srp dosis unica,2012-03-01,1,7,1,7,8
TRINIDAD,vacunaciones en ninos de 12 a 23 meses,l 18.1       srp dosis unica,2012-03-01,189,6,189,6,195
TUPIZA,vacunaciones en ninos de 12 a 23 meses,l 18.1       srp dosis unica,2012-03-01,70,16,70,16,86
TURCO,vacunaciones en ninos de 12 a 23 meses,l 18.1       srp dosis unica,2012-03-01,2,4,2,4,6
UMALA,vacunaciones en ninos de 12 a 23 meses,l 18.1       srp dosis unica,2012-03-01,1,15,1,15,16
UNCIA,vacunaciones en ninos de 12 a 23 meses,l 18.1       srp dosis unica,2012-03-01,23,8,23,8,31
URIONDO (A. CONCEPCION),vacunaciones en ninos de 12 a 23 meses,l 18.1       srp dosis unica,2012-03-01,13,12,13,12,25
URUBICHA,vacunaciones en ninos de 12 a 23 meses,l 18.1       srp dosis unica,2012-03-01,10,7,10,7,17
UYUNI,vacunaciones en ninos de 12 a 23 meses,l 18.1       srp dosis unica,2012-03-01,37,1,37,1,38
VACAS,vacunaciones en ninos de 12 a 23 meses,l 18.1       srp dosis unica,2012-03-01,15,19,15,19,34
VALLEGRANDE,vacunaciones en ninos de 12 a 23 meses,l 18.1       srp dosis unica,2012-03-01,25,2,25,2,27
VIACHA,vacunaciones en ninos de 12 a 23 meses,l 18.1       srp dosis unica,2012-03-01,84,2,84,2,86
VILA VILA,vacunaciones en ninos de 12 a 23 meses,l 18.1       srp dosis unica,2012-03-01,7,3,7,3,10
VILLA CHARCAS,vacunaciones en ninos de 12 a 23 meses,l 18.1       srp dosis unica,2012-03-01,20,20,20,20,40
VILLA MONTES,vacunaciones en ninos de 12 a 23 meses,l 18.1       srp dosis unica,2012-03-01,70,24,70,24,94
VILLA NUEVA (LOMA ALTA),vacunaciones en ninos de 12 a 23 meses,l 18.1       srp dosis unica,2012-03-01,5,2,5,2,7
VILLA RIVERO,vacunaciones en ninos de 12 a 23 meses,l 18.1       srp dosis unica,2012-03-01,3,11,3,11,14
VILLA SERRANO,vacunaciones en ninos de 12 a 23 meses,l 18.1       srp dosis unica,2012-03-01,17,4,17,4,21
VILLA TUNARI,vacunaciones en ninos de 12 a 23 meses,l 18.1       srp dosis unica,2012-03-01,126,49,126,49,175
VILLA VACA GUZMAN (MUYUPAMPA),vacunaciones en ninos de 12 a 23 meses,l 18.1       srp dosis unica,2012-03-01,13,17,13,17,30
VILLAZON,vacunaciones en ninos de 12 a 23 meses,l 18.1       srp dosis unica,2012-03-01,49,24,49,24,73
VINTO,vacunaciones en ninos de 12 a 23 meses,l 18.1       srp dosis unica,2012-03-01,64,2,64,2,66
VITICHI,vacunaciones en ninos de 12 a 23 meses,l 18.1       srp dosis unica,2012-03-01,12,2,12,2,14
WALDO BALLIVIAN,vacunaciones en ninos de 12 a 23 meses,l 18.1       srp dosis unica,2012-03-01,2,1,2,1,3
WARNES,vacunaciones en ninos de 12 a 23 meses,l 18.1       srp dosis unica,2012-03-01,174,48,174,48,222
YACO,vacunaciones en ninos de 12 a 23 meses,l 18.1       srp dosis unica,2012-03-01,8,10,8,10,18
YACUIBA,vacunaciones en ninos de 12 a 23 meses,l 18.1       srp dosis unica,2012-03-01,140,29,140,29,169
YAMPARAEZ,vacunaciones en ninos de 12 a 23 meses,l 18.1       srp dosis unica,2012-03-01,8,8,8,8,16
YANACACHI,vacunaciones en ninos de 12 a 23 meses,l 18.1       srp dosis unica,2012-03-01,9,7,9,7,16
YAPACANI,vacunaciones en ninos de 12 a 23 meses,l 18.1       srp dosis unica,2012-03-01,92,49,92,49,141
YOCALLA,vacunaciones en ninos de 12 a 23 meses,l 18.1       srp dosis unica,2012-03-01,8,8,8,8,16
YOTALA,vacunaciones en ninos de 12 a 23 meses,l 18.1       srp dosis unica,2012-03-01,6,7,6,7,13
YUNCHARA,vacunaciones en ninos de 12 a 23 meses,l 18.1       srp dosis unica,2012-03-01,3,8,3,8,11
ZUDAÑEZ,vacunaciones en ninos de 12 a 23 meses,l 18.1       srp dosis unica,2012-03-01,4,9,4,9,13
ACHACACHI,vacunaciones en ninos de 12 a 23 meses,l 18.1       srp dosis unica,2012-04-01,35,41,35,41,76
ACHOCALLA,vacunaciones en ninos de 12 a 23 meses,l 18.1       srp dosis unica,2012-04-01,2,6,2,6,8
AIQUILE,vacunaciones en ninos de 12 a 23 meses,l 18.1       srp dosis unica,2012-04-01,26,19,26,19,45
ALALAY,vacunaciones en ninos de 12 a 23 meses,l 18.1       srp dosis unica,2012-04-01,1,6,1,6,7
ALCALA,vacunaciones en ninos de 12 a 23 meses,l 18.1       srp dosis unica,2012-04-01,8,1,8,1,9
ALTO BENI,vacunaciones en ninos de 12 a 23 meses,l 18.1       srp dosis unica,2012-04-01,28,1,28,1,29
ANCORAIMES,vacunaciones en ninos de 12 a 23 meses,l 18.1       srp dosis unica,2012-04-01,13,6,13,6,19
ANDAMARCA,vacunaciones en ninos de 12 a 23 meses,l 18.1       srp dosis unica,2012-04-01,2,3,2,3,5
ANTEQUERA,vacunaciones en ninos de 12 a 23 meses,l 18.1       srp dosis unica,2012-04-01,0,6,0,6,6
ANZALDO,vacunaciones en ninos de 12 a 23 meses,l 18.1       srp dosis unica,2012-04-01,5,11,5,11,16
APOLO,vacunaciones en ninos de 12 a 23 meses,l 18.1       srp dosis unica,2012-04-01,15,20,15,20,35
ARAMPAMPA,vacunaciones en ninos de 12 a 23 meses,l 18.1       srp dosis unica,2012-04-01,6,1,6,1,7
ARANI,vacunaciones en ninos de 12 a 23 meses,l 18.1       srp dosis unica,2012-04-01,16,0,16,0,16
ARBIETO,vacunaciones en ninos de 12 a 23 meses,l 18.1       srp dosis unica,2012-04-01,15,11,15,11,26
ARQUE,vacunaciones en ninos de 12 a 23 meses,l 18.1       srp dosis unica,2012-04-01,17,4,17,4,21
ASCENCION DE GUARAYOS,vacunaciones en ninos de 12 a 23 meses,l 18.1       srp dosis unica,2012-04-01,32,7,32,7,39
ATOCHA,vacunaciones en ninos de 12 a 23 meses,l 18.1       srp dosis unica,2012-04-01,15,2,15,2,17
AUCAPATA,vacunaciones en ninos de 12 a 23 meses,l 18.1       srp dosis unica,2012-04-01,4,7,4,7,11
AYATA,vacunaciones en ninos de 12 a 23 meses,l 18.1       srp dosis unica,2012-04-01,1,22,1,22,23
AYO AYO,vacunaciones en ninos de 12 a 23 meses,l 18.1       srp dosis unica,2012-04-01,5,4,5,4,9
AYOPAYA (V. DE INDEPENDENCIA),vacunaciones en ninos de 12 a 23 meses,l 18.1       srp dosis unica,2012-04-01,30,37,30,37,67
AZURDUY,vacunaciones en ninos de 12 a 23 meses,l 18.1       srp dosis unica,2012-04-01,14,17,14,17,31
BATALLAS,vacunaciones en ninos de 12 a 23 meses,l 18.1       srp dosis unica,2012-04-01,24,13,24,13,37
BAURES,vacunaciones en ninos de 12 a 23 meses,l 18.1       srp dosis unica,2012-04-01,10,0,10,0,10
BELEN DE URMIRI,vacunaciones en ninos de 12 a 23 meses,l 18.1       srp dosis unica,2012-04-01,1,0,1,0,1
BELLA FLOR,vacunaciones en ninos de 12 a 23 meses,l 18.1       srp dosis unica,2012-04-01,1,0,1,0,1
BERMEJO,vacunaciones en ninos de 12 a 23 meses,l 18.1       srp dosis unica,2012-04-01,43,31,43,31,74
BETANZOS,vacunaciones en ninos de 12 a 23 meses,l 18.1       srp dosis unica,2012-04-01,23,4,23,4,27
BOLIVAR,vacunaciones en ninos de 12 a 23 meses,l 18.1       srp dosis unica,2012-04-01,2,0,2,0,2
BOLPEBRA,vacunaciones en ninos de 12 a 23 meses,l 18.1       srp dosis unica,2012-04-01,0,3,0,3,3
BOYUIBE,vacunaciones en ninos de 12 a 23 meses,l 18.1       srp dosis unica,2012-04-01,2,5,2,5,7
BUENA VISTA,vacunaciones en ninos de 12 a 23 meses,l 18.1       srp dosis unica,2012-04-01,8,16,8,16,24
CABEZAS,vacunaciones en ninos de 12 a 23 meses,l 18.1       srp dosis unica,2012-04-01,28,45,28,45,73
CAIROMA,vacunaciones en ninos de 12 a 23 meses,l 18.1       srp dosis unica,2012-04-01,15,4,15,4,19
"CAIZA ""D""",vacunaciones en ninos de 12 a 23 meses,l 18.1       srp dosis unica,2012-04-01,1,4,1,4,5
CAJUATA,vacunaciones en ninos de 12 a 23 meses,l 18.1       srp dosis unica,2012-04-01,11,3,11,3,14
CALACOTO,vacunaciones en ninos de 12 a 23 meses,l 18.1       srp dosis unica,2012-04-01,1,2,1,2,3
CALAMARCA,vacunaciones en ninos de 12 a 23 meses,l 18.1       srp dosis unica,2012-04-01,7,13,7,13,20
CAMARGO,vacunaciones en ninos de 12 a 23 meses,l 18.1       srp dosis unica,2012-04-01,11,11,11,11,22
CAMATAQUI (C. VILLA ABECIA),vacunaciones en ninos de 12 a 23 meses,l 18.1       srp dosis unica,2012-04-01,5,2,5,2,7
CAMIRI,vacunaciones en ninos de 12 a 23 meses,l 18.1       srp dosis unica,2012-04-01,41,7,41,7,48
CAPINOTA,vacunaciones en ninos de 12 a 23 meses,l 18.1       srp dosis unica,2012-04-01,46,3,46,3,49
CAQUIAVIRI,vacunaciones en ninos de 12 a 23 meses,l 18.1       srp dosis unica,2012-04-01,4,9,4,9,13
CARACOLLO,vacunaciones en ninos de 12 a 23 meses,l 18.1       srp dosis unica,2012-04-01,20,19,20,19,39
CARANAVI,vacunaciones en ninos de 12 a 23 meses,l 18.1       srp dosis unica,2012-04-01,79,39,79,39,118
CARAPARI,vacunaciones en ninos de 12 a 23 meses,l 18.1       srp dosis unica,2012-04-01,8,19,8,19,27
CARMEN RIVERO TORREZ,vacunaciones en ninos de 12 a 23 meses,l 18.1       srp dosis unica,2012-04-01,5,17,5,17,22
CATACORA,vacunaciones en ninos de 12 a 23 meses,l 18.1       srp dosis unica,2012-04-01,1,1,1,1,2
CHACARILLA,vacunaciones en ninos de 12 a 23 meses,l 18.1       srp dosis unica,2012-04-01,0,2,0,2,2
CHALLAPATA,vacunaciones en ninos de 12 a 23 meses,l 18.1       srp dosis unica,2012-04-01,27,29,27,29,56
CHAQUI,vacunaciones en ninos de 12 a 23 meses,l 18.1       srp dosis unica,2012-04-01,6,1,6,1,7
CHARAGUA,vacunaciones en ninos de 12 a 23 meses,l 18.1       srp dosis unica,2012-04-01,19,59,19,59,78
CHARAÑA,vacunaciones en ninos de 12 a 23 meses,l 18.1       srp dosis unica,2012-04-01,1,1,1,1,2
CHAYANTA,vacunaciones en ninos de 12 a 23 meses,l 18.1       srp dosis unica,2012-04-01,3,2,3,2,5
CHIMORE,vacunaciones en ninos de 12 a 23 meses,l 18.1       srp dosis unica,2012-04-01,36,16,36,16,52
CHIPAYA,vacunaciones en ninos de 12 a 23 meses,l 18.1       srp dosis unica,2012-04-01,3,0,3,0,3
CHOQUE COTA,vacunaciones en ninos de 12 a 23 meses,l 18.1       srp dosis unica,2012-04-01,1,0,1,0,1
CHULUMANI (V. DE LA LIBERTAD),vacunaciones en ninos de 12 a 23 meses,l 18.1       srp dosis unica,2012-04-01,34,6,34,6,40
CHUMA,vacunaciones en ninos de 12 a 23 meses,l 18.1       srp dosis unica,2012-04-01,11,26,11,26,37
CHUQUIHUTA AYLLU JUCUMANI,vacunaciones en ninos de 12 a 23 meses,l 18.1       srp dosis unica,2012-04-01,4,4,4,4,8
CKOCHAS,vacunaciones en ninos de 12 a 23 meses,l 18.1       srp dosis unica,2012-04-01,1,0,1,0,1
CLIZA,vacunaciones en ninos de 12 a 23 meses,l 18.1       srp dosis unica,2012-04-01,23,4,23,4,27
COBIJA,vacunaciones en ninos de 12 a 23 meses,l 18.1       srp dosis unica,2012-04-01,8,5,8,5,13
COCAPATA,vacunaciones en ninos de 12 a 23 meses,l 18.1       srp dosis unica,2012-04-01,10,27,10,27,37
COCHABAMBA,vacunaciones en ninos de 12 a 23 meses,l 18.1       srp dosis unica,2012-04-01,891,29,891,29,920
COIPASA,vacunaciones en ninos de 12 a 23 meses,l 18.1       srp dosis unica,2012-04-01,1,1,1,1,2
COLCAPIRHUA,vacunaciones en ninos de 12 a 23 meses,l 18.1       srp dosis unica,2012-04-01,68,18,68,18,86
"COLCHA ""K""",vacunaciones en ninos de 12 a 23 meses,l 18.1       srp dosis unica,2012-04-01,20,5,20,5,25
COLLANA,vacunaciones en ninos de 12 a 23 meses,l 18.1       srp dosis unica,2012-04-01,6,1,6,1,7
COLOMI,vacunaciones en ninos de 12 a 23 meses,l 18.1       srp dosis unica,2012-04-01,25,9,25,9,34
COLPA BELGICA,vacunaciones en ninos de 12 a 23 meses,l 18.1       srp dosis unica,2012-04-01,8,7,8,7,15
COLQUECHACA,vacunaciones en ninos de 12 a 23 meses,l 18.1       srp dosis unica,2012-04-01,24,14,24,14,38
COLQUENCHA,vacunaciones en ninos de 12 a 23 meses,l 18.1       srp dosis unica,2012-04-01,5,6,5,6,11
COLQUIRI,vacunaciones en ninos de 12 a 23 meses,l 18.1       srp dosis unica,2012-04-01,7,30,7,30,37
COMANCHE,vacunaciones en ninos de 12 a 23 meses,l 18.1       srp dosis unica,2012-04-01,4,1,4,1,5
COMARAPA,vacunaciones en ninos de 12 a 23 meses,l 18.1       srp dosis unica,2012-04-01,33,15,33,15,48
COMBAYA,vacunaciones en ninos de 12 a 23 meses,l 18.1       srp dosis unica,2012-04-01,0,1,0,1,1
CONCEPCION,vacunaciones en ninos de 12 a 23 meses,l 18.1       srp dosis unica,2012-04-01,16,5,16,5,21
COPACABANA,vacunaciones en ninos de 12 a 23 meses,l 18.1       srp dosis unica,2012-04-01,12,3,12,3,15
CORIPATA,vacunaciones en ninos de 12 a 23 meses,l 18.1       srp dosis unica,2012-04-01,14,15,14,15,29
CORO CORO,vacunaciones en ninos de 12 a 23 meses,l 18.1       srp dosis unica,2012-04-01,8,14,8,14,22
COROICO,vacunaciones en ninos de 12 a 23 meses,l 18.1       srp dosis unica,2012-04-01,13,6,13,6,19
CORQUE,vacunaciones en ninos de 12 a 23 meses,l 18.1       srp dosis unica,2012-04-01,7,8,7,8,15
COTAGAITA,vacunaciones en ninos de 12 a 23 meses,l 18.1       srp dosis unica,2012-04-01,2,29,2,29,31
COTOCA,vacunaciones en ninos de 12 a 23 meses,l 18.1       srp dosis unica,2012-04-01,71,26,71,26,97
CUATRO CAÑADAS,vacunaciones en ninos de 12 a 23 meses,l 18.1       srp dosis unica,2012-04-01,7,4,7,4,11
CUCHUMUELA (V. G. VILLARROEL),vacunaciones en ninos de 12 a 23 meses,l 18.1       srp dosis unica,2012-04-01,4,1,4,1,5
CUEVO,vacunaciones en ninos de 12 a 23 meses,l 18.1       srp dosis unica,2012-04-01,4,7,4,7,11
CULPINA,vacunaciones en ninos de 12 a 23 meses,l 18.1       srp dosis unica,2012-04-01,14,19,14,19,33
CURAHUARA DE CARANGAS,vacunaciones en ninos de 12 a 23 meses,l 18.1       srp dosis unica,2012-04-01,2,0,2,0,2
CURVA,vacunaciones en ninos de 12 a 23 meses,l 18.1       srp dosis unica,2012-04-01,1,5,1,5,6
DESAGUADERO,vacunaciones en ninos de 12 a 23 meses,l 18.1       srp dosis unica,2012-04-01,4,0,4,0,4
EL ALTO,vacunaciones en ninos de 12 a 23 meses,l 18.1       srp dosis unica,2012-04-01,609,262,609,262,871
EL CHORO,vacunaciones en ninos de 12 a 23 meses,l 18.1       srp dosis unica,2012-04-01,2,10,2,10,12
EL PUENTE(STC),vacunaciones en ninos de 12 a 23 meses,l 18.1       srp dosis unica,2012-04-01,36,3,36,3,39
EL PUENTE(TJA),vacunaciones en ninos de 12 a 23 meses,l 18.1       srp dosis unica,2012-04-01,8,2,8,2,10
EL TORNO,vacunaciones en ninos de 12 a 23 meses,l 18.1       srp dosis unica,2012-04-01,85,18,85,18,103
EL VILLAR,vacunaciones en ninos de 12 a 23 meses,l 18.1       srp dosis unica,2012-04-01,3,0,3,0,3
ENTRE RIOS TRJ,vacunaciones en ninos de 12 a 23 meses,l 18.1       srp dosis unica,2012-04-01,8,10,8,10,18
ENTRE RIOS CBBA,vacunaciones en ninos de 12 a 23 meses,l 18.1       srp dosis unica,2012-04-01,72,4,72,4,76
ESCOMA,vacunaciones en ninos de 12 a 23 meses,l 18.1       srp dosis unica,2012-04-01,8,9,8,9,17
EUCALIPTUS,vacunaciones en ninos de 12 a 23 meses,l 18.1       srp dosis unica,2012-04-01,7,1,7,1,8
FERNANDEZ ALONSO,vacunaciones en ninos de 12 a 23 meses,l 18.1       srp dosis unica,2012-04-01,21,36,21,36,57
FILADELFIA,vacunaciones en ninos de 12 a 23 meses,l 18.1       srp dosis unica,2012-04-01,0,6,0,6,6
GENERAL SAAVEDRA,vacunaciones en ninos de 12 a 23 meses,l 18.1       srp dosis unica,2012-04-01,24,4,24,4,28
GRAL. J.J. PEREZ (CHARAZANI),vacunaciones en ninos de 12 a 23 meses,l 18.1       srp dosis unica,2012-04-01,4,7,4,7,11
GUANAY,vacunaciones en ninos de 12 a 23 meses,l 18.1       srp dosis unica,2012-04-01,16,12,16,12,28
GUAQUI,vacunaciones en ninos de 12 a 23 meses,l 18.1       srp dosis unica,2012-04-01,0,8,0,8,8
GUAYARAMERIN,vacunaciones en ninos de 12 a 23 meses,l 18.1       srp dosis unica,2012-04-01,8,12,8,12,20
GUTIERREZ,vacunaciones en ninos de 12 a 23 meses,l 18.1       srp dosis unica,2012-04-01,17,31,17,31,48
HUACARETA,vacunaciones en ninos de 12 a 23 meses,l 18.1       srp dosis unica,2012-04-01,12,11,12,11,23
HUACAYA (VILLA DE HUACAYA),vacunaciones en ninos de 12 a 23 meses,l 18.1       srp dosis unica,2012-04-01,1,7,1,7,8
HUACHACALLA,vacunaciones en ninos de 12 a 23 meses,l 18.1       srp dosis unica,2012-04-01,2,0,2,0,2
HUANUNI,vacunaciones en ninos de 12 a 23 meses,l 18.1       srp dosis unica,2012-04-01,30,36,30,36,66
HUARACAJE,vacunaciones en ninos de 12 a 23 meses,l 18.1       srp dosis unica,2012-04-01,4,10,4,10,14
HUARINA,vacunaciones en ninos de 12 a 23 meses,l 18.1       srp dosis unica,2012-04-01,2,3,2,3,5
HUAYLLAMARCA,vacunaciones en ninos de 12 a 23 meses,l 18.1       srp dosis unica,2012-04-01,2,0,2,0,2
HUMANATA,vacunaciones en ninos de 12 a 23 meses,l 18.1       srp dosis unica,2012-04-01,1,1,1,1,2
ICHOCA,vacunaciones en ninos de 12 a 23 meses,l 18.1       srp dosis unica,2012-04-01,1,8,1,8,9
ICLA,vacunaciones en ninos de 12 a 23 meses,l 18.1       srp dosis unica,2012-04-01,10,8,10,8,18
INCAHUASI,vacunaciones en ninos de 12 a 23 meses,l 18.1       srp dosis unica,2012-04-01,14,20,14,20,34
INQUISIVI,vacunaciones en ninos de 12 a 23 meses,l 18.1       srp dosis unica,2012-04-01,4,14,4,14,18
IRUPANA (VILLA DE LANZA),vacunaciones en ninos de 12 a 23 meses,l 18.1       srp dosis unica,2012-04-01,16,4,16,4,20
IXIAMAS,vacunaciones en ninos de 12 a 23 meses,l 18.1       srp dosis unica,2012-04-01,28,0,28,0,28
JESUS DE MACHACA,vacunaciones en ninos de 12 a 23 meses,l 18.1       srp dosis unica,2012-04-01,19,2,19,2,21
LA ASUNTA,vacunaciones en ninos de 12 a 23 meses,l 18.1       srp dosis unica,2012-04-01,77,15,77,15,92
LA GUARDIA,vacunaciones en ninos de 12 a 23 meses,l 18.1       srp dosis unica,2012-04-01,118,21,118,21,139
LA PAZ,vacunaciones en ninos de 12 a 23 meses,l 18.1       srp dosis unica,2012-04-01,631,74,631,74,705
LAGUNILLAS,vacunaciones en ninos de 12 a 23 meses,l 18.1       srp dosis unica,2012-04-01,2,4,2,4,6
LAJA,vacunaciones en ninos de 12 a 23 meses,l 18.1       srp dosis unica,2012-04-01,15,6,15,6,21
LAS CARRERAS,vacunaciones en ninos de 12 a 23 meses,l 18.1       srp dosis unica,2012-04-01,2,7,2,7,9
LICOMA PAMPA,vacunaciones en ninos de 12 a 23 meses,l 18.1       srp dosis unica,2012-04-01,4,0,4,0,4
LLALLAGUA,vacunaciones en ninos de 12 a 23 meses,l 18.1       srp dosis unica,2012-04-01,54,10,54,10,64
LLICA,vacunaciones en ninos de 12 a 23 meses,l 18.1       srp dosis unica,2012-04-01,4,0,4,0,4
LORETO,vacunaciones en ninos de 12 a 23 meses,l 18.1       srp dosis unica,2012-04-01,12,0,12,0,12
LURIBAY,vacunaciones en ninos de 12 a 23 meses,l 18.1       srp dosis unica,2012-04-01,9,11,9,11,20
MACHACAMARCA,vacunaciones en ninos de 12 a 23 meses,l 18.1       srp dosis unica,2012-04-01,5,5,5,5,10
MACHARETI,vacunaciones en ninos de 12 a 23 meses,l 18.1       srp dosis unica,2012-04-01,9,4,9,4,13
MAGDALENA,vacunaciones en ninos de 12 a 23 meses,l 18.1       srp dosis unica,2012-04-01,2,11,2,11,13
MAIRANA,vacunaciones en ninos de 12 a 23 meses,l 18.1       srp dosis unica,2012-04-01,11,0,11,0,11
MALLA,vacunaciones en ninos de 12 a 23 meses,l 18.1       srp dosis unica,2012-04-01,2,6,2,6,8
MAPIRI,vacunaciones en ninos de 12 a 23 meses,l 18.1       srp dosis unica,2012-04-01,19,9,19,9,28
MECAPACA,vacunaciones en ninos de 12 a 23 meses,l 18.1       srp dosis unica,2012-04-01,11,10,11,10,21
MINEROS,vacunaciones en ninos de 12 a 23 meses,l 18.1       srp dosis unica,2012-04-01,31,31,31,31,62
MIZQUE,vacunaciones en ninos de 12 a 23 meses,l 18.1       srp dosis unica,2012-04-01,38,28,38,28,66
MOCOMOCO,vacunaciones en ninos de 12 a 23 meses,l 18.1       srp dosis unica,2012-04-01,20,11,20,11,31
MOJOCOYA,vacunaciones en ninos de 12 a 23 meses,l 18.1       srp dosis unica,2012-04-01,6,5,6,5,11
MONTEAGUDO,vacunaciones en ninos de 12 a 23 meses,l 18.1       srp dosis unica,2012-04-01,27,21,27,21,48
MONTERO,vacunaciones en ninos de 12 a 23 meses,l 18.1       srp dosis unica,2012-04-01,209,33,209,33,242
MORO MORO,vacunaciones en ninos de 12 a 23 meses,l 18.1       srp dosis unica,2012-04-01,4,2,4,2,6
MOROCHATA,vacunaciones en ninos de 12 a 23 meses,l 18.1       srp dosis unica,2012-04-01,10,18,10,18,28
NUEVO MANOA (NUEVA ESPERANZA),vacunaciones en ninos de 12 a 23 meses,l 18.1       srp dosis unica,2012-04-01,2,0,2,0,2
OCURI,vacunaciones en ninos de 12 a 23 meses,l 18.1       srp dosis unica,2012-04-01,14,11,14,11,25
OKINAWA,vacunaciones en ninos de 12 a 23 meses,l 18.1       srp dosis unica,2012-04-01,8,14,8,14,22
OMEREQUE,vacunaciones en ninos de 12 a 23 meses,l 18.1       srp dosis unica,2012-04-01,1,2,1,2,3
ORURO,vacunaciones en ninos de 12 a 23 meses,l 18.1       srp dosis unica,2012-04-01,96,7,96,7,103
PADCAYA,vacunaciones en ninos de 12 a 23 meses,l 18.1       srp dosis unica,2012-04-01,16,15,16,15,31
PADILLA,vacunaciones en ninos de 12 a 23 meses,l 18.1       srp dosis unica,2012-04-01,18,2,18,2,20
PAILON,vacunaciones en ninos de 12 a 23 meses,l 18.1       srp dosis unica,2012-04-01,42,54,42,54,96
PALCA,vacunaciones en ninos de 12 a 23 meses,l 18.1       srp dosis unica,2012-04-01,14,10,14,10,24
PALOS BLANCOS,vacunaciones en ninos de 12 a 23 meses,l 18.1       srp dosis unica,2012-04-01,43,19,43,19,62
PAMPA GRANDE,vacunaciones en ninos de 12 a 23 meses,l 18.1       srp dosis unica,2012-04-01,21,9,21,9,30
PAPEL PAMPA,vacunaciones en ninos de 12 a 23 meses,l 18.1       srp dosis unica,2012-04-01,2,12,2,12,14
PASORAPA,vacunaciones en ninos de 12 a 23 meses,l 18.1       srp dosis unica,2012-04-01,3,0,3,0,3
PATACAMAYA,vacunaciones en ninos de 12 a 23 meses,l 18.1       srp dosis unica,2012-04-01,27,17,27,17,44
PAZÑA,vacunaciones en ninos de 12 a 23 meses,l 18.1       srp dosis unica,2012-04-01,6,9,6,9,15
PELECHUCO,vacunaciones en ninos de 12 a 23 meses,l 18.1       srp dosis unica,2012-04-01,14,4,14,4,18
POCOATA,vacunaciones en ninos de 12 a 23 meses,l 18.1       srp dosis unica,2012-04-01,6,13,6,13,19
POCONA,vacunaciones en ninos de 12 a 23 meses,l 18.1       srp dosis unica,2012-04-01,13,11,13,11,24
POJO (CBBA),vacunaciones en ninos de 12 a 23 meses,l 18.1       srp dosis unica,2012-04-01,19,5,19,5,24
POOPO,vacunaciones en ninos de 12 a 23 meses,l 18.1       srp dosis unica,2012-04-01,4,9,4,9,13
PORCO,vacunaciones en ninos de 12 a 23 meses,l 18.1       srp dosis unica,2012-04-01,35,0,35,0,35
POROMA,vacunaciones en ninos de 12 a 23 meses,l 18.1       srp dosis unica,2012-04-01,16,17,16,17,33
PORONGO,vacunaciones en ninos de 12 a 23 meses,l 18.1       srp dosis unica,2012-04-01,9,13,9,13,22
PORTACHUELO,vacunaciones en ninos de 12 a 23 meses,l 18.1       srp dosis unica,2012-04-01,15,7,15,7,22
POSTRER VALLE,vacunaciones en ninos de 12 a 23 meses,l 18.1       srp dosis unica,2012-04-01,1,0,1,0,1
POTOSI,vacunaciones en ninos de 12 a 23 meses,l 18.1       srp dosis unica,2012-04-01,82,60,82,60,142
PRESTO,vacunaciones en ninos de 12 a 23 meses,l 18.1       srp dosis unica,2012-04-01,2,2,2,2,4
PUCARANI,vacunaciones en ninos de 12 a 23 meses,l 18.1       srp dosis unica,2012-04-01,26,23,26,23,49
PUERTO ACOSTA,vacunaciones en ninos de 12 a 23 meses,l 18.1       srp dosis unica,2012-04-01,4,19,4,19,23
PUERTO CARABUCO,vacunaciones en ninos de 12 a 23 meses,l 18.1       srp dosis unica,2012-04-01,2,21,2,21,23
PUERTO GONZALO MORENO,vacunaciones en ninos de 12 a 23 meses,l 18.1       srp dosis unica,2012-04-01,7,3,7,3,10
PUERTO PEREZ,vacunaciones en ninos de 12 a 23 meses,l 18.1       srp dosis unica,2012-04-01,1,9,1,9,10
PUERTO QUIJARRO,vacunaciones en ninos de 12 a 23 meses,l 18.1       srp dosis unica,2012-04-01,25,18,25,18,43
PUERTO RICO,vacunaciones en ninos de 12 a 23 meses,l 18.1       srp dosis unica,2012-04-01,1,11,1,11,12
PUERTO SILES,vacunaciones en ninos de 12 a 23 meses,l 18.1       srp dosis unica,2012-04-01,1,1,1,1,2
PUERTO SUAREZ,vacunaciones en ninos de 12 a 23 meses,l 18.1       srp dosis unica,2012-04-01,26,8,26,8,34
PUERTO VILLARROEL,vacunaciones en ninos de 12 a 23 meses,l 18.1       srp dosis unica,2012-04-01,95,33,95,33,128
PUNA,vacunaciones en ninos de 12 a 23 meses,l 18.1       srp dosis unica,2012-04-01,9,1,9,1,10
PUNATA,vacunaciones en ninos de 12 a 23 meses,l 18.1       srp dosis unica,2012-04-01,20,3,20,3,23
QUIABAYA,vacunaciones en ninos de 12 a 23 meses,l 18.1       srp dosis unica,2012-04-01,1,6,1,6,7
QUILLACOLLO,vacunaciones en ninos de 12 a 23 meses,l 18.1       srp dosis unica,2012-04-01,195,22,195,22,217
QUIME,vacunaciones en ninos de 12 a 23 meses,l 18.1       srp dosis unica,2012-04-01,2,30,2,30,32
RAVELO,vacunaciones en ninos de 12 a 23 meses,l 18.1       srp dosis unica,2012-04-01,2,10,2,10,12
REYES,vacunaciones en ninos de 12 a 23 meses,l 18.1       srp dosis unica,2012-04-01,0,15,0,15,15
RIBERALTA,vacunaciones en ninos de 12 a 23 meses,l 18.1       srp dosis unica,2012-04-01,24,25,24,25,49
ROBORE,vacunaciones en ninos de 12 a 23 meses,l 18.1       srp dosis unica,2012-04-01,7,0,7,0,7
RURRENABAQUE,vacunaciones en ninos de 12 a 23 meses,l 18.1       srp dosis unica,2012-04-01,16,5,16,5,21
SABAYA,vacunaciones en ninos de 12 a 23 meses,l 18.1       srp dosis unica,2012-04-01,3,0,3,0,3
SACABA,vacunaciones en ninos de 12 a 23 meses,l 18.1       srp dosis unica,2012-04-01,162,72,162,72,234
SACABAMBA,vacunaciones en ninos de 12 a 23 meses,l 18.1       srp dosis unica,2012-04-01,5,0,5,0,5
SACACA,vacunaciones en ninos de 12 a 23 meses,l 18.1       srp dosis unica,2012-04-01,5,4,5,4,9
SAIPINA,vacunaciones en ninos de 12 a 23 meses,l 18.1       srp dosis unica,2012-04-01,0,24,0,24,24
SALINAS DE GARCI MENDOZA,vacunaciones en ninos de 12 a 23 meses,l 18.1       srp dosis unica,2012-04-01,13,10,13,10,23
SAMAIPATA,vacunaciones en ninos de 12 a 23 meses,l 18.1       srp dosis unica,2012-04-01,4,8,4,8,12
SAN AGUSTIN,vacunaciones en ninos de 12 a 23 meses,l 18.1       srp dosis unica,2012-04-01,2,0,2,0,2
SAN ANDRES,vacunaciones en ninos de 12 a 23 meses,l 18.1       srp dosis unica,2012-04-01,25,8,25,8,33
SAN ANDRES DE MACHACA,vacunaciones en ninos de 12 a 23 meses,l 18.1       srp dosis unica,2012-04-01,3,6,3,6,9
SAN ANTONIO DE ESMORUCO,vacunaciones en ninos de 12 a 23 meses,l 18.1       srp dosis unica,2012-04-01,3,0,3,0,3
SAN ANTONIO DE LOMERIO,vacunaciones en ninos de 12 a 23 meses,l 18.1       srp dosis unica,2012-04-01,3,7,3,7,10
SAN BENITO,vacunaciones en ninos de 12 a 23 meses,l 18.1       srp dosis unica,2012-04-01,9,14,9,14,23
SAN BORJA,vacunaciones en ninos de 12 a 23 meses,l 18.1       srp dosis unica,2012-04-01,46,34,46,34,80
SAN BUENA VENTURA,vacunaciones en ninos de 12 a 23 meses,l 18.1       srp dosis unica,2012-04-01,10,5,10,5,15
SAN CARLOS,vacunaciones en ninos de 12 a 23 meses,l 18.1       srp dosis unica,2012-04-01,39,18,39,18,57
SAN IGNACIO,vacunaciones en ninos de 12 a 23 meses,l 18.1       srp dosis unica,2012-04-01,25,12,25,12,37
SAN IGNACIO DE VELASCO,vacunaciones en ninos de 12 a 23 meses,l 18.1       srp dosis unica,2012-04-01,148,47,148,47,195
SAN JAVIER(STC),vacunaciones en ninos de 12 a 23 meses,l 18.1       srp dosis unica,2012-04-01,5,0,5,0,5
SAN JOAQUIN,vacunaciones en ninos de 12 a 23 meses,l 18.1       srp dosis unica,2012-04-01,0,5,0,5,5
SAN JOSE DE CHIQUITOS,vacunaciones en ninos de 12 a 23 meses,l 18.1       srp dosis unica,2012-04-01,21,30,21,30,51
SAN JUAN DE YAPACANI,vacunaciones en ninos de 12 a 23 meses,l 18.1       srp dosis unica,2012-04-01,5,19,5,19,24
SAN JULIAN,vacunaciones en ninos de 12 a 23 meses,l 18.1       srp dosis unica,2012-04-01,33,58,33,58,91
SAN LORENZO(TJA),vacunaciones en ninos de 12 a 23 meses,l 18.1       srp dosis unica,2012-04-01,14,6,14,6,20
SAN LUCAS,vacunaciones en ninos de 12 a 23 meses,l 18.1       srp dosis unica,2012-04-01,38,42,38,42,80
SAN MATIAS,vacunaciones en ninos de 12 a 23 meses,l 18.1       srp dosis unica,2012-04-01,14,29,14,29,43
SAN MIGUEL DE VELASCO,vacunaciones en ninos de 12 a 23 meses,l 18.1       srp dosis unica,2012-04-01,20,9,20,9,29
SAN PEDRO,vacunaciones en ninos de 12 a 23 meses,l 18.1       srp dosis unica,2012-04-01,21,15,21,15,36
SAN PEDRO DE BUENA VISTA,vacunaciones en ninos de 12 a 23 meses,l 18.1       srp dosis unica,2012-04-01,29,6,29,6,35
SAN PEDRO DE CURAHUARA,vacunaciones en ninos de 12 a 23 meses,l 18.1       srp dosis unica,2012-04-01,2,3,2,3,5
SAN PEDRO DE TIQUINA,vacunaciones en ninos de 12 a 23 meses,l 18.1       srp dosis unica,2012-04-01,3,5,3,5,8
SAN RAFAEL,vacunaciones en ninos de 12 a 23 meses,l 18.1       srp dosis unica,2012-04-01,5,7,5,7,12
SAN RAMON BENI,vacunaciones en ninos de 12 a 23 meses,l 18.1       srp dosis unica,2012-04-01,10,2,10,2,12
SAN RAMON SCZ,vacunaciones en ninos de 12 a 23 meses,l 18.1       srp dosis unica,2012-04-01,28,2,28,2,30
SANTA ANA,vacunaciones en ninos de 12 a 23 meses,l 18.1       srp dosis unica,2012-04-01,16,0,16,0,16
SANTA CRUZ DE LA SIERRA,vacunaciones en ninos de 12 a 23 meses,l 18.1       srp dosis unica,2012-04-01,1274,138,1274,138,1412
SANTA ROSA,vacunaciones en ninos de 12 a 23 meses,l 18.1       srp dosis unica,2012-04-01,7,1,7,1,8
SANTA ROSA DEL SARA,vacunaciones en ninos de 12 a 23 meses,l 18.1       srp dosis unica,2012-04-01,35,10,35,10,45
SANTIAGO DE CALLAPA,vacunaciones en ninos de 12 a 23 meses,l 18.1       srp dosis unica,2012-04-01,3,11,3,11,14
SANTIAGO DE HUARI,vacunaciones en ninos de 12 a 23 meses,l 18.1       srp dosis unica,2012-04-01,4,10,4,10,14
SANTIAGO DE HUATA,vacunaciones en ninos de 12 a 23 meses,l 18.1       srp dosis unica,2012-04-01,0,21,0,21,21
SANTIVAÑES,vacunaciones en ninos de 12 a 23 meses,l 18.1       srp dosis unica,2012-04-01,4,0,4,0,4
SANTUARIO DE QUILLACAS,vacunaciones en ninos de 12 a 23 meses,l 18.1       srp dosis unica,2012-04-01,4,4,4,4,8
SAPAHAQUI,vacunaciones en ninos de 12 a 23 meses,l 18.1       srp dosis unica,2012-04-01,4,8,4,8,12
SHINAOTA,vacunaciones en ninos de 12 a 23 meses,l 18.1       srp dosis unica,2012-04-01,55,3,55,3,58
SICA SICA (VILLA AROMA),vacunaciones en ninos de 12 a 23 meses,l 18.1       srp dosis unica,2012-04-01,21,11,21,11,32
SICAYA,vacunaciones en ninos de 12 a 23 meses,l 18.1       srp dosis unica,2012-04-01,1,6,1,6,7
SIPE SIPE,vacunaciones en ninos de 12 a 23 meses,l 18.1       srp dosis unica,2012-04-01,65,3,65,3,68
SOPACHUY,vacunaciones en ninos de 12 a 23 meses,l 18.1       srp dosis unica,2012-04-01,2,5,2,5,7
SORACACHI,vacunaciones en ninos de 12 a 23 meses,l 18.1       srp dosis unica,2012-04-01,7,14,7,14,21
SORATA,vacunaciones en ninos de 12 a 23 meses,l 18.1       srp dosis unica,2012-04-01,26,22,26,22,48
SUCRE,vacunaciones en ninos de 12 a 23 meses,l 18.1       srp dosis unica,2012-04-01,462,46,462,46,508
TACACOMA,vacunaciones en ninos de 12 a 23 meses,l 18.1       srp dosis unica,2012-04-01,11,10,11,10,21
TACOBAMBA,vacunaciones en ninos de 12 a 23 meses,l 18.1       srp dosis unica,2012-04-01,3,1,3,1,4
TACOPAYA,vacunaciones en ninos de 12 a 23 meses,l 18.1       srp dosis unica,2012-04-01,7,7,7,7,14
TAHUA,vacunaciones en ninos de 12 a 23 meses,l 18.1       srp dosis unica,2012-04-01,2,0,2,0,2
TAPACARI,vacunaciones en ninos de 12 a 23 meses,l 18.1       srp dosis unica,2012-04-01,38,37,38,37,75
TARABUCO,vacunaciones en ninos de 12 a 23 meses,l 18.1       srp dosis unica,2012-04-01,23,21,23,21,44
TARACO,vacunaciones en ninos de 12 a 23 meses,l 18.1       srp dosis unica,2012-04-01,2,1,2,1,3
TARATA,vacunaciones en ninos de 12 a 23 meses,l 18.1       srp dosis unica,2012-04-01,12,5,12,5,17
TARIJA,vacunaciones en ninos de 12 a 23 meses,l 18.1       srp dosis unica,2012-04-01,179,16,179,16,195
TARVITA,vacunaciones en ninos de 12 a 23 meses,l 18.1       srp dosis unica,2012-04-01,12,6,12,6,18
TEOPONTE,vacunaciones en ninos de 12 a 23 meses,l 18.1       srp dosis unica,2012-04-01,11,8,11,8,19
TIAWANACU,vacunaciones en ninos de 12 a 23 meses,l 18.1       srp dosis unica,2012-04-01,14,14,14,14,28
TINGUIPAYA,vacunaciones en ninos de 12 a 23 meses,l 18.1       srp dosis unica,2012-04-01,25,2,25,2,27
TIPUANI,vacunaciones en ninos de 12 a 23 meses,l 18.1       srp dosis unica,2012-04-01,17,6,17,6,23
TIQUIPAYA,vacunaciones en ninos de 12 a 23 meses,l 18.1       srp dosis unica,2012-04-01,63,68,63,68,131
TIRAQUE (CBBA),vacunaciones en ninos de 12 a 23 meses,l 18.1       srp dosis unica,2012-04-01,18,13,18,13,31
TITO YUPANQUI (PARQUIPUJIO),vacunaciones en ninos de 12 a 23 meses,l 18.1       srp dosis unica,2012-04-01,1,2,1,2,3
TOCO,vacunaciones en ninos de 12 a 23 meses,l 18.1       srp dosis unica,2012-04-01,0,6,0,6,6
TOLATA,vacunaciones en ninos de 12 a 23 meses,l 18.1       srp dosis unica,2012-04-01,5,0,5,0,5
TOLEDO,vacunaciones en ninos de 12 a 23 meses,l 18.1       srp dosis unica,2012-04-01,5,0,5,0,5
TOMAVE,vacunaciones en ninos de 12 a 23 meses,l 18.1       srp dosis unica,2012-04-01,6,6,6,6,12
TOMINA,vacunaciones en ninos de 12 a 23 meses,l 18.1       srp dosis unica,2012-04-01,5,9,5,9,14
TORO TORO,vacunaciones en ninos de 12 a 23 meses,l 18.1       srp dosis unica,2012-04-01,3,4,3,4,7
TOTORA(CBBA),vacunaciones en ninos de 12 a 23 meses,l 18.1       srp dosis unica,2012-04-01,24,8,24,8,32
TOTORA(ORR),vacunaciones en ninos de 12 a 23 meses,l 18.1       srp dosis unica,2012-04-01,3,2,3,2,5
TRIGAL,vacunaciones en ninos de 12 a 23 meses,l 18.1       srp dosis unica,2012-04-01,1,0,1,0,1
TRINIDAD,vacunaciones en ninos de 12 a 23 meses,l 18.1       srp dosis unica,2012-04-01,121,14,121,14,135
TUPIZA,vacunaciones en ninos de 12 a 23 meses,l 18.1       srp dosis unica,2012-04-01,14,3,14,3,17
TURCO,vacunaciones en ninos de 12 a 23 meses,l 18.1       srp dosis unica,2012-04-01,1,1,1,1,2
UMALA,vacunaciones en ninos de 12 a 23 meses,l 18.1       srp dosis unica,2012-04-01,0,11,0,11,11
UNCIA,vacunaciones en ninos de 12 a 23 meses,l 18.1       srp dosis unica,2012-04-01,3,0,3,0,3
URIONDO (A. CONCEPCION),vacunaciones en ninos de 12 a 23 meses,l 18.1       srp dosis unica,2012-04-01,18,4,18,4,22
URUBICHA,vacunaciones en ninos de 12 a 23 meses,l 18.1       srp dosis unica,2012-04-01,7,11,7,11,18
UYUNI,vacunaciones en ninos de 12 a 23 meses,l 18.1       srp dosis unica,2012-04-01,1,0,1,0,1
VACAS,vacunaciones en ninos de 12 a 23 meses,l 18.1       srp dosis unica,2012-04-01,8,12,8,12,20
VALLEGRANDE,vacunaciones en ninos de 12 a 23 meses,l 18.1       srp dosis unica,2012-04-01,9,9,9,9,18
VIACHA,vacunaciones en ninos de 12 a 23 meses,l 18.1       srp dosis unica,2012-04-01,82,14,82,14,96
VILA VILA,vacunaciones en ninos de 12 a 23 meses,l 18.1       srp dosis unica,2012-04-01,4,11,4,11,15
VILLA CHARCAS,vacunaciones en ninos de 12 a 23 meses,l 18.1       srp dosis unica,2012-04-01,22,14,22,14,36
VILLA MONTES,vacunaciones en ninos de 12 a 23 meses,l 18.1       srp dosis unica,2012-04-01,72,17,72,17,89
VILLA RIVERO,vacunaciones en ninos de 12 a 23 meses,l 18.1       srp dosis unica,2012-04-01,2,22,2,22,24
VILLA SERRANO,vacunaciones en ninos de 12 a 23 meses,l 18.1       srp dosis unica,2012-04-01,3,7,3,7,10
VILLA TUNARI,vacunaciones en ninos de 12 a 23 meses,l 18.1       srp dosis unica,2012-04-01,114,45,114,45,159
VILLA VACA GUZMAN (MUYUPAMPA),vacunaciones en ninos de 12 a 23 meses,l 18.1       srp dosis unica,2012-04-01,13,2,13,2,15
VILLAZON,vacunaciones en ninos de 12 a 23 meses,l 18.1       srp dosis unica,2012-04-01,43,6,43,6,49
VINTO,vacunaciones en ninos de 12 a 23 meses,l 18.1       srp dosis unica,2012-04-01,67,20,67,20,87
VITICHI,vacunaciones en ninos de 12 a 23 meses,l 18.1       srp dosis unica,2012-04-01,1,0,1,0,1
WALDO BALLIVIAN,vacunaciones en ninos de 12 a 23 meses,l 18.1       srp dosis unica,2012-04-01,4,0,4,0,4
WARNES,vacunaciones en ninos de 12 a 23 meses,l 18.1       srp dosis unica,2012-04-01,126,37,126,37,163
YACO,vacunaciones en ninos de 12 a 23 meses,l 18.1       srp dosis unica,2012-04-01,8,9,8,9,17
YACUIBA,vacunaciones en ninos de 12 a 23 meses,l 18.1       srp dosis unica,2012-04-01,110,20,110,20,130
YAMPARAEZ,vacunaciones en ninos de 12 a 23 meses,l 18.1       srp dosis unica,2012-04-01,3,8,3,8,11
YANACACHI,vacunaciones en ninos de 12 a 23 meses,l 18.1       srp dosis unica,2012-04-01,3,8,3,8,11
YAPACANI,vacunaciones en ninos de 12 a 23 meses,l 18.1       srp dosis unica,2012-04-01,63,56,63,56,119
YOCALLA,vacunaciones en ninos de 12 a 23 meses,l 18.1       srp dosis unica,2012-04-01,3,4,3,4,7
YOTALA,vacunaciones en ninos de 12 a 23 meses,l 18.1       srp dosis unica,2012-04-01,3,4,3,4,7
YUNCHARA,vacunaciones en ninos de 12 a 23 meses,l 18.1       srp dosis unica,2012-04-01,0,2,0,2,2
ZUDAÑEZ,vacunaciones en ninos de 12 a 23 meses,l 18.1       srp dosis unica,2012-04-01,6,8,6,8,14
ACACIO,vacunaciones en ninos de 12 a 23 meses,l 18.1       srp dosis unica,2012-05-01,5,13,5,13,18
ACHACACHI,vacunaciones en ninos de 12 a 23 meses,l 18.1       srp dosis unica,2012-05-01,46,32,46,32,78
ACHOCALLA,vacunaciones en ninos de 12 a 23 meses,l 18.1       srp dosis unica,2012-05-01,14,12,14,12,26
AIQUILE,vacunaciones en ninos de 12 a 23 meses,l 18.1       srp dosis unica,2012-05-01,22,14,22,14,36
ALALAY,vacunaciones en ninos de 12 a 23 meses,l 18.1       srp dosis unica,2012-05-01,0,4,0,4,4
ALCALA,vacunaciones en ninos de 12 a 23 meses,l 18.1       srp dosis unica,2012-05-01,0,3,0,3,3
ALTO BENI,vacunaciones en ninos de 12 a 23 meses,l 18.1       srp dosis unica,2012-05-01,24,3,24,3,27
ANCORAIMES,vacunaciones en ninos de 12 a 23 meses,l 18.1       srp dosis unica,2012-05-01,16,13,16,13,29
ANDAMARCA,vacunaciones en ninos de 12 a 23 meses,l 18.1       srp dosis unica,2012-05-01,1,3,1,3,4
ANTEQUERA,vacunaciones en ninos de 12 a 23 meses,l 18.1       srp dosis unica,2012-05-01,3,2,3,2,5
ANZALDO,vacunaciones en ninos de 12 a 23 meses,l 18.1       srp dosis unica,2012-05-01,8,16,8,16,24
APOLO,vacunaciones en ninos de 12 a 23 meses,l 18.1       srp dosis unica,2012-05-01,19,17,19,17,36
ARAMPAMPA,vacunaciones en ninos de 12 a 23 meses,l 18.1       srp dosis unica,2012-05-01,2,3,2,3,5
ARANI,vacunaciones en ninos de 12 a 23 meses,l 18.1       srp dosis unica,2012-05-01,14,0,14,0,14
ARBIETO,vacunaciones en ninos de 12 a 23 meses,l 18.1       srp dosis unica,2012-05-01,23,20,23,20,43
ARQUE,vacunaciones en ninos de 12 a 23 meses,l 18.1       srp dosis unica,2012-05-01,14,12,14,12,26
ASCENCION DE GUARAYOS,vacunaciones en ninos de 12 a 23 meses,l 18.1       srp dosis unica,2012-05-01,54,0,54,0,54
ATOCHA,vacunaciones en ninos de 12 a 23 meses,l 18.1       srp dosis unica,2012-05-01,16,4,16,4,20
AUCAPATA,vacunaciones en ninos de 12 a 23 meses,l 18.1       srp dosis unica,2012-05-01,4,2,4,2,6
AYATA,vacunaciones en ninos de 12 a 23 meses,l 18.1       srp dosis unica,2012-05-01,9,15,9,15,24
AYO AYO,vacunaciones en ninos de 12 a 23 meses,l 18.1       srp dosis unica,2012-05-01,13,3,13,3,16
AYOPAYA (V. DE INDEPENDENCIA),vacunaciones en ninos de 12 a 23 meses,l 18.1       srp dosis unica,2012-05-01,27,31,27,31,58
AZURDUY,vacunaciones en ninos de 12 a 23 meses,l 18.1       srp dosis unica,2012-05-01,9,7,9,7,16
BATALLAS,vacunaciones en ninos de 12 a 23 meses,l 18.1       srp dosis unica,2012-05-01,14,11,14,11,25
BAURES,vacunaciones en ninos de 12 a 23 meses,l 18.1       srp dosis unica,2012-05-01,8,0,8,0,8
BELEN DE ANDAMARCA,vacunaciones en ninos de 12 a 23 meses,l 18.1       srp dosis unica,2012-05-01,1,0,1,0,1
BELEN DE URMIRI,vacunaciones en ninos de 12 a 23 meses,l 18.1       srp dosis unica,2012-05-01,1,2,1,2,3
BELLA FLOR,vacunaciones en ninos de 12 a 23 meses,l 18.1       srp dosis unica,2012-05-01,0,12,0,12,12
BERMEJO,vacunaciones en ninos de 12 a 23 meses,l 18.1       srp dosis unica,2012-05-01,35,52,35,52,87
BETANZOS,vacunaciones en ninos de 12 a 23 meses,l 18.1       srp dosis unica,2012-05-01,23,31,23,31,54
BOLIVAR,vacunaciones en ninos de 12 a 23 meses,l 18.1       srp dosis unica,2012-05-01,3,18,3,18,21
BOLPEBRA,vacunaciones en ninos de 12 a 23 meses,l 18.1       srp dosis unica,2012-05-01,1,0,1,0,1
BOYUIBE,vacunaciones en ninos de 12 a 23 meses,l 18.1       srp dosis unica,2012-05-01,2,9,2,9,11
BUENA VISTA,vacunaciones en ninos de 12 a 23 meses,l 18.1       srp dosis unica,2012-05-01,21,28,21,28,49
CABEZAS,vacunaciones en ninos de 12 a 23 meses,l 18.1       srp dosis unica,2012-05-01,33,13,33,13,46
CAIROMA,vacunaciones en ninos de 12 a 23 meses,l 18.1       srp dosis unica,2012-05-01,10,2,10,2,12
"CAIZA ""D""",vacunaciones en ninos de 12 a 23 meses,l 18.1       srp dosis unica,2012-05-01,13,7,13,7,20
CAJUATA,vacunaciones en ninos de 12 a 23 meses,l 18.1       srp dosis unica,2012-05-01,10,6,10,6,16
CALACOTO,vacunaciones en ninos de 12 a 23 meses,l 18.1       srp dosis unica,2012-05-01,5,8,5,8,13
CALAMARCA,vacunaciones en ninos de 12 a 23 meses,l 18.1       srp dosis unica,2012-05-01,14,11,14,11,25
CAMARGO,vacunaciones en ninos de 12 a 23 meses,l 18.1       srp dosis unica,2012-05-01,24,5,24,5,29
CAMATAQUI (C. VILLA ABECIA),vacunaciones en ninos de 12 a 23 meses,l 18.1       srp dosis unica,2012-05-01,3,1,3,1,4
CAMIRI,vacunaciones en ninos de 12 a 23 meses,l 18.1       srp dosis unica,2012-05-01,54,4,54,4,58
CAPINOTA,vacunaciones en ninos de 12 a 23 meses,l 18.1       srp dosis unica,2012-05-01,31,3,31,3,34
CAQUIAVIRI,vacunaciones en ninos de 12 a 23 meses,l 18.1       srp dosis unica,2012-05-01,12,3,12,3,15
CARACOLLO,vacunaciones en ninos de 12 a 23 meses,l 18.1       srp dosis unica,2012-05-01,21,5,21,5,26
CARANAVI,vacunaciones en ninos de 12 a 23 meses,l 18.1       srp dosis unica,2012-05-01,84,38,84,38,122
CARAPARI,vacunaciones en ninos de 12 a 23 meses,l 18.1       srp dosis unica,2012-05-01,15,30,15,30,45
CARIPUYO,vacunaciones en ninos de 12 a 23 meses,l 18.1       srp dosis unica,2012-05-01,0,20,0,20,20
CARMEN RIVERO TORREZ,vacunaciones en ninos de 12 a 23 meses,l 18.1       srp dosis unica,2012-05-01,3,9,3,9,12
CATACORA,vacunaciones en ninos de 12 a 23 meses,l 18.1       srp dosis unica,2012-05-01,2,0,2,0,2
CHACARILLA,vacunaciones en ninos de 12 a 23 meses,l 18.1       srp dosis unica,2012-05-01,1,0,1,0,1
CHALLAPATA,vacunaciones en ninos de 12 a 23 meses,l 18.1       srp dosis unica,2012-05-01,49,13,49,13,62
CHAQUI,vacunaciones en ninos de 12 a 23 meses,l 18.1       srp dosis unica,2012-05-01,6,8,6,8,14
CHARAGUA,vacunaciones en ninos de 12 a 23 meses,l 18.1       srp dosis unica,2012-05-01,29,48,29,48,77
CHARAÑA,vacunaciones en ninos de 12 a 23 meses,l 18.1       srp dosis unica,2012-05-01,1,1,1,1,2
CHAYANTA,vacunaciones en ninos de 12 a 23 meses,l 18.1       srp dosis unica,2012-05-01,17,29,17,29,46
CHIMORE,vacunaciones en ninos de 12 a 23 meses,l 18.1       srp dosis unica,2012-05-01,32,13,32,13,45
CHIPAYA,vacunaciones en ninos de 12 a 23 meses,l 18.1       srp dosis unica,2012-05-01,2,0,2,0,2
CHOQUE COTA,vacunaciones en ninos de 12 a 23 meses,l 18.1       srp dosis unica,2012-05-01,2,0,2,0,2
CHULUMANI (V. DE LA LIBERTAD),vacunaciones en ninos de 12 a 23 meses,l 18.1       srp dosis unica,2012-05-01,20,16,20,16,36
CHUMA,vacunaciones en ninos de 12 a 23 meses,l 18.1       srp dosis unica,2012-05-01,8,11,8,11,19
CHUQUIHUTA AYLLU JUCUMANI,vacunaciones en ninos de 12 a 23 meses,l 18.1       srp dosis unica,2012-05-01,4,5,4,5,9
CKOCHAS,vacunaciones en ninos de 12 a 23 meses,l 18.1       srp dosis unica,2012-05-01,9,16,9,16,25
CLIZA,vacunaciones en ninos de 12 a 23 meses,l 18.1       srp dosis unica,2012-05-01,25,16,25,16,41
COBIJA,vacunaciones en ninos de 12 a 23 meses,l 18.1       srp dosis unica,2012-05-01,74,68,74,68,142
COCAPATA,vacunaciones en ninos de 12 a 23 meses,l 18.1       srp dosis unica,2012-05-01,14,14,14,14,28
COCHABAMBA,vacunaciones en ninos de 12 a 23 meses,l 18.1       srp dosis unica,2012-05-01,1047,36,1047,36,1083
COIPASA,vacunaciones en ninos de 12 a 23 meses,l 18.1       srp dosis unica,2012-05-01,2,0,2,0,2
COLCAPIRHUA,vacunaciones en ninos de 12 a 23 meses,l 18.1       srp dosis unica,2012-05-01,92,25,92,25,117
"COLCHA ""K""",vacunaciones en ninos de 12 a 23 meses,l 18.1       srp dosis unica,2012-05-01,14,2,14,2,16
COLLANA,vacunaciones en ninos de 12 a 23 meses,l 18.1       srp dosis unica,2012-05-01,3,3,3,3,6
COLOMI,vacunaciones en ninos de 12 a 23 meses,l 18.1       srp dosis unica,2012-05-01,18,17,18,17,35
COLPA BELGICA,vacunaciones en ninos de 12 a 23 meses,l 18.1       srp dosis unica,2012-05-01,7,3,7,3,10
COLQUECHACA,vacunaciones en ninos de 12 a 23 meses,l 18.1       srp dosis unica,2012-05-01,37,42,37,42,79
COLQUENCHA,vacunaciones en ninos de 12 a 23 meses,l 18.1       srp dosis unica,2012-05-01,14,8,14,8,22
COLQUIRI,vacunaciones en ninos de 12 a 23 meses,l 18.1       srp dosis unica,2012-05-01,10,28,10,28,38
COMANCHE,vacunaciones en ninos de 12 a 23 meses,l 18.1       srp dosis unica,2012-05-01,6,5,6,5,11
COMARAPA,vacunaciones en ninos de 12 a 23 meses,l 18.1       srp dosis unica,2012-05-01,26,4,26,4,30
COMBAYA,vacunaciones en ninos de 12 a 23 meses,l 18.1       srp dosis unica,2012-05-01,0,7,0,7,7
CONCEPCION,vacunaciones en ninos de 12 a 23 meses,l 18.1       srp dosis unica,2012-05-01,20,12,20,12,32
COPACABANA,vacunaciones en ninos de 12 a 23 meses,l 18.1       srp dosis unica,2012-05-01,8,21,8,21,29
CORIPATA,vacunaciones en ninos de 12 a 23 meses,l 18.1       srp dosis unica,2012-05-01,16,4,16,4,20
CORO CORO,vacunaciones en ninos de 12 a 23 meses,l 18.1       srp dosis unica,2012-05-01,2,11,2,11,13
COROICO,vacunaciones en ninos de 12 a 23 meses,l 18.1       srp dosis unica,2012-05-01,19,14,19,14,33
CORQUE,vacunaciones en ninos de 12 a 23 meses,l 18.1       srp dosis unica,2012-05-01,7,3,7,3,10
COTAGAITA,vacunaciones en ninos de 12 a 23 meses,l 18.1       srp dosis unica,2012-05-01,18,25,18,25,43
COTOCA,vacunaciones en ninos de 12 a 23 meses,l 18.1       srp dosis unica,2012-05-01,134,56,134,56,190
CUATRO CAÑADAS,vacunaciones en ninos de 12 a 23 meses,l 18.1       srp dosis unica,2012-05-01,21,24,21,24,45
CUEVO,vacunaciones en ninos de 12 a 23 meses,l 18.1       srp dosis unica,2012-05-01,4,4,4,4,8
CULPINA,vacunaciones en ninos de 12 a 23 meses,l 18.1       srp dosis unica,2012-05-01,24,23,24,23,47
CURAHUARA DE CARANGAS,vacunaciones en ninos de 12 a 23 meses,l 18.1       srp dosis unica,2012-05-01,5,0,5,0,5
CURVA,vacunaciones en ninos de 12 a 23 meses,l 18.1       srp dosis unica,2012-05-01,2,1,2,1,3
DESAGUADERO,vacunaciones en ninos de 12 a 23 meses,l 18.1       srp dosis unica,2012-05-01,2,10,2,10,12
EL ALTO,vacunaciones en ninos de 12 a 23 meses,l 18.1       srp dosis unica,2012-05-01,1554,51,1554,51,1605
EL CHORO,vacunaciones en ninos de 12 a 23 meses,l 18.1       srp dosis unica,2012-05-01,7,3,7,3,10
EL PUENTE(STC),vacunaciones en ninos de 12 a 23 meses,l 18.1       srp dosis unica,2012-05-01,25,2,25,2,27
EL PUENTE(TJA),vacunaciones en ninos de 12 a 23 meses,l 18.1       srp dosis unica,2012-05-01,14,5,14,5,19
EL TORNO,vacunaciones en ninos de 12 a 23 meses,l 18.1       srp dosis unica,2012-05-01,124,22,124,22,146
EL VILLAR,vacunaciones en ninos de 12 a 23 meses,l 18.1       srp dosis unica,2012-05-01,0,1,0,1,1
ENTRE RIOS TRJ,vacunaciones en ninos de 12 a 23 meses,l 18.1       srp dosis unica,2012-05-01,33,32,33,32,65
ENTRE RIOS CBBA,vacunaciones en ninos de 12 a 23 meses,l 18.1       srp dosis unica,2012-05-01,52,8,52,8,60
ESCARA,vacunaciones en ninos de 12 a 23 meses,l 18.1       srp dosis unica,2012-05-01,1,0,1,0,1
ESCOMA,vacunaciones en ninos de 12 a 23 meses,l 18.1       srp dosis unica,2012-05-01,8,1,8,1,9
EUCALIPTUS,vacunaciones en ninos de 12 a 23 meses,l 18.1       srp dosis unica,2012-05-01,3,5,3,5,8
EUREKA (SANTOS MERCADO),vacunaciones en ninos de 12 a 23 meses,l 18.1       srp dosis unica,2012-05-01,0,4,0,4,4
EXALTACION,vacunaciones en ninos de 12 a 23 meses,l 18.1       srp dosis unica,2012-05-01,0,13,0,13,13
FERNANDEZ ALONSO,vacunaciones en ninos de 12 a 23 meses,l 18.1       srp dosis unica,2012-05-01,5,19,5,19,24
FILADELFIA,vacunaciones en ninos de 12 a 23 meses,l 18.1       srp dosis unica,2012-05-01,5,7,5,7,12
GENERAL SAAVEDRA,vacunaciones en ninos de 12 a 23 meses,l 18.1       srp dosis unica,2012-05-01,30,8,30,8,38
GRAL. J.J. PEREZ (CHARAZANI),vacunaciones en ninos de 12 a 23 meses,l 18.1       srp dosis unica,2012-05-01,6,12,6,12,18
GUANAY,vacunaciones en ninos de 12 a 23 meses,l 18.1       srp dosis unica,2012-05-01,4,26,4,26,30
GUAQUI,vacunaciones en ninos de 12 a 23 meses,l 18.1       srp dosis unica,2012-05-01,0,9,0,9,9
GUAYARAMERIN,vacunaciones en ninos de 12 a 23 meses,l 18.1       srp dosis unica,2012-05-01,91,29,91,29,120
GUTIERREZ,vacunaciones en ninos de 12 a 23 meses,l 18.1       srp dosis unica,2012-05-01,10,17,10,17,27
HUACARETA,vacunaciones en ninos de 12 a 23 meses,l 18.1       srp dosis unica,2012-05-01,4,9,4,9,13
HUACAYA (VILLA DE HUACAYA),vacunaciones en ninos de 12 a 23 meses,l 18.1       srp dosis unica,2012-05-01,3,1,3,1,4
HUACHACALLA,vacunaciones en ninos de 12 a 23 meses,l 18.1       srp dosis unica,2012-05-01,0,2,0,2,2
HUANUNI,vacunaciones en ninos de 12 a 23 meses,l 18.1       srp dosis unica,2012-05-01,40,18,40,18,58
HUARACAJE,vacunaciones en ninos de 12 a 23 meses,l 18.1       srp dosis unica,2012-05-01,8,5,8,5,13
HUARINA,vacunaciones en ninos de 12 a 23 meses,l 18.1       srp dosis unica,2012-05-01,5,4,5,4,9
HUAYLLAMARCA,vacunaciones en ninos de 12 a 23 meses,l 18.1       srp dosis unica,2012-05-01,6,3,6,3,9
HUMANATA,vacunaciones en ninos de 12 a 23 meses,l 18.1       srp dosis unica,2012-05-01,2,1,2,1,3
ICHOCA,vacunaciones en ninos de 12 a 23 meses,l 18.1       srp dosis unica,2012-05-01,2,12,2,12,14
ICLA,vacunaciones en ninos de 12 a 23 meses,l 18.1       srp dosis unica,2012-05-01,4,5,4,5,9
INCAHUASI,vacunaciones en ninos de 12 a 23 meses,l 18.1       srp dosis unica,2012-05-01,20,14,20,14,34
INQUISIVI,vacunaciones en ninos de 12 a 23 meses,l 18.1       srp dosis unica,2012-05-01,8,18,8,18,26
IRUPANA (VILLA DE LANZA),vacunaciones en ninos de 12 a 23 meses,l 18.1       srp dosis unica,2012-05-01,9,3,9,3,12
IXIAMAS,vacunaciones en ninos de 12 a 23 meses,l 18.1       srp dosis unica,2012-05-01,13,0,13,0,13
JESUS DE MACHACA,vacunaciones en ninos de 12 a 23 meses,l 18.1       srp dosis unica,2012-05-01,17,8,17,8,25
LA ASUNTA,vacunaciones en ninos de 12 a 23 meses,l 18.1       srp dosis unica,2012-05-01,59,22,59,22,81
LA GUARDIA,vacunaciones en ninos de 12 a 23 meses,l 18.1       srp dosis unica,2012-05-01,159,12,159,12,171
LA PAZ,vacunaciones en ninos de 12 a 23 meses,l 18.1       srp dosis unica,2012-05-01,1217,136,1217,136,1353
LAGUNILLAS,vacunaciones en ninos de 12 a 23 meses,l 18.1       srp dosis unica,2012-05-01,2,10,2,10,12
LAJA,vacunaciones en ninos de 12 a 23 meses,l 18.1       srp dosis unica,2012-05-01,11,19,11,19,30
LAS CARRERAS,vacunaciones en ninos de 12 a 23 meses,l 18.1       srp dosis unica,2012-05-01,1,1,1,1,2
LICOMA PAMPA,vacunaciones en ninos de 12 a 23 meses,l 18.1       srp dosis unica,2012-05-01,6,0,6,0,6
LLALLAGUA,vacunaciones en ninos de 12 a 23 meses,l 18.1       srp dosis unica,2012-05-01,50,79,50,79,129
LLICA,vacunaciones en ninos de 12 a 23 meses,l 18.1       srp dosis unica,2012-05-01,7,0,7,0,7
LORETO,vacunaciones en ninos de 12 a 23 meses,l 18.1       srp dosis unica,2012-05-01,0,2,0,2,2
LURIBAY,vacunaciones en ninos de 12 a 23 meses,l 18.1       srp dosis unica,2012-05-01,4,4,4,4,8
MACHACAMARCA,vacunaciones en ninos de 12 a 23 meses,l 18.1       srp dosis unica,2012-05-01,6,0,6,0,6
MACHARETI,vacunaciones en ninos de 12 a 23 meses,l 18.1       srp dosis unica,2012-05-01,18,6,18,6,24
MAGDALENA,vacunaciones en ninos de 12 a 23 meses,l 18.1       srp dosis unica,2012-05-01,17,18,17,18,35
MAIRANA,vacunaciones en ninos de 12 a 23 meses,l 18.1       srp dosis unica,2012-05-01,30,1,30,1,31
MALLA,vacunaciones en ninos de 12 a 23 meses,l 18.1       srp dosis unica,2012-05-01,2,6,2,6,8
MAPIRI,vacunaciones en ninos de 12 a 23 meses,l 18.1       srp dosis unica,2012-05-01,21,11,21,11,32
MECAPACA,vacunaciones en ninos de 12 a 23 meses,l 18.1       srp dosis unica,2012-05-01,12,7,12,7,19
MINEROS,vacunaciones en ninos de 12 a 23 meses,l 18.1       srp dosis unica,2012-05-01,46,9,46,9,55
MIZQUE,vacunaciones en ninos de 12 a 23 meses,l 18.1       srp dosis unica,2012-05-01,31,46,31,46,77
MOCOMOCO,vacunaciones en ninos de 12 a 23 meses,l 18.1       srp dosis unica,2012-05-01,4,14,4,14,18
MOJINETE,vacunaciones en ninos de 12 a 23 meses,l 18.1       srp dosis unica,2012-05-01,1,0,1,0,1
MOJOCOYA,vacunaciones en ninos de 12 a 23 meses,l 18.1       srp dosis unica,2012-05-01,6,5,6,5,11
MONTEAGUDO,vacunaciones en ninos de 12 a 23 meses,l 18.1       srp dosis unica,2012-05-01,30,10,30,10,40
MONTERO,vacunaciones en ninos de 12 a 23 meses,l 18.1       srp dosis unica,2012-05-01,229,25,229,25,254
MORO MORO,vacunaciones en ninos de 12 a 23 meses,l 18.1       srp dosis unica,2012-05-01,4,5,4,5,9
MOROCHATA,vacunaciones en ninos de 12 a 23 meses,l 18.1       srp dosis unica,2012-05-01,6,12,6,12,18
NACEBE (SANTA ROSA DEL ABUNA),vacunaciones en ninos de 12 a 23 meses,l 18.1       srp dosis unica,2012-05-01,0,16,0,16,16
NAZACARA DE PACAJES,vacunaciones en ninos de 12 a 23 meses,l 18.1       srp dosis unica,2012-05-01,0,1,0,1,1
NUEVO MANOA (NUEVA ESPERANZA),vacunaciones en ninos de 12 a 23 meses,l 18.1       srp dosis unica,2012-05-01,1,0,1,0,1
OCURI,vacunaciones en ninos de 12 a 23 meses,l 18.1       srp dosis unica,2012-05-01,17,17,17,17,34
OKINAWA,vacunaciones en ninos de 12 a 23 meses,l 18.1       srp dosis unica,2012-05-01,13,10,13,10,23
OMEREQUE,vacunaciones en ninos de 12 a 23 meses,l 18.1       srp dosis unica,2012-05-01,0,15,0,15,15
ORURO,vacunaciones en ninos de 12 a 23 meses,l 18.1       srp dosis unica,2012-05-01,488,26,488,26,514
PADCAYA,vacunaciones en ninos de 12 a 23 meses,l 18.1       srp dosis unica,2012-05-01,20,17,20,17,37
PADILLA,vacunaciones en ninos de 12 a 23 meses,l 18.1       srp dosis unica,2012-05-01,11,2,11,2,13
PAILON,vacunaciones en ninos de 12 a 23 meses,l 18.1       srp dosis unica,2012-05-01,56,77,56,77,133
PALCA,vacunaciones en ninos de 12 a 23 meses,l 18.1       srp dosis unica,2012-05-01,25,34,25,34,59
PALOS BLANCOS,vacunaciones en ninos de 12 a 23 meses,l 18.1       srp dosis unica,2012-05-01,37,18,37,18,55
PAMPA AULLAGAS,vacunaciones en ninos de 12 a 23 meses,l 18.1       srp dosis unica,2012-05-01,8,1,8,1,9
PAMPA GRANDE,vacunaciones en ninos de 12 a 23 meses,l 18.1       srp dosis unica,2012-05-01,25,6,25,6,31
PAPEL PAMPA,vacunaciones en ninos de 12 a 23 meses,l 18.1       srp dosis unica,2012-05-01,3,9,3,9,12
PASORAPA,vacunaciones en ninos de 12 a 23 meses,l 18.1       srp dosis unica,2012-05-01,4,1,4,1,5
PATACAMAYA,vacunaciones en ninos de 12 a 23 meses,l 18.1       srp dosis unica,2012-05-01,16,0,16,0,16
PAZÑA,vacunaciones en ninos de 12 a 23 meses,l 18.1       srp dosis unica,2012-05-01,3,1,3,1,4
PELECHUCO,vacunaciones en ninos de 12 a 23 meses,l 18.1       srp dosis unica,2012-05-01,2,8,2,8,10
POCOATA,vacunaciones en ninos de 12 a 23 meses,l 18.1       srp dosis unica,2012-05-01,13,47,13,47,60
POCONA,vacunaciones en ninos de 12 a 23 meses,l 18.1       srp dosis unica,2012-05-01,12,7,12,7,19
POJO (CBBA),vacunaciones en ninos de 12 a 23 meses,l 18.1       srp dosis unica,2012-05-01,21,11,21,11,32
POOPO,vacunaciones en ninos de 12 a 23 meses,l 18.1       srp dosis unica,2012-05-01,0,5,0,5,5
PORCO,vacunaciones en ninos de 12 a 23 meses,l 18.1       srp dosis unica,2012-05-01,28,10,28,10,38
POROMA,vacunaciones en ninos de 12 a 23 meses,l 18.1       srp dosis unica,2012-05-01,9,22,9,22,31
PORONGO,vacunaciones en ninos de 12 a 23 meses,l 18.1       srp dosis unica,2012-05-01,12,15,12,15,27
PORTACHUELO,vacunaciones en ninos de 12 a 23 meses,l 18.1       srp dosis unica,2012-05-01,41,4,41,4,45
POSTRER VALLE,vacunaciones en ninos de 12 a 23 meses,l 18.1       srp dosis unica,2012-05-01,1,4,1,4,5
POTOSI,vacunaciones en ninos de 12 a 23 meses,l 18.1       srp dosis unica,2012-05-01,254,66,254,66,320
PRESTO,vacunaciones en ninos de 12 a 23 meses,l 18.1       srp dosis unica,2012-05-01,5,18,5,18,23
PUCARA,vacunaciones en ninos de 12 a 23 meses,l 18.1       srp dosis unica,2012-05-01,5,0,5,0,5
PUCARANI,vacunaciones en ninos de 12 a 23 meses,l 18.1       srp dosis unica,2012-05-01,35,24,35,24,59
PUERTO ACOSTA,vacunaciones en ninos de 12 a 23 meses,l 18.1       srp dosis unica,2012-05-01,3,17,3,17,20
PUERTO CARABUCO,vacunaciones en ninos de 12 a 23 meses,l 18.1       srp dosis unica,2012-05-01,2,17,2,17,19
PUERTO GONZALO MORENO,vacunaciones en ninos de 12 a 23 meses,l 18.1       srp dosis unica,2012-05-01,14,10,14,10,24
PUERTO PEREZ,vacunaciones en ninos de 12 a 23 meses,l 18.1       srp dosis unica,2012-05-01,1,2,1,2,3
PUERTO QUIJARRO,vacunaciones en ninos de 12 a 23 meses,l 18.1       srp dosis unica,2012-05-01,13,21,13,21,34
PUERTO RICO,vacunaciones en ninos de 12 a 23 meses,l 18.1       srp dosis unica,2012-05-01,8,1,8,1,9
PUERTO SUAREZ,vacunaciones en ninos de 12 a 23 meses,l 18.1       srp dosis unica,2012-05-01,32,10,32,10,42
PUERTO VILLARROEL,vacunaciones en ninos de 12 a 23 meses,l 18.1       srp dosis unica,2012-05-01,65,26,65,26,91
PUNA,vacunaciones en ninos de 12 a 23 meses,l 18.1       srp dosis unica,2012-05-01,30,25,30,25,55
PUNATA,vacunaciones en ninos de 12 a 23 meses,l 18.1       srp dosis unica,2012-05-01,46,7,46,7,53
QUIABAYA,vacunaciones en ninos de 12 a 23 meses,l 18.1       srp dosis unica,2012-05-01,4,0,4,0,4
QUILLACOLLO,vacunaciones en ninos de 12 a 23 meses,l 18.1       srp dosis unica,2012-05-01,157,17,157,17,174
QUIME,vacunaciones en ninos de 12 a 23 meses,l 18.1       srp dosis unica,2012-05-01,1,26,1,26,27
QUIRUSILLAS,vacunaciones en ninos de 12 a 23 meses,l 18.1       srp dosis unica,2012-05-01,3,1,3,1,4
RAVELO,vacunaciones en ninos de 12 a 23 meses,l 18.1       srp dosis unica,2012-05-01,17,19,17,19,36
REYES,vacunaciones en ninos de 12 a 23 meses,l 18.1       srp dosis unica,2012-05-01,24,37,24,37,61
RIBERALTA,vacunaciones en ninos de 12 a 23 meses,l 18.1       srp dosis unica,2012-05-01,264,67,264,67,331
ROBORE,vacunaciones en ninos de 12 a 23 meses,l 18.1       srp dosis unica,2012-05-01,42,5,42,5,47
RURRENABAQUE,vacunaciones en ninos de 12 a 23 meses,l 18.1       srp dosis unica,2012-05-01,38,6,38,6,44
SABAYA,vacunaciones en ninos de 12 a 23 meses,l 18.1       srp dosis unica,2012-05-01,8,2,8,2,10
SACABA,vacunaciones en ninos de 12 a 23 meses,l 18.1       srp dosis unica,2012-05-01,190,65,190,65,255
SACABAMBA,vacunaciones en ninos de 12 a 23 meses,l 18.1       srp dosis unica,2012-05-01,9,5,9,5,14
SACACA,vacunaciones en ninos de 12 a 23 meses,l 18.1       srp dosis unica,2012-05-01,12,9,12,9,21
SAIPINA,vacunaciones en ninos de 12 a 23 meses,l 18.1       srp dosis unica,2012-05-01,2,10,2,10,12
SALINAS DE GARCI MENDOZA,vacunaciones en ninos de 12 a 23 meses,l 18.1       srp dosis unica,2012-05-01,5,15,5,15,20
SAMAIPATA,vacunaciones en ninos de 12 a 23 meses,l 18.1       srp dosis unica,2012-05-01,4,13,4,13,17
SAN AGUSTIN,vacunaciones en ninos de 12 a 23 meses,l 18.1       srp dosis unica,2012-05-01,1,0,1,0,1
SAN ANDRES,vacunaciones en ninos de 12 a 23 meses,l 18.1       srp dosis unica,2012-05-01,30,10,30,10,40
SAN ANDRES DE MACHACA,vacunaciones en ninos de 12 a 23 meses,l 18.1       srp dosis unica,2012-05-01,4,0,4,0,4
SAN ANTONIO DE ESMORUCO,vacunaciones en ninos de 12 a 23 meses,l 18.1       srp dosis unica,2012-05-01,2,0,2,0,2
SAN ANTONIO DE LOMERIO,vacunaciones en ninos de 12 a 23 meses,l 18.1       srp dosis unica,2012-05-01,5,8,5,8,13
SAN BENITO,vacunaciones en ninos de 12 a 23 meses,l 18.1       srp dosis unica,2012-05-01,17,11,17,11,28
SAN BORJA,vacunaciones en ninos de 12 a 23 meses,l 18.1       srp dosis unica,2012-05-01,102,18,102,18,120
SAN BUENA VENTURA,vacunaciones en ninos de 12 a 23 meses,l 18.1       srp dosis unica,2012-05-01,17,19,17,19,36
SAN CARLOS,vacunaciones en ninos de 12 a 23 meses,l 18.1       srp dosis unica,2012-05-01,65,18,65,18,83
SAN IGNACIO,vacunaciones en ninos de 12 a 23 meses,l 18.1       srp dosis unica,2012-05-01,61,38,61,38,99
SAN IGNACIO DE VELASCO,vacunaciones en ninos de 12 a 23 meses,l 18.1       srp dosis unica,2012-05-01,124,37,124,37,161
SAN JAVIER(BNI),vacunaciones en ninos de 12 a 23 meses,l 18.1       srp dosis unica,2012-05-01,3,1,3,1,4
SAN JAVIER(STC),vacunaciones en ninos de 12 a 23 meses,l 18.1       srp dosis unica,2012-05-01,45,0,45,0,45
SAN JOAQUIN,vacunaciones en ninos de 12 a 23 meses,l 18.1       srp dosis unica,2012-05-01,10,14,10,14,24
SAN JOSE DE CHIQUITOS,vacunaciones en ninos de 12 a 23 meses,l 18.1       srp dosis unica,2012-05-01,12,3,12,3,15
SAN JUAN DE YAPACANI,vacunaciones en ninos de 12 a 23 meses,l 18.1       srp dosis unica,2012-05-01,21,5,21,5,26
SAN JULIAN,vacunaciones en ninos de 12 a 23 meses,l 18.1       srp dosis unica,2012-05-01,75,86,75,86,161
SAN LORENZO(PND),vacunaciones en ninos de 12 a 23 meses,l 18.1       srp dosis unica,2012-05-01,1,14,1,14,15
SAN LORENZO(TJA),vacunaciones en ninos de 12 a 23 meses,l 18.1       srp dosis unica,2012-05-01,27,11,27,11,38
SAN LUCAS,vacunaciones en ninos de 12 a 23 meses,l 18.1       srp dosis unica,2012-05-01,24,29,24,29,53
SAN MATIAS,vacunaciones en ninos de 12 a 23 meses,l 18.1       srp dosis unica,2012-05-01,34,6,34,6,40
SAN MIGUEL DE VELASCO,vacunaciones en ninos de 12 a 23 meses,l 18.1       srp dosis unica,2012-05-01,13,8,13,8,21
SAN PABLO DE LIPEZ,vacunaciones en ninos de 12 a 23 meses,l 18.1       srp dosis unica,2012-05-01,1,4,1,4,5
SAN PEDRO,vacunaciones en ninos de 12 a 23 meses,l 18.1       srp dosis unica,2012-05-01,16,12,16,12,28
SAN PEDRO DE BUENA VISTA,vacunaciones en ninos de 12 a 23 meses,l 18.1       srp dosis unica,2012-05-01,22,57,22,57,79
SAN PEDRO DE CURAHUARA,vacunaciones en ninos de 12 a 23 meses,l 18.1       srp dosis unica,2012-05-01,9,2,9,2,11
SAN PEDRO DE QUEMES,vacunaciones en ninos de 12 a 23 meses,l 18.1       srp dosis unica,2012-05-01,1,1,1,1,2
SAN PEDRO DE TIQUINA,vacunaciones en ninos de 12 a 23 meses,l 18.1       srp dosis unica,2012-05-01,1,2,1,2,3
SAN PEDRO(PND),vacunaciones en ninos de 12 a 23 meses,l 18.1       srp dosis unica,2012-05-01,0,3,0,3,3
SAN RAFAEL,vacunaciones en ninos de 12 a 23 meses,l 18.1       srp dosis unica,2012-05-01,1,14,1,14,15
SAN RAMON BENI,vacunaciones en ninos de 12 a 23 meses,l 18.1       srp dosis unica,2012-05-01,3,11,3,11,14
SAN RAMON SCZ,vacunaciones en ninos de 12 a 23 meses,l 18.1       srp dosis unica,2012-05-01,6,1,6,1,7
SANTA ANA,vacunaciones en ninos de 12 a 23 meses,l 18.1       srp dosis unica,2012-05-01,31,0,31,0,31
SANTA CRUZ DE LA SIERRA,vacunaciones en ninos de 12 a 23 meses,l 18.1       srp dosis unica,2012-05-01,2004,73,2004,73,2077
SANTA ROSA,vacunaciones en ninos de 12 a 23 meses,l 18.1       srp dosis unica,2012-05-01,42,2,42,2,44
SANTA ROSA DEL SARA,vacunaciones en ninos de 12 a 23 meses,l 18.1       srp dosis unica,2012-05-01,25,9,25,9,34
SANTIAGO DE CALLAPA,vacunaciones en ninos de 12 a 23 meses,l 18.1       srp dosis unica,2012-05-01,2,8,2,8,10
SANTIAGO DE HUARI,vacunaciones en ninos de 12 a 23 meses,l 18.1       srp dosis unica,2012-05-01,2,1,2,1,3
SANTIAGO DE HUATA,vacunaciones en ninos de 12 a 23 meses,l 18.1       srp dosis unica,2012-05-01,4,11,4,11,15
SANTIAGO DE MACHACA,vacunaciones en ninos de 12 a 23 meses,l 18.1       srp dosis unica,2012-05-01,5,6,5,6,11
SANTIVAÑES,vacunaciones en ninos de 12 a 23 meses,l 18.1       srp dosis unica,2012-05-01,9,12,9,12,21
SANTUARIO DE QUILLACAS,vacunaciones en ninos de 12 a 23 meses,l 18.1       srp dosis unica,2012-05-01,4,4,4,4,8
SAPAHAQUI,vacunaciones en ninos de 12 a 23 meses,l 18.1       srp dosis unica,2012-05-01,6,12,6,12,18
SHINAOTA,vacunaciones en ninos de 12 a 23 meses,l 18.1       srp dosis unica,2012-05-01,50,2,50,2,52
SICA SICA (VILLA AROMA),vacunaciones en ninos de 12 a 23 meses,l 18.1       srp dosis unica,2012-05-01,18,18,18,18,36
SICAYA,vacunaciones en ninos de 12 a 23 meses,l 18.1       srp dosis unica,2012-05-01,1,12,1,12,13
SIPE SIPE,vacunaciones en ninos de 12 a 23 meses,l 18.1       srp dosis unica,2012-05-01,44,7,44,7,51
SOPACHUY,vacunaciones en ninos de 12 a 23 meses,l 18.1       srp dosis unica,2012-05-01,6,9,6,9,15
SORACACHI,vacunaciones en ninos de 12 a 23 meses,l 18.1       srp dosis unica,2012-05-01,10,11,10,11,21
SORATA,vacunaciones en ninos de 12 a 23 meses,l 18.1       srp dosis unica,2012-05-01,20,54,20,54,74
SUCRE,vacunaciones en ninos de 12 a 23 meses,l 18.1       srp dosis unica,2012-05-01,469,41,469,41,510
TACACHI,vacunaciones en ninos de 12 a 23 meses,l 18.1       srp dosis unica,2012-05-01,1,0,1,0,1
TACACOMA,vacunaciones en ninos de 12 a 23 meses,l 18.1       srp dosis unica,2012-05-01,8,4,8,4,12
TACOBAMBA,vacunaciones en ninos de 12 a 23 meses,l 18.1       srp dosis unica,2012-05-01,11,13,11,13,24
TACOPAYA,vacunaciones en ninos de 12 a 23 meses,l 18.1       srp dosis unica,2012-05-01,11,8,11,8,19
TAHUA,vacunaciones en ninos de 12 a 23 meses,l 18.1       srp dosis unica,2012-05-01,0,3,0,3,3
TAPACARI,vacunaciones en ninos de 12 a 23 meses,l 18.1       srp dosis unica,2012-05-01,23,26,23,26,49
TARABUCO,vacunaciones en ninos de 12 a 23 meses,l 18.1       srp dosis unica,2012-05-01,11,19,11,19,30
TARACO,vacunaciones en ninos de 12 a 23 meses,l 18.1       srp dosis unica,2012-05-01,2,1,2,1,3
TARATA,vacunaciones en ninos de 12 a 23 meses,l 18.1       srp dosis unica,2012-05-01,14,1,14,1,15
TARIJA,vacunaciones en ninos de 12 a 23 meses,l 18.1       srp dosis unica,2012-05-01,388,38,388,38,426
TARVITA,vacunaciones en ninos de 12 a 23 meses,l 18.1       srp dosis unica,2012-05-01,14,11,14,11,25
TEOPONTE,vacunaciones en ninos de 12 a 23 meses,l 18.1       srp dosis unica,2012-05-01,3,8,3,8,11
TIAWANACU,vacunaciones en ninos de 12 a 23 meses,l 18.1       srp dosis unica,2012-05-01,6,15,6,15,21
TINGUIPAYA,vacunaciones en ninos de 12 a 23 meses,l 18.1       srp dosis unica,2012-05-01,40,17,40,17,57
TIPUANI,vacunaciones en ninos de 12 a 23 meses,l 18.1       srp dosis unica,2012-05-01,12,4,12,4,16
TIQUIPAYA,vacunaciones en ninos de 12 a 23 meses,l 18.1       srp dosis unica,2012-05-01,62,29,62,29,91
TIRAQUE (CBBA),vacunaciones en ninos de 12 a 23 meses,l 18.1       srp dosis unica,2012-05-01,17,13,17,13,30
TITO YUPANQUI (PARQUIPUJIO),vacunaciones en ninos de 12 a 23 meses,l 18.1       srp dosis unica,2012-05-01,1,1,1,1,2
TOCO,vacunaciones en ninos de 12 a 23 meses,l 18.1       srp dosis unica,2012-05-01,4,9,4,9,13
TOLATA,vacunaciones en ninos de 12 a 23 meses,l 18.1       srp dosis unica,2012-05-01,4,1,4,1,5
TOLEDO,vacunaciones en ninos de 12 a 23 meses,l 18.1       srp dosis unica,2012-05-01,10,1,10,1,11
TOMAVE,vacunaciones en ninos de 12 a 23 meses,l 18.1       srp dosis unica,2012-05-01,6,10,6,10,16
TOMINA,vacunaciones en ninos de 12 a 23 meses,l 18.1       srp dosis unica,2012-05-01,2,12,2,12,14
TORO TORO,vacunaciones en ninos de 12 a 23 meses,l 18.1       srp dosis unica,2012-05-01,7,11,7,11,18
TOTORA(CBBA),vacunaciones en ninos de 12 a 23 meses,l 18.1       srp dosis unica,2012-05-01,14,14,14,14,28
TOTORA(ORR),vacunaciones en ninos de 12 a 23 meses,l 18.1       srp dosis unica,2012-05-01,16,1,16,1,17
TRIGAL,vacunaciones en ninos de 12 a 23 meses,l 18.1       srp dosis unica,2012-05-01,6,1,6,1,7
TRINIDAD,vacunaciones en ninos de 12 a 23 meses,l 18.1       srp dosis unica,2012-05-01,197,26,197,26,223
TUPIZA,vacunaciones en ninos de 12 a 23 meses,l 18.1       srp dosis unica,2012-05-01,75,28,75,28,103
TURCO,vacunaciones en ninos de 12 a 23 meses,l 18.1       srp dosis unica,2012-05-01,2,6,2,6,8
UMALA,vacunaciones en ninos de 12 a 23 meses,l 18.1       srp dosis unica,2012-05-01,0,14,0,14,14
UNCIA,vacunaciones en ninos de 12 a 23 meses,l 18.1       srp dosis unica,2012-05-01,23,15,23,15,38
URIONDO (A. CONCEPCION),vacunaciones en ninos de 12 a 23 meses,l 18.1       srp dosis unica,2012-05-01,18,5,18,5,23
URUBICHA,vacunaciones en ninos de 12 a 23 meses,l 18.1       srp dosis unica,2012-05-01,18,10,18,10,28
UYUNI,vacunaciones en ninos de 12 a 23 meses,l 18.1       srp dosis unica,2012-05-01,42,0,42,0,42
VACAS,vacunaciones en ninos de 12 a 23 meses,l 18.1       srp dosis unica,2012-05-01,1,16,1,16,17
VALLEGRANDE,vacunaciones en ninos de 12 a 23 meses,l 18.1       srp dosis unica,2012-05-01,32,0,32,0,32
VIACHA,vacunaciones en ninos de 12 a 23 meses,l 18.1       srp dosis unica,2012-05-01,83,13,83,13,96
VILA VILA,vacunaciones en ninos de 12 a 23 meses,l 18.1       srp dosis unica,2012-05-01,5,3,5,3,8
VILLA CHARCAS,vacunaciones en ninos de 12 a 23 meses,l 18.1       srp dosis unica,2012-05-01,11,11,11,11,22
VILLA MONTES,vacunaciones en ninos de 12 a 23 meses,l 18.1       srp dosis unica,2012-05-01,81,29,81,29,110
VILLA NUEVA (LOMA ALTA),vacunaciones en ninos de 12 a 23 meses,l 18.1       srp dosis unica,2012-05-01,1,7,1,7,8
VILLA RIVERO,vacunaciones en ninos de 12 a 23 meses,l 18.1       srp dosis unica,2012-05-01,2,21,2,21,23
VILLA SERRANO,vacunaciones en ninos de 12 a 23 meses,l 18.1       srp dosis unica,2012-05-01,5,17,5,17,22
VILLA TUNARI,vacunaciones en ninos de 12 a 23 meses,l 18.1       srp dosis unica,2012-05-01,117,46,117,46,163
VILLA VACA GUZMAN (MUYUPAMPA),vacunaciones en ninos de 12 a 23 meses,l 18.1       srp dosis unica,2012-05-01,14,12,14,12,26
VILLAZON,vacunaciones en ninos de 12 a 23 meses,l 18.1       srp dosis unica,2012-05-01,89,18,89,18,107
VINTO,vacunaciones en ninos de 12 a 23 meses,l 18.1       srp dosis unica,2012-05-01,60,3,60,3,63
VITICHI,vacunaciones en ninos de 12 a 23 meses,l 18.1       srp dosis unica,2012-05-01,11,14,11,14,25
WALDO BALLIVIAN,vacunaciones en ninos de 12 a 23 meses,l 18.1       srp dosis unica,2012-05-01,3,0,3,0,3
WARNES,vacunaciones en ninos de 12 a 23 meses,l 18.1       srp dosis unica,2012-05-01,162,35,162,35,197
YACO,vacunaciones en ninos de 12 a 23 meses,l 18.1       srp dosis unica,2012-05-01,3,8,3,8,11
YACUIBA,vacunaciones en ninos de 12 a 23 meses,l 18.1       srp dosis unica,2012-05-01,144,61,144,61,205
YAMPARAEZ,vacunaciones en ninos de 12 a 23 meses,l 18.1       srp dosis unica,2012-05-01,6,7,6,7,13
YANACACHI,vacunaciones en ninos de 12 a 23 meses,l 18.1       srp dosis unica,2012-05-01,8,1,8,1,9
YAPACANI,vacunaciones en ninos de 12 a 23 meses,l 18.1       srp dosis unica,2012-05-01,65,42,65,42,107
YOCALLA,vacunaciones en ninos de 12 a 23 meses,l 18.1       srp dosis unica,2012-05-01,6,2,6,2,8
YOTALA,vacunaciones en ninos de 12 a 23 meses,l 18.1       srp dosis unica,2012-05-01,8,12,8,12,20
YUNCHARA,vacunaciones en ninos de 12 a 23 meses,l 18.1       srp dosis unica,2012-05-01,3,12,3,12,15
ZUDAÑEZ,vacunaciones en ninos de 12 a 23 meses,l 18.1       srp dosis unica,2012-05-01,5,5,5,5,10
ACACIO,vacunaciones en ninos de 12 a 23 meses,l 18.1       srp dosis unica,2012-06-01,1,15,1,15,16
ACHACACHI,vacunaciones en ninos de 12 a 23 meses,l 18.1       srp dosis unica,2012-06-01,50,18,50,18,68
ACHOCALLA,vacunaciones en ninos de 12 a 23 meses,l 18.1       srp dosis unica,2012-06-01,12,10,12,10,22
AIQUILE,vacunaciones en ninos de 12 a 23 meses,l 18.1       srp dosis unica,2012-06-01,41,19,41,19,60
ALALAY,vacunaciones en ninos de 12 a 23 meses,l 18.1       srp dosis unica,2012-06-01,0,7,0,7,7
ALCALA,vacunaciones en ninos de 12 a 23 meses,l 18.1       srp dosis unica,2012-06-01,3,0,3,0,3
ALTO BENI,vacunaciones en ninos de 12 a 23 meses,l 18.1       srp dosis unica,2012-06-01,21,0,21,0,21
ANCORAIMES,vacunaciones en ninos de 12 a 23 meses,l 18.1       srp dosis unica,2012-06-01,14,3,14,3,17
ANDAMARCA,vacunaciones en ninos de 12 a 23 meses,l 18.1       srp dosis unica,2012-06-01,1,0,1,0,1
ANTEQUERA,vacunaciones en ninos de 12 a 23 meses,l 18.1       srp dosis unica,2012-06-01,2,7,2,7,9
ANZALDO,vacunaciones en ninos de 12 a 23 meses,l 18.1       srp dosis unica,2012-06-01,7,12,7,12,19
APOLO,vacunaciones en ninos de 12 a 23 meses,l 18.1       srp dosis unica,2012-06-01,22,21,22,21,43
ARAMPAMPA,vacunaciones en ninos de 12 a 23 meses,l 18.1       srp dosis unica,2012-06-01,4,7,4,7,11
ARANI,vacunaciones en ninos de 12 a 23 meses,l 18.1       srp dosis unica,2012-06-01,10,1,10,1,11
ARBIETO,vacunaciones en ninos de 12 a 23 meses,l 18.1       srp dosis unica,2012-06-01,8,11,8,11,19
ARQUE,vacunaciones en ninos de 12 a 23 meses,l 18.1       srp dosis unica,2012-06-01,25,14,25,14,39
ASCENCION DE GUARAYOS,vacunaciones en ninos de 12 a 23 meses,l 18.1       srp dosis unica,2012-06-01,115,27,115,27,142
ATOCHA,vacunaciones en ninos de 12 a 23 meses,l 18.1       srp dosis unica,2012-06-01,26,9,26,9,35
AUCAPATA,vacunaciones en ninos de 12 a 23 meses,l 18.1       srp dosis unica,2012-06-01,0,8,0,8,8
AYATA,vacunaciones en ninos de 12 a 23 meses,l 18.1       srp dosis unica,2012-06-01,4,6,4,6,10
AYO AYO,vacunaciones en ninos de 12 a 23 meses,l 18.1       srp dosis unica,2012-06-01,3,1,3,1,4
AYOPAYA (V. DE INDEPENDENCIA),vacunaciones en ninos de 12 a 23 meses,l 18.1       srp dosis unica,2012-06-01,19,29,19,29,48
AZURDUY,vacunaciones en ninos de 12 a 23 meses,l 18.1       srp dosis unica,2012-06-01,11,12,11,12,23
BATALLAS,vacunaciones en ninos de 12 a 23 meses,l 18.1       srp dosis unica,2012-06-01,27,7,27,7,34
BAURES,vacunaciones en ninos de 12 a 23 meses,l 18.1       srp dosis unica,2012-06-01,7,0,7,0,7
BELEN DE ANDAMARCA,vacunaciones en ninos de 12 a 23 meses,l 18.1       srp dosis unica,2012-06-01,3,2,3,2,5
BELLA FLOR,vacunaciones en ninos de 12 a 23 meses,l 18.1       srp dosis unica,2012-06-01,0,2,0,2,2
BERMEJO,vacunaciones en ninos de 12 a 23 meses,l 18.1       srp dosis unica,2012-06-01,46,31,46,31,77
BETANZOS,vacunaciones en ninos de 12 a 23 meses,l 18.1       srp dosis unica,2012-06-01,31,48,31,48,79
BOLIVAR,vacunaciones en ninos de 12 a 23 meses,l 18.1       srp dosis unica,2012-06-01,0,6,0,6,6
BOLPEBRA,vacunaciones en ninos de 12 a 23 meses,l 18.1       srp dosis unica,2012-06-01,0,5,0,5,5
BOYUIBE,vacunaciones en ninos de 12 a 23 meses,l 18.1       srp dosis unica,2012-06-01,0,8,0,8,8
BUENA VISTA,vacunaciones en ninos de 12 a 23 meses,l 18.1       srp dosis unica,2012-06-01,9,21,9,21,30
CABEZAS,vacunaciones en ninos de 12 a 23 meses,l 18.1       srp dosis unica,2012-06-01,29,40,29,40,69
CAIROMA,vacunaciones en ninos de 12 a 23 meses,l 18.1       srp dosis unica,2012-06-01,9,10,9,10,19
"CAIZA ""D""",vacunaciones en ninos de 12 a 23 meses,l 18.1       srp dosis unica,2012-06-01,9,9,9,9,18
CAJUATA,vacunaciones en ninos de 12 a 23 meses,l 18.1       srp dosis unica,2012-06-01,10,1,10,1,11
CALACOTO,vacunaciones en ninos de 12 a 23 meses,l 18.1       srp dosis unica,2012-06-01,2,5,2,5,7
CALAMARCA,vacunaciones en ninos de 12 a 23 meses,l 18.1       srp dosis unica,2012-06-01,7,8,7,8,15
CAMARGO,vacunaciones en ninos de 12 a 23 meses,l 18.1       srp dosis unica,2012-06-01,20,6,20,6,26
CAMATAQUI (C. VILLA ABECIA),vacunaciones en ninos de 12 a 23 meses,l 18.1       srp dosis unica,2012-06-01,0,1,0,1,1
CAMIRI,vacunaciones en ninos de 12 a 23 meses,l 18.1       srp dosis unica,2012-06-01,216,12,216,12,228
CAPINOTA,vacunaciones en ninos de 12 a 23 meses,l 18.1       srp dosis unica,2012-06-01,28,4,28,4,32
CAQUIAVIRI,vacunaciones en ninos de 12 a 23 meses,l 18.1       srp dosis unica,2012-06-01,9,6,9,6,15
CARACOLLO,vacunaciones en ninos de 12 a 23 meses,l 18.1       srp dosis unica,2012-06-01,19,13,19,13,32
CARANAVI,vacunaciones en ninos de 12 a 23 meses,l 18.1       srp dosis unica,2012-06-01,89,62,89,62,151
CARANGAS,vacunaciones en ninos de 12 a 23 meses,l 18.1       srp dosis unica,2012-06-01,0,2,0,2,2
CARAPARI,vacunaciones en ninos de 12 a 23 meses,l 18.1       srp dosis unica,2012-06-01,8,30,8,30,38
CARIPUYO,vacunaciones en ninos de 12 a 23 meses,l 18.1       srp dosis unica,2012-06-01,5,28,5,28,33
CARMEN RIVERO TORREZ,vacunaciones en ninos de 12 a 23 meses,l 18.1       srp dosis unica,2012-06-01,5,16,5,16,21
CATACORA,vacunaciones en ninos de 12 a 23 meses,l 18.1       srp dosis unica,2012-06-01,3,0,3,0,3
CHALLAPATA,vacunaciones en ninos de 12 a 23 meses,l 18.1       srp dosis unica,2012-06-01,23,17,23,17,40
CHAQUI,vacunaciones en ninos de 12 a 23 meses,l 18.1       srp dosis unica,2012-06-01,7,6,7,6,13
CHARAGUA,vacunaciones en ninos de 12 a 23 meses,l 18.1       srp dosis unica,2012-06-01,36,118,36,118,154
CHARAÑA,vacunaciones en ninos de 12 a 23 meses,l 18.1       srp dosis unica,2012-06-01,2,2,2,2,4
CHAYANTA,vacunaciones en ninos de 12 a 23 meses,l 18.1       srp dosis unica,2012-06-01,7,17,7,17,24
CHIMORE,vacunaciones en ninos de 12 a 23 meses,l 18.1       srp dosis unica,2012-06-01,24,13,24,13,37
CHIPAYA,vacunaciones en ninos de 12 a 23 meses,l 18.1       srp dosis unica,2012-06-01,1,0,1,0,1
CHULUMANI (V. DE LA LIBERTAD),vacunaciones en ninos de 12 a 23 meses,l 18.1       srp dosis unica,2012-06-01,23,12,23,12,35
CHUMA,vacunaciones en ninos de 12 a 23 meses,l 18.1       srp dosis unica,2012-06-01,4,9,4,9,13
CHUQUIHUTA AYLLU JUCUMANI,vacunaciones en ninos de 12 a 23 meses,l 18.1       srp dosis unica,2012-06-01,4,6,4,6,10
CKOCHAS,vacunaciones en ninos de 12 a 23 meses,l 18.1       srp dosis unica,2012-06-01,20,21,20,21,41
CLIZA,vacunaciones en ninos de 12 a 23 meses,l 18.1       srp dosis unica,2012-06-01,19,5,19,5,24
COBIJA,vacunaciones en ninos de 12 a 23 meses,l 18.1       srp dosis unica,2012-06-01,149,60,149,60,209
COCAPATA,vacunaciones en ninos de 12 a 23 meses,l 18.1       srp dosis unica,2012-06-01,17,11,17,11,28
COCHABAMBA,vacunaciones en ninos de 12 a 23 meses,l 18.1       srp dosis unica,2012-06-01,1205,100,1205,100,1305
COLCAPIRHUA,vacunaciones en ninos de 12 a 23 meses,l 18.1       srp dosis unica,2012-06-01,83,5,83,5,88
"COLCHA ""K""",vacunaciones en ninos de 12 a 23 meses,l 18.1       srp dosis unica,2012-06-01,33,9,33,9,42
COLLANA,vacunaciones en ninos de 12 a 23 meses,l 18.1       srp dosis unica,2012-06-01,3,3,3,3,6
COLOMI,vacunaciones en ninos de 12 a 23 meses,l 18.1       srp dosis unica,2012-06-01,25,16,25,16,41
COLPA BELGICA,vacunaciones en ninos de 12 a 23 meses,l 18.1       srp dosis unica,2012-06-01,7,13,7,13,20
COLQUECHACA,vacunaciones en ninos de 12 a 23 meses,l 18.1       srp dosis unica,2012-06-01,36,60,36,60,96
COLQUENCHA,vacunaciones en ninos de 12 a 23 meses,l 18.1       srp dosis unica,2012-06-01,6,0,6,0,6
COLQUIRI,vacunaciones en ninos de 12 a 23 meses,l 18.1       srp dosis unica,2012-06-01,3,25,3,25,28
COMANCHE,vacunaciones en ninos de 12 a 23 meses,l 18.1       srp dosis unica,2012-06-01,7,1,7,1,8
COMARAPA,vacunaciones en ninos de 12 a 23 meses,l 18.1       srp dosis unica,2012-06-01,35,11,35,11,46
COMBAYA,vacunaciones en ninos de 12 a 23 meses,l 18.1       srp dosis unica,2012-06-01,0,13,0,13,13
CONCEPCION,vacunaciones en ninos de 12 a 23 meses,l 18.1       srp dosis unica,2012-06-01,49,9,49,9,58
COPACABANA,vacunaciones en ninos de 12 a 23 meses,l 18.1       srp dosis unica,2012-06-01,14,11,14,11,25
CORIPATA,vacunaciones en ninos de 12 a 23 meses,l 18.1       srp dosis unica,2012-06-01,17,14,17,14,31
CORO CORO,vacunaciones en ninos de 12 a 23 meses,l 18.1       srp dosis unica,2012-06-01,3,13,3,13,16
COROICO,vacunaciones en ninos de 12 a 23 meses,l 18.1       srp dosis unica,2012-06-01,12,5,12,5,17
CORQUE,vacunaciones en ninos de 12 a 23 meses,l 18.1       srp dosis unica,2012-06-01,10,5,10,5,15
COTAGAITA,vacunaciones en ninos de 12 a 23 meses,l 18.1       srp dosis unica,2012-06-01,11,29,11,29,40
COTOCA,vacunaciones en ninos de 12 a 23 meses,l 18.1       srp dosis unica,2012-06-01,102,22,102,22,124
CUATRO CAÑADAS,vacunaciones en ninos de 12 a 23 meses,l 18.1       srp dosis unica,2012-06-01,58,46,58,46,104
CUCHUMUELA (V. G. VILLARROEL),vacunaciones en ninos de 12 a 23 meses,l 18.1       srp dosis unica,2012-06-01,1,0,1,0,1
CUEVO,vacunaciones en ninos de 12 a 23 meses,l 18.1       srp dosis unica,2012-06-01,6,5,6,5,11
CULPINA,vacunaciones en ninos de 12 a 23 meses,l 18.1       srp dosis unica,2012-06-01,26,12,26,12,38
CURAHUARA DE CARANGAS,vacunaciones en ninos de 12 a 23 meses,l 18.1       srp dosis unica,2012-06-01,3,2,3,2,5
CURVA,vacunaciones en ninos de 12 a 23 meses,l 18.1       srp dosis unica,2012-06-01,1,7,1,7,8
DESAGUADERO,vacunaciones en ninos de 12 a 23 meses,l 18.1       srp dosis unica,2012-06-01,3,6,3,6,9
EL ALTO,vacunaciones en ninos de 12 a 23 meses,l 18.1       srp dosis unica,2012-06-01,1643,58,1643,58,1701
EL CHORO,vacunaciones en ninos de 12 a 23 meses,l 18.1       srp dosis unica,2012-06-01,5,10,5,10,15
EL PUENTE(STC),vacunaciones en ninos de 12 a 23 meses,l 18.1       srp dosis unica,2012-06-01,40,8,40,8,48
EL PUENTE(TJA),vacunaciones en ninos de 12 a 23 meses,l 18.1       srp dosis unica,2012-06-01,7,3,7,3,10
EL TORNO,vacunaciones en ninos de 12 a 23 meses,l 18.1       srp dosis unica,2012-06-01,97,7,97,7,104
EL VILLAR,vacunaciones en ninos de 12 a 23 meses,l 18.1       srp dosis unica,2012-06-01,5,0,5,0,5
ENTRE RIOS TRJ,vacunaciones en ninos de 12 a 23 meses,l 18.1       srp dosis unica,2012-06-01,24,17,24,17,41
ENTRE RIOS CBBA,vacunaciones en ninos de 12 a 23 meses,l 18.1       srp dosis unica,2012-06-01,77,13,77,13,90
ESCOMA,vacunaciones en ninos de 12 a 23 meses,l 18.1       srp dosis unica,2012-06-01,8,3,8,3,11
EUCALIPTUS,vacunaciones en ninos de 12 a 23 meses,l 18.1       srp dosis unica,2012-06-01,2,8,2,8,10
EUREKA (SANTOS MERCADO),vacunaciones en ninos de 12 a 23 meses,l 18.1       srp dosis unica,2012-06-01,3,7,3,7,10
FERNANDEZ ALONSO,vacunaciones en ninos de 12 a 23 meses,l 18.1       srp dosis unica,2012-06-01,4,29,4,29,33
FILADELFIA,vacunaciones en ninos de 12 a 23 meses,l 18.1       srp dosis unica,2012-06-01,6,33,6,33,39
GENERAL SAAVEDRA,vacunaciones en ninos de 12 a 23 meses,l 18.1       srp dosis unica,2012-06-01,26,13,26,13,39
GRAL. J.J. PEREZ (CHARAZANI),vacunaciones en ninos de 12 a 23 meses,l 18.1       srp dosis unica,2012-06-01,4,16,4,16,20
GUANAY,vacunaciones en ninos de 12 a 23 meses,l 18.1       srp dosis unica,2012-06-01,14,11,14,11,25
GUAQUI,vacunaciones en ninos de 12 a 23 meses,l 18.1       srp dosis unica,2012-06-01,3,4,3,4,7
GUAYARAMERIN,vacunaciones en ninos de 12 a 23 meses,l 18.1       srp dosis unica,2012-06-01,114,35,114,35,149
GUTIERREZ,vacunaciones en ninos de 12 a 23 meses,l 18.1       srp dosis unica,2012-06-01,10,23,10,23,33
HUACARETA,vacunaciones en ninos de 12 a 23 meses,l 18.1       srp dosis unica,2012-06-01,12,3,12,3,15
HUACHACALLA,vacunaciones en ninos de 12 a 23 meses,l 18.1       srp dosis unica,2012-06-01,1,0,1,0,1
HUANUNI,vacunaciones en ninos de 12 a 23 meses,l 18.1       srp dosis unica,2012-06-01,40,1,40,1,41
HUARACAJE,vacunaciones en ninos de 12 a 23 meses,l 18.1       srp dosis unica,2012-06-01,2,6,2,6,8
HUARINA,vacunaciones en ninos de 12 a 23 meses,l 18.1       srp dosis unica,2012-06-01,3,1,3,1,4
HUAYLLAMARCA,vacunaciones en ninos de 12 a 23 meses,l 18.1       srp dosis unica,2012-06-01,4,2,4,2,6
HUMANATA,vacunaciones en ninos de 12 a 23 meses,l 18.1       srp dosis unica,2012-06-01,1,5,1,5,6
ICHOCA,vacunaciones en ninos de 12 a 23 meses,l 18.1       srp dosis unica,2012-06-01,4,13,4,13,17
ICLA,vacunaciones en ninos de 12 a 23 meses,l 18.1       srp dosis unica,2012-06-01,5,4,5,4,9
INCAHUASI,vacunaciones en ninos de 12 a 23 meses,l 18.1       srp dosis unica,2012-06-01,17,26,17,26,43
INQUISIVI,vacunaciones en ninos de 12 a 23 meses,l 18.1       srp dosis unica,2012-06-01,4,11,4,11,15
IRUPANA (VILLA DE LANZA),vacunaciones en ninos de 12 a 23 meses,l 18.1       srp dosis unica,2012-06-01,8,13,8,13,21
IXIAMAS,vacunaciones en ninos de 12 a 23 meses,l 18.1       srp dosis unica,2012-06-01,19,5,19,5,24
JESUS DE MACHACA,vacunaciones en ninos de 12 a 23 meses,l 18.1       srp dosis unica,2012-06-01,19,8,19,8,27
LA ASUNTA,vacunaciones en ninos de 12 a 23 meses,l 18.1       srp dosis unica,2012-06-01,52,20,52,20,72
LA GUARDIA,vacunaciones en ninos de 12 a 23 meses,l 18.1       srp dosis unica,2012-06-01,128,22,128,22,150
LA PAZ,vacunaciones en ninos de 12 a 23 meses,l 18.1       srp dosis unica,2012-06-01,1258,64,1258,64,1322
LAGUNILLAS,vacunaciones en ninos de 12 a 23 meses,l 18.1       srp dosis unica,2012-06-01,2,9,2,9,11
LAJA,vacunaciones en ninos de 12 a 23 meses,l 18.1       srp dosis unica,2012-06-01,26,8,26,8,34
LAS CARRERAS,vacunaciones en ninos de 12 a 23 meses,l 18.1       srp dosis unica,2012-06-01,6,4,6,4,10
LICOMA PAMPA,vacunaciones en ninos de 12 a 23 meses,l 18.1       srp dosis unica,2012-06-01,1,0,1,0,1
LLALLAGUA,vacunaciones en ninos de 12 a 23 meses,l 18.1       srp dosis unica,2012-06-01,29,55,29,55,84
LLICA,vacunaciones en ninos de 12 a 23 meses,l 18.1       srp dosis unica,2012-06-01,10,1,10,1,11
LORETO,vacunaciones en ninos de 12 a 23 meses,l 18.1       srp dosis unica,2012-06-01,3,19,3,19,22
LURIBAY,vacunaciones en ninos de 12 a 23 meses,l 18.1       srp dosis unica,2012-06-01,12,5,12,5,17
MACHACAMARCA,vacunaciones en ninos de 12 a 23 meses,l 18.1       srp dosis unica,2012-06-01,8,0,8,0,8
MACHARETI,vacunaciones en ninos de 12 a 23 meses,l 18.1       srp dosis unica,2012-06-01,1,6,1,6,7
MAGDALENA,vacunaciones en ninos de 12 a 23 meses,l 18.1       srp dosis unica,2012-06-01,13,31,13,31,44
MAIRANA,vacunaciones en ninos de 12 a 23 meses,l 18.1       srp dosis unica,2012-06-01,25,3,25,3,28
MALLA,vacunaciones en ninos de 12 a 23 meses,l 18.1       srp dosis unica,2012-06-01,0,4,0,4,4
MAPIRI,vacunaciones en ninos de 12 a 23 meses,l 18.1       srp dosis unica,2012-06-01,25,9,25,9,34
MECAPACA,vacunaciones en ninos de 12 a 23 meses,l 18.1       srp dosis unica,2012-06-01,6,5,6,5,11
MINEROS,vacunaciones en ninos de 12 a 23 meses,l 18.1       srp dosis unica,2012-06-01,40,8,40,8,48
MIZQUE,vacunaciones en ninos de 12 a 23 meses,l 18.1       srp dosis unica,2012-06-01,28,21,28,21,49
MOCOMOCO,vacunaciones en ninos de 12 a 23 meses,l 18.1       srp dosis unica,2012-06-01,12,11,12,11,23
MOJINETE,vacunaciones en ninos de 12 a 23 meses,l 18.1       srp dosis unica,2012-06-01,2,0,2,0,2
MOJOCOYA,vacunaciones en ninos de 12 a 23 meses,l 18.1       srp dosis unica,2012-06-01,6,14,6,14,20
MONTEAGUDO,vacunaciones en ninos de 12 a 23 meses,l 18.1       srp dosis unica,2012-06-01,28,13,28,13,41
MONTERO,vacunaciones en ninos de 12 a 23 meses,l 18.1       srp dosis unica,2012-06-01,208,13,208,13,221
MOROCHATA,vacunaciones en ninos de 12 a 23 meses,l 18.1       srp dosis unica,2012-06-01,13,23,13,23,36
NACEBE (SANTA ROSA DEL ABUNA),vacunaciones en ninos de 12 a 23 meses,l 18.1       srp dosis unica,2012-06-01,1,5,1,5,6
NUEVO MANOA (NUEVA ESPERANZA),vacunaciones en ninos de 12 a 23 meses,l 18.1       srp dosis unica,2012-06-01,1,3,1,3,4
OCURI,vacunaciones en ninos de 12 a 23 meses,l 18.1       srp dosis unica,2012-06-01,4,48,4,48,52
OKINAWA,vacunaciones en ninos de 12 a 23 meses,l 18.1       srp dosis unica,2012-06-01,33,10,33,10,43
OMEREQUE,vacunaciones en ninos de 12 a 23 meses,l 18.1       srp dosis unica,2012-06-01,4,4,4,4,8
ORURO,vacunaciones en ninos de 12 a 23 meses,l 18.1       srp dosis unica,2012-06-01,527,8,527,8,535
PADCAYA,vacunaciones en ninos de 12 a 23 meses,l 18.1       srp dosis unica,2012-06-01,15,29,15,29,44
PADILLA,vacunaciones en ninos de 12 a 23 meses,l 18.1       srp dosis unica,2012-06-01,19,6,19,6,25
PAILON,vacunaciones en ninos de 12 a 23 meses,l 18.1       srp dosis unica,2012-06-01,25,103,25,103,128
PALCA,vacunaciones en ninos de 12 a 23 meses,l 18.1       srp dosis unica,2012-06-01,21,18,21,18,39
PALOS BLANCOS,vacunaciones en ninos de 12 a 23 meses,l 18.1       srp dosis unica,2012-06-01,35,15,35,15,50
PAMPA AULLAGAS,vacunaciones en ninos de 12 a 23 meses,l 18.1       srp dosis unica,2012-06-01,4,2,4,2,6
PAMPA GRANDE,vacunaciones en ninos de 12 a 23 meses,l 18.1       srp dosis unica,2012-06-01,19,1,19,1,20
PAPEL PAMPA,vacunaciones en ninos de 12 a 23 meses,l 18.1       srp dosis unica,2012-06-01,1,9,1,9,10
PASORAPA,vacunaciones en ninos de 12 a 23 meses,l 18.1       srp dosis unica,2012-06-01,6,4,6,4,10
PATACAMAYA,vacunaciones en ninos de 12 a 23 meses,l 18.1       srp dosis unica,2012-06-01,23,7,23,7,30
PAZÑA,vacunaciones en ninos de 12 a 23 meses,l 18.1       srp dosis unica,2012-06-01,4,10,4,10,14
PELECHUCO,vacunaciones en ninos de 12 a 23 meses,l 18.1       srp dosis unica,2012-06-01,5,9,5,9,14
POCOATA,vacunaciones en ninos de 12 a 23 meses,l 18.1       srp dosis unica,2012-06-01,15,47,15,47,62
POCONA,vacunaciones en ninos de 12 a 23 meses,l 18.1       srp dosis unica,2012-06-01,13,10,13,10,23
POJO (CBBA),vacunaciones en ninos de 12 a 23 meses,l 18.1       srp dosis unica,2012-06-01,32,8,32,8,40
POOPO,vacunaciones en ninos de 12 a 23 meses,l 18.1       srp dosis unica,2012-06-01,2,0,2,0,2
PORCO,vacunaciones en ninos de 12 a 23 meses,l 18.1       srp dosis unica,2012-06-01,13,1,13,1,14
POROMA,vacunaciones en ninos de 12 a 23 meses,l 18.1       srp dosis unica,2012-06-01,11,14,11,14,25
PORONGO,vacunaciones en ninos de 12 a 23 meses,l 18.1       srp dosis unica,2012-06-01,10,19,10,19,29
PORTACHUELO,vacunaciones en ninos de 12 a 23 meses,l 18.1       srp dosis unica,2012-06-01,42,3,42,3,45
PORVENIR,vacunaciones en ninos de 12 a 23 meses,l 18.1       srp dosis unica,2012-06-01,19,0,19,0,19
POSTRER VALLE,vacunaciones en ninos de 12 a 23 meses,l 18.1       srp dosis unica,2012-06-01,9,2,9,2,11
POTOSI,vacunaciones en ninos de 12 a 23 meses,l 18.1       srp dosis unica,2012-06-01,470,46,470,46,516
PRESTO,vacunaciones en ninos de 12 a 23 meses,l 18.1       srp dosis unica,2012-06-01,2,8,2,8,10
PUCARA,vacunaciones en ninos de 12 a 23 meses,l 18.1       srp dosis unica,2012-06-01,2,5,2,5,7
PUCARANI,vacunaciones en ninos de 12 a 23 meses,l 18.1       srp dosis unica,2012-06-01,41,28,41,28,69
PUERTO ACOSTA,vacunaciones en ninos de 12 a 23 meses,l 18.1       srp dosis unica,2012-06-01,2,27,2,27,29
PUERTO CARABUCO,vacunaciones en ninos de 12 a 23 meses,l 18.1       srp dosis unica,2012-06-01,3,8,3,8,11
PUERTO GONZALO MORENO,vacunaciones en ninos de 12 a 23 meses,l 18.1       srp dosis unica,2012-06-01,4,10,4,10,14
PUERTO PEREZ,vacunaciones en ninos de 12 a 23 meses,l 18.1       srp dosis unica,2012-06-01,7,8,7,8,15
PUERTO QUIJARRO,vacunaciones en ninos de 12 a 23 meses,l 18.1       srp dosis unica,2012-06-01,26,20,26,20,46
PUERTO RICO,vacunaciones en ninos de 12 a 23 meses,l 18.1       srp dosis unica,2012-06-01,21,3,21,3,24
PUERTO SUAREZ,vacunaciones en ninos de 12 a 23 meses,l 18.1       srp dosis unica,2012-06-01,35,12,35,12,47
PUERTO VILLARROEL,vacunaciones en ninos de 12 a 23 meses,l 18.1       srp dosis unica,2012-06-01,80,11,80,11,91
PUNA,vacunaciones en ninos de 12 a 23 meses,l 18.1       srp dosis unica,2012-06-01,26,27,26,27,53
PUNATA,vacunaciones en ninos de 12 a 23 meses,l 18.1       srp dosis unica,2012-06-01,52,0,52,0,52
QUIABAYA,vacunaciones en ninos de 12 a 23 meses,l 18.1       srp dosis unica,2012-06-01,1,12,1,12,13
QUILLACOLLO,vacunaciones en ninos de 12 a 23 meses,l 18.1       srp dosis unica,2012-06-01,199,3,199,3,202
QUIME,vacunaciones en ninos de 12 a 23 meses,l 18.1       srp dosis unica,2012-06-01,4,10,4,10,14
RAVELO,vacunaciones en ninos de 12 a 23 meses,l 18.1       srp dosis unica,2012-06-01,6,32,6,32,38
REYES,vacunaciones en ninos de 12 a 23 meses,l 18.1       srp dosis unica,2012-06-01,50,43,50,43,93
RIBERALTA,vacunaciones en ninos de 12 a 23 meses,l 18.1       srp dosis unica,2012-06-01,346,156,346,156,502
ROBORE,vacunaciones en ninos de 12 a 23 meses,l 18.1       srp dosis unica,2012-06-01,35,19,35,19,54
RURRENABAQUE,vacunaciones en ninos de 12 a 23 meses,l 18.1       srp dosis unica,2012-06-01,48,3,48,3,51
SACABA,vacunaciones en ninos de 12 a 23 meses,l 18.1       srp dosis unica,2012-06-01,203,30,203,30,233
SACABAMBA,vacunaciones en ninos de 12 a 23 meses,l 18.1       srp dosis unica,2012-06-01,9,11,9,11,20
SACACA,vacunaciones en ninos de 12 a 23 meses,l 18.1       srp dosis unica,2012-06-01,28,43,28,43,71
SAIPINA,vacunaciones en ninos de 12 a 23 meses,l 18.1       srp dosis unica,2012-06-01,1,23,1,23,24
SALINAS DE GARCI MENDOZA,vacunaciones en ninos de 12 a 23 meses,l 18.1       srp dosis unica,2012-06-01,8,5,8,5,13
SAMAIPATA,vacunaciones en ninos de 12 a 23 meses,l 18.1       srp dosis unica,2012-06-01,5,17,5,17,22
SAN AGUSTIN,vacunaciones en ninos de 12 a 23 meses,l 18.1       srp dosis unica,2012-06-01,6,0,6,0,6
SAN ANDRES,vacunaciones en ninos de 12 a 23 meses,l 18.1       srp dosis unica,2012-06-01,32,22,32,22,54
SAN ANDRES DE MACHACA,vacunaciones en ninos de 12 a 23 meses,l 18.1       srp dosis unica,2012-06-01,4,3,4,3,7
SAN ANTONIO DE ESMORUCO,vacunaciones en ninos de 12 a 23 meses,l 18.1       srp dosis unica,2012-06-01,7,4,7,4,11
SAN ANTONIO DE LOMERIO,vacunaciones en ninos de 12 a 23 meses,l 18.1       srp dosis unica,2012-06-01,5,5,5,5,10
SAN BENITO,vacunaciones en ninos de 12 a 23 meses,l 18.1       srp dosis unica,2012-06-01,11,12,11,12,23
SAN BORJA,vacunaciones en ninos de 12 a 23 meses,l 18.1       srp dosis unica,2012-06-01,62,37,62,37,99
SAN BUENA VENTURA,vacunaciones en ninos de 12 a 23 meses,l 18.1       srp dosis unica,2012-06-01,12,2,12,2,14
SAN CARLOS,vacunaciones en ninos de 12 a 23 meses,l 18.1       srp dosis unica,2012-06-01,25,4,25,4,29
SAN IGNACIO,vacunaciones en ninos de 12 a 23 meses,l 18.1       srp dosis unica,2012-06-01,55,22,55,22,77
SAN IGNACIO DE VELASCO,vacunaciones en ninos de 12 a 23 meses,l 18.1       srp dosis unica,2012-06-01,100,42,100,42,142
SAN JAVIER(BNI),vacunaciones en ninos de 12 a 23 meses,l 18.1       srp dosis unica,2012-06-01,4,4,4,4,8
SAN JAVIER(STC),vacunaciones en ninos de 12 a 23 meses,l 18.1       srp dosis unica,2012-06-01,42,2,42,2,44
SAN JOAQUIN,vacunaciones en ninos de 12 a 23 meses,l 18.1       srp dosis unica,2012-06-01,3,13,3,13,16
SAN JOSE DE CHIQUITOS,vacunaciones en ninos de 12 a 23 meses,l 18.1       srp dosis unica,2012-06-01,34,30,34,30,64
SAN JUAN DE YAPACANI,vacunaciones en ninos de 12 a 23 meses,l 18.1       srp dosis unica,2012-06-01,22,11,22,11,33
SAN JULIAN,vacunaciones en ninos de 12 a 23 meses,l 18.1       srp dosis unica,2012-06-01,56,42,56,42,98
SAN LORENZO(PND),vacunaciones en ninos de 12 a 23 meses,l 18.1       srp dosis unica,2012-06-01,20,35,20,35,55
SAN LORENZO(TJA),vacunaciones en ninos de 12 a 23 meses,l 18.1       srp dosis unica,2012-06-01,28,21,28,21,49
SAN LUCAS,vacunaciones en ninos de 12 a 23 meses,l 18.1       srp dosis unica,2012-06-01,28,30,28,30,58
SAN MATIAS,vacunaciones en ninos de 12 a 23 meses,l 18.1       srp dosis unica,2012-06-01,27,21,27,21,48
SAN MIGUEL DE VELASCO,vacunaciones en ninos de 12 a 23 meses,l 18.1       srp dosis unica,2012-06-01,8,19,8,19,27
SAN PABLO DE LIPEZ,vacunaciones en ninos de 12 a 23 meses,l 18.1       srp dosis unica,2012-06-01,11,1,11,1,12
SAN PEDRO,vacunaciones en ninos de 12 a 23 meses,l 18.1       srp dosis unica,2012-06-01,13,12,13,12,25
SAN PEDRO DE BUENA VISTA,vacunaciones en ninos de 12 a 23 meses,l 18.1       srp dosis unica,2012-06-01,34,49,34,49,83
SAN PEDRO DE CURAHUARA,vacunaciones en ninos de 12 a 23 meses,l 18.1       srp dosis unica,2012-06-01,2,6,2,6,8
SAN PEDRO DE TIQUINA,vacunaciones en ninos de 12 a 23 meses,l 18.1       srp dosis unica,2012-06-01,3,4,3,4,7
SAN PEDRO(PND),vacunaciones en ninos de 12 a 23 meses,l 18.1       srp dosis unica,2012-06-01,0,7,0,7,7
SAN RAFAEL,vacunaciones en ninos de 12 a 23 meses,l 18.1       srp dosis unica,2012-06-01,3,4,3,4,7
SAN RAMON BENI,vacunaciones en ninos de 12 a 23 meses,l 18.1       srp dosis unica,2012-06-01,5,7,5,7,12
SAN RAMON SCZ,vacunaciones en ninos de 12 a 23 meses,l 18.1       srp dosis unica,2012-06-01,25,0,25,0,25
SANTA ANA,vacunaciones en ninos de 12 a 23 meses,l 18.1       srp dosis unica,2012-06-01,33,3,33,3,36
SANTA CRUZ DE LA SIERRA,vacunaciones en ninos de 12 a 23 meses,l 18.1       srp dosis unica,2012-06-01,2645,96,2645,96,2741
SANTA ROSA,vacunaciones en ninos de 12 a 23 meses,l 18.1       srp dosis unica,2012-06-01,28,3,28,3,31
SANTA ROSA DEL SARA,vacunaciones en ninos de 12 a 23 meses,l 18.1       srp dosis unica,2012-06-01,33,18,33,18,51
SANTIAGO DE CALLAPA,vacunaciones en ninos de 12 a 23 meses,l 18.1       srp dosis unica,2012-06-01,1,6,1,6,7
SANTIAGO DE HUARI,vacunaciones en ninos de 12 a 23 meses,l 18.1       srp dosis unica,2012-06-01,10,8,10,8,18
SANTIAGO DE HUATA,vacunaciones en ninos de 12 a 23 meses,l 18.1       srp dosis unica,2012-06-01,3,7,3,7,10
SANTIVAÑES,vacunaciones en ninos de 12 a 23 meses,l 18.1       srp dosis unica,2012-06-01,4,7,4,7,11
SANTUARIO DE QUILLACAS,vacunaciones en ninos de 12 a 23 meses,l 18.1       srp dosis unica,2012-06-01,4,11,4,11,15
SAPAHAQUI,vacunaciones en ninos de 12 a 23 meses,l 18.1       srp dosis unica,2012-06-01,3,8,3,8,11
SENA,vacunaciones en ninos de 12 a 23 meses,l 18.1       srp dosis unica,2012-06-01,14,20,14,20,34
SHINAOTA,vacunaciones en ninos de 12 a 23 meses,l 18.1       srp dosis unica,2012-06-01,58,1,58,1,59
SICA SICA (VILLA AROMA),vacunaciones en ninos de 12 a 23 meses,l 18.1       srp dosis unica,2012-06-01,17,39,17,39,56
SICAYA,vacunaciones en ninos de 12 a 23 meses,l 18.1       srp dosis unica,2012-06-01,0,12,0,12,12
SIPE SIPE,vacunaciones en ninos de 12 a 23 meses,l 18.1       srp dosis unica,2012-06-01,87,13,87,13,100
SOPACHUY,vacunaciones en ninos de 12 a 23 meses,l 18.1       srp dosis unica,2012-06-01,2,8,2,8,10
SORACACHI,vacunaciones en ninos de 12 a 23 meses,l 18.1       srp dosis unica,2012-06-01,6,8,6,8,14
SORATA,vacunaciones en ninos de 12 a 23 meses,l 18.1       srp dosis unica,2012-06-01,16,34,16,34,50
SUCRE,vacunaciones en ninos de 12 a 23 meses,l 18.1       srp dosis unica,2012-06-01,599,75,599,75,674
TACACHI,vacunaciones en ninos de 12 a 23 meses,l 18.1       srp dosis unica,2012-06-01,2,0,2,0,2
TACACOMA,vacunaciones en ninos de 12 a 23 meses,l 18.1       srp dosis unica,2012-06-01,13,7,13,7,20
TACOBAMBA,vacunaciones en ninos de 12 a 23 meses,l 18.1       srp dosis unica,2012-06-01,11,2,11,2,13
TACOPAYA,vacunaciones en ninos de 12 a 23 meses,l 18.1       srp dosis unica,2012-06-01,4,6,4,6,10
TAHUA,vacunaciones en ninos de 12 a 23 meses,l 18.1       srp dosis unica,2012-06-01,3,0,3,0,3
TAPACARI,vacunaciones en ninos de 12 a 23 meses,l 18.1       srp dosis unica,2012-06-01,27,17,27,17,44
TARABUCO,vacunaciones en ninos de 12 a 23 meses,l 18.1       srp dosis unica,2012-06-01,13,17,13,17,30
TARACO,vacunaciones en ninos de 12 a 23 meses,l 18.1       srp dosis unica,2012-06-01,3,4,3,4,7
TARATA,vacunaciones en ninos de 12 a 23 meses,l 18.1       srp dosis unica,2012-06-01,11,2,11,2,13
TARIJA,vacunaciones en ninos de 12 a 23 meses,l 18.1       srp dosis unica,2012-06-01,346,79,346,79,425
TARVITA,vacunaciones en ninos de 12 a 23 meses,l 18.1       srp dosis unica,2012-06-01,22,7,22,7,29
TEOPONTE,vacunaciones en ninos de 12 a 23 meses,l 18.1       srp dosis unica,2012-06-01,17,18,17,18,35
TIAWANACU,vacunaciones en ninos de 12 a 23 meses,l 18.1       srp dosis unica,2012-06-01,12,2,12,2,14
TINGUIPAYA,vacunaciones en ninos de 12 a 23 meses,l 18.1       srp dosis unica,2012-06-01,26,35,26,35,61
TIPUANI,vacunaciones en ninos de 12 a 23 meses,l 18.1       srp dosis unica,2012-06-01,20,15,20,15,35
TIQUIPAYA,vacunaciones en ninos de 12 a 23 meses,l 18.1       srp dosis unica,2012-06-01,68,45,68,45,113
TIRAQUE (CBBA),vacunaciones en ninos de 12 a 23 meses,l 18.1       srp dosis unica,2012-06-01,35,12,35,12,47
TITO YUPANQUI (PARQUIPUJIO),vacunaciones en ninos de 12 a 23 meses,l 18.1       srp dosis unica,2012-06-01,2,0,2,0,2
TOCO,vacunaciones en ninos de 12 a 23 meses,l 18.1       srp dosis unica,2012-06-01,1,5,1,5,6
TODOS SANTOS,vacunaciones en ninos de 12 a 23 meses,l 18.1       srp dosis unica,2012-06-01,2,0,2,0,2
TOLATA,vacunaciones en ninos de 12 a 23 meses,l 18.1       srp dosis unica,2012-06-01,13,4,13,4,17
TOLEDO,vacunaciones en ninos de 12 a 23 meses,l 18.1       srp dosis unica,2012-06-01,8,1,8,1,9
TOMAVE,vacunaciones en ninos de 12 a 23 meses,l 18.1       srp dosis unica,2012-06-01,4,25,4,25,29
TOMINA,vacunaciones en ninos de 12 a 23 meses,l 18.1       srp dosis unica,2012-06-01,3,10,3,10,13
TORO TORO,vacunaciones en ninos de 12 a 23 meses,l 18.1       srp dosis unica,2012-06-01,10,17,10,17,27
TOTORA(CBBA),vacunaciones en ninos de 12 a 23 meses,l 18.1       srp dosis unica,2012-06-01,7,9,7,9,16
TOTORA(ORR),vacunaciones en ninos de 12 a 23 meses,l 18.1       srp dosis unica,2012-06-01,4,2,4,2,6
TRIGAL,vacunaciones en ninos de 12 a 23 meses,l 18.1       srp dosis unica,2012-06-01,1,1,1,1,2
TRINIDAD,vacunaciones en ninos de 12 a 23 meses,l 18.1       srp dosis unica,2012-06-01,245,28,245,28,273
TUPIZA,vacunaciones en ninos de 12 a 23 meses,l 18.1       srp dosis unica,2012-06-01,65,32,65,32,97
TURCO,vacunaciones en ninos de 12 a 23 meses,l 18.1       srp dosis unica,2012-06-01,5,2,5,2,7
UMALA,vacunaciones en ninos de 12 a 23 meses,l 18.1       srp dosis unica,2012-06-01,0,3,0,3,3
UNCIA,vacunaciones en ninos de 12 a 23 meses,l 18.1       srp dosis unica,2012-06-01,37,18,37,18,55
URIONDO (A. CONCEPCION),vacunaciones en ninos de 12 a 23 meses,l 18.1       srp dosis unica,2012-06-01,27,9,27,9,36
URUBICHA,vacunaciones en ninos de 12 a 23 meses,l 18.1       srp dosis unica,2012-06-01,10,6,10,6,16
UYUNI,vacunaciones en ninos de 12 a 23 meses,l 18.1       srp dosis unica,2012-06-01,45,16,45,16,61
VACAS,vacunaciones en ninos de 12 a 23 meses,l 18.1       srp dosis unica,2012-06-01,11,10,11,10,21
VALLEGRANDE,vacunaciones en ninos de 12 a 23 meses,l 18.1       srp dosis unica,2012-06-01,50,4,50,4,54
VIACHA,vacunaciones en ninos de 12 a 23 meses,l 18.1       srp dosis unica,2012-06-01,69,1,69,1,70
VILA VILA,vacunaciones en ninos de 12 a 23 meses,l 18.1       srp dosis unica,2012-06-01,2,2,2,2,4
VILLA CHARCAS,vacunaciones en ninos de 12 a 23 meses,l 18.1       srp dosis unica,2012-06-01,17,16,17,16,33
VILLA MONTES,vacunaciones en ninos de 12 a 23 meses,l 18.1       srp dosis unica,2012-06-01,56,45,56,45,101
VILLA NUEVA (LOMA ALTA),vacunaciones en ninos de 12 a 23 meses,l 18.1       srp dosis unica,2012-06-01,2,5,2,5,7
VILLA RIVERO,vacunaciones en ninos de 12 a 23 meses,l 18.1       srp dosis unica,2012-06-01,4,10,4,10,14
VILLA SERRANO,vacunaciones en ninos de 12 a 23 meses,l 18.1       srp dosis unica,2012-06-01,10,19,10,19,29
VILLA TUNARI,vacunaciones en ninos de 12 a 23 meses,l 18.1       srp dosis unica,2012-06-01,118,45,118,45,163
VILLA VACA GUZMAN (MUYUPAMPA),vacunaciones en ninos de 12 a 23 meses,l 18.1       srp dosis unica,2012-06-01,13,10,13,10,23
VILLAZON,vacunaciones en ninos de 12 a 23 meses,l 18.1       srp dosis unica,2012-06-01,58,30,58,30,88
VINTO,vacunaciones en ninos de 12 a 23 meses,l 18.1       srp dosis unica,2012-06-01,107,4,107,4,111
VITICHI,vacunaciones en ninos de 12 a 23 meses,l 18.1       srp dosis unica,2012-06-01,3,18,3,18,21
WALDO BALLIVIAN,vacunaciones en ninos de 12 a 23 meses,l 18.1       srp dosis unica,2012-06-01,3,0,3,0,3
WARNES,vacunaciones en ninos de 12 a 23 meses,l 18.1       srp dosis unica,2012-06-01,151,30,151,30,181
YACO,vacunaciones en ninos de 12 a 23 meses,l 18.1       srp dosis unica,2012-06-01,2,7,2,7,9
YACUIBA,vacunaciones en ninos de 12 a 23 meses,l 18.1       srp dosis unica,2012-06-01,112,49,112,49,161
YAMPARAEZ,vacunaciones en ninos de 12 a 23 meses,l 18.1       srp dosis unica,2012-06-01,5,2,5,2,7
YANACACHI,vacunaciones en ninos de 12 a 23 meses,l 18.1       srp dosis unica,2012-06-01,2,7,2,7,9
YAPACANI,vacunaciones en ninos de 12 a 23 meses,l 18.1       srp dosis unica,2012-06-01,50,50,50,50,100
YOCALLA,vacunaciones en ninos de 12 a 23 meses,l 18.1       srp dosis unica,2012-06-01,9,8,9,8,17
YOTALA,vacunaciones en ninos de 12 a 23 meses,l 18.1       srp dosis unica,2012-06-01,6,9,6,9,15
YUNCHARA,vacunaciones en ninos de 12 a 23 meses,l 18.1       srp dosis unica,2012-06-01,3,12,3,12,15
ZUDAÑEZ,vacunaciones en ninos de 12 a 23 meses,l 18.1       srp dosis unica,2012-06-01,2,5,2,5,7
ACACIO,vacunaciones en ninos de 12 a 23 meses,l 18.1       srp dosis unica,2012-07-01,5,9,5,9,14
ACHACACHI,vacunaciones en ninos de 12 a 23 meses,l 18.1       srp dosis unica,2012-07-01,53,33,53,33,86
ACHOCALLA,vacunaciones en ninos de 12 a 23 meses,l 18.1       srp dosis unica,2012-07-01,11,13,11,13,24
AIQUILE,vacunaciones en ninos de 12 a 23 meses,l 18.1       srp dosis unica,2012-07-01,29,14,29,14,43
ALALAY,vacunaciones en ninos de 12 a 23 meses,l 18.1       srp dosis unica,2012-07-01,0,3,0,3,3
ALCALA,vacunaciones en ninos de 12 a 23 meses,l 18.1       srp dosis unica,2012-07-01,1,1,1,1,2
ALTO BENI,vacunaciones en ninos de 12 a 23 meses,l 18.1       srp dosis unica,2012-07-01,21,1,21,1,22
ANCORAIMES,vacunaciones en ninos de 12 a 23 meses,l 18.1       srp dosis unica,2012-07-01,20,3,20,3,23
ANDAMARCA,vacunaciones en ninos de 12 a 23 meses,l 18.1       srp dosis unica,2012-07-01,0,3,0,3,3
ANTEQUERA,vacunaciones en ninos de 12 a 23 meses,l 18.1       srp dosis unica,2012-07-01,2,2,2,2,4
ANZALDO,vacunaciones en ninos de 12 a 23 meses,l 18.1       srp dosis unica,2012-07-01,5,10,5,10,15
APOLO,vacunaciones en ninos de 12 a 23 meses,l 18.1       srp dosis unica,2012-07-01,13,15,13,15,28
ARAMPAMPA,vacunaciones en ninos de 12 a 23 meses,l 18.1       srp dosis unica,2012-07-01,3,14,3,14,17
ARANI,vacunaciones en ninos de 12 a 23 meses,l 18.1       srp dosis unica,2012-07-01,10,3,10,3,13
ARBIETO,vacunaciones en ninos de 12 a 23 meses,l 18.1       srp dosis unica,2012-07-01,8,21,8,21,29
ARQUE,vacunaciones en ninos de 12 a 23 meses,l 18.1       srp dosis unica,2012-07-01,28,5,28,5,33
ASCENCION DE GUARAYOS,vacunaciones en ninos de 12 a 23 meses,l 18.1       srp dosis unica,2012-07-01,43,6,43,6,49
ATOCHA,vacunaciones en ninos de 12 a 23 meses,l 18.1       srp dosis unica,2012-07-01,17,11,17,11,28
AUCAPATA,vacunaciones en ninos de 12 a 23 meses,l 18.1       srp dosis unica,2012-07-01,1,3,1,3,4
AYATA,vacunaciones en ninos de 12 a 23 meses,l 18.1       srp dosis unica,2012-07-01,10,6,10,6,16
AYO AYO,vacunaciones en ninos de 12 a 23 meses,l 18.1       srp dosis unica,2012-07-01,13,5,13,5,18
AYOPAYA (V. DE INDEPENDENCIA),vacunaciones en ninos de 12 a 23 meses,l 18.1       srp dosis unica,2012-07-01,18,13,18,13,31
AZURDUY,vacunaciones en ninos de 12 a 23 meses,l 18.1       srp dosis unica,2012-07-01,5,5,5,5,10
BATALLAS,vacunaciones en ninos de 12 a 23 meses,l 18.1       srp dosis unica,2012-07-01,17,13,17,13,30
BAURES,vacunaciones en ninos de 12 a 23 meses,l 18.1       srp dosis unica,2012-07-01,9,0,9,0,9
BELEN DE ANDAMARCA,vacunaciones en ninos de 12 a 23 meses,l 18.1       srp dosis unica,2012-07-01,1,0,1,0,1
BELEN DE URMIRI,vacunaciones en ninos de 12 a 23 meses,l 18.1       srp dosis unica,2012-07-01,1,3,1,3,4
BELLA FLOR,vacunaciones en ninos de 12 a 23 meses,l 18.1       srp dosis unica,2012-07-01,0,5,0,5,5
BERMEJO,vacunaciones en ninos de 12 a 23 meses,l 18.1       srp dosis unica,2012-07-01,43,49,43,49,92
BETANZOS,vacunaciones en ninos de 12 a 23 meses,l 18.1       srp dosis unica,2012-07-01,58,34,58,34,92
BOLIVAR,vacunaciones en ninos de 12 a 23 meses,l 18.1       srp dosis unica,2012-07-01,2,5,2,5,7
BOLPEBRA,vacunaciones en ninos de 12 a 23 meses,l 18.1       srp dosis unica,2012-07-01,1,0,1,0,1
BOYUIBE,vacunaciones en ninos de 12 a 23 meses,l 18.1       srp dosis unica,2012-07-01,6,2,6,2,8
BUENA VISTA,vacunaciones en ninos de 12 a 23 meses,l 18.1       srp dosis unica,2012-07-01,16,19,16,19,35
CABEZAS,vacunaciones en ninos de 12 a 23 meses,l 18.1       srp dosis unica,2012-07-01,43,9,43,9,52
CAIROMA,vacunaciones en ninos de 12 a 23 meses,l 18.1       srp dosis unica,2012-07-01,10,4,10,4,14
"CAIZA ""D""",vacunaciones en ninos de 12 a 23 meses,l 18.1       srp dosis unica,2012-07-01,14,6,14,6,20
CAJUATA,vacunaciones en ninos de 12 a 23 meses,l 18.1       srp dosis unica,2012-07-01,4,2,4,2,6
CALACOTO,vacunaciones en ninos de 12 a 23 meses,l 18.1       srp dosis unica,2012-07-01,3,5,3,5,8
CALAMARCA,vacunaciones en ninos de 12 a 23 meses,l 18.1       srp dosis unica,2012-07-01,3,13,3,13,16
CAMARGO,vacunaciones en ninos de 12 a 23 meses,l 18.1       srp dosis unica,2012-07-01,13,11,13,11,24
CAMATAQUI (C. VILLA ABECIA),vacunaciones en ninos de 12 a 23 meses,l 18.1       srp dosis unica,2012-07-01,6,3,6,3,9
CAMIRI,vacunaciones en ninos de 12 a 23 meses,l 18.1       srp dosis unica,2012-07-01,46,11,46,11,57
CAPINOTA,vacunaciones en ninos de 12 a 23 meses,l 18.1       srp dosis unica,2012-07-01,30,1,30,1,31
CAQUIAVIRI,vacunaciones en ninos de 12 a 23 meses,l 18.1       srp dosis unica,2012-07-01,7,11,7,11,18
CARACOLLO,vacunaciones en ninos de 12 a 23 meses,l 18.1       srp dosis unica,2012-07-01,15,15,15,15,30
CARANAVI,vacunaciones en ninos de 12 a 23 meses,l 18.1       srp dosis unica,2012-07-01,63,22,63,22,85
CARAPARI,vacunaciones en ninos de 12 a 23 meses,l 18.1       srp dosis unica,2012-07-01,5,14,5,14,19
CARIPUYO,vacunaciones en ninos de 12 a 23 meses,l 18.1       srp dosis unica,2012-07-01,3,16,3,16,19
CARMEN RIVERO TORREZ,vacunaciones en ninos de 12 a 23 meses,l 18.1       srp dosis unica,2012-07-01,0,9,0,9,9
CATACORA,vacunaciones en ninos de 12 a 23 meses,l 18.1       srp dosis unica,2012-07-01,0,1,0,1,1
CHALLAPATA,vacunaciones en ninos de 12 a 23 meses,l 18.1       srp dosis unica,2012-07-01,24,63,24,63,87
CHAQUI,vacunaciones en ninos de 12 a 23 meses,l 18.1       srp dosis unica,2012-07-01,5,7,5,7,12
CHARAGUA,vacunaciones en ninos de 12 a 23 meses,l 18.1       srp dosis unica,2012-07-01,13,24,13,24,37
CHARAÑA,vacunaciones en ninos de 12 a 23 meses,l 18.1       srp dosis unica,2012-07-01,0,1,0,1,1
CHAYANTA,vacunaciones en ninos de 12 a 23 meses,l 18.1       srp dosis unica,2012-07-01,10,21,10,21,31
CHIMORE,vacunaciones en ninos de 12 a 23 meses,l 18.1       srp dosis unica,2012-07-01,59,6,59,6,65
CHIPAYA,vacunaciones en ninos de 12 a 23 meses,l 18.1       srp dosis unica,2012-07-01,0,2,0,2,2
CHULUMANI (V. DE LA LIBERTAD),vacunaciones en ninos de 12 a 23 meses,l 18.1       srp dosis unica,2012-07-01,19,3,19,3,22
CHUMA,vacunaciones en ninos de 12 a 23 meses,l 18.1       srp dosis unica,2012-07-01,10,14,10,14,24
CHUQUIHUTA AYLLU JUCUMANI,vacunaciones en ninos de 12 a 23 meses,l 18.1       srp dosis unica,2012-07-01,11,15,11,15,26
CKOCHAS,vacunaciones en ninos de 12 a 23 meses,l 18.1       srp dosis unica,2012-07-01,33,13,33,13,46
CLIZA,vacunaciones en ninos de 12 a 23 meses,l 18.1       srp dosis unica,2012-07-01,20,12,20,12,32
COBIJA,vacunaciones en ninos de 12 a 23 meses,l 18.1       srp dosis unica,2012-07-01,81,57,81,57,138
COCAPATA,vacunaciones en ninos de 12 a 23 meses,l 18.1       srp dosis unica,2012-07-01,2,22,2,22,24
COCHABAMBA,vacunaciones en ninos de 12 a 23 meses,l 18.1       srp dosis unica,2012-07-01,1339,36,1339,36,1375
COIPASA,vacunaciones en ninos de 12 a 23 meses,l 18.1       srp dosis unica,2012-07-01,1,0,1,0,1
COLCAPIRHUA,vacunaciones en ninos de 12 a 23 meses,l 18.1       srp dosis unica,2012-07-01,120,6,120,6,126
"COLCHA ""K""",vacunaciones en ninos de 12 a 23 meses,l 18.1       srp dosis unica,2012-07-01,20,4,20,4,24
COLLANA,vacunaciones en ninos de 12 a 23 meses,l 18.1       srp dosis unica,2012-07-01,2,1,2,1,3
COLOMI,vacunaciones en ninos de 12 a 23 meses,l 18.1       srp dosis unica,2012-07-01,41,7,41,7,48
COLPA BELGICA,vacunaciones en ninos de 12 a 23 meses,l 18.1       srp dosis unica,2012-07-01,9,0,9,0,9
COLQUECHACA,vacunaciones en ninos de 12 a 23 meses,l 18.1       srp dosis unica,2012-07-01,22,50,22,50,72
COLQUENCHA,vacunaciones en ninos de 12 a 23 meses,l 18.1       srp dosis unica,2012-07-01,9,6,9,6,15
COLQUIRI,vacunaciones en ninos de 12 a 23 meses,l 18.1       srp dosis unica,2012-07-01,16,51,16,51,67
COMANCHE,vacunaciones en ninos de 12 a 23 meses,l 18.1       srp dosis unica,2012-07-01,4,2,4,2,6
COMARAPA,vacunaciones en ninos de 12 a 23 meses,l 18.1       srp dosis unica,2012-07-01,28,14,28,14,42
COMBAYA,vacunaciones en ninos de 12 a 23 meses,l 18.1       srp dosis unica,2012-07-01,0,4,0,4,4
CONCEPCION,vacunaciones en ninos de 12 a 23 meses,l 18.1       srp dosis unica,2012-07-01,37,63,37,63,100
COPACABANA,vacunaciones en ninos de 12 a 23 meses,l 18.1       srp dosis unica,2012-07-01,16,11,16,11,27
CORIPATA,vacunaciones en ninos de 12 a 23 meses,l 18.1       srp dosis unica,2012-07-01,13,5,13,5,18
CORO CORO,vacunaciones en ninos de 12 a 23 meses,l 18.1       srp dosis unica,2012-07-01,3,4,3,4,7
COROICO,vacunaciones en ninos de 12 a 23 meses,l 18.1       srp dosis unica,2012-07-01,23,10,23,10,33
CORQUE,vacunaciones en ninos de 12 a 23 meses,l 18.1       srp dosis unica,2012-07-01,2,3,2,3,5
COTAGAITA,vacunaciones en ninos de 12 a 23 meses,l 18.1       srp dosis unica,2012-07-01,17,13,17,13,30
COTOCA,vacunaciones en ninos de 12 a 23 meses,l 18.1       srp dosis unica,2012-07-01,121,83,121,83,204
CUATRO CAÑADAS,vacunaciones en ninos de 12 a 23 meses,l 18.1       srp dosis unica,2012-07-01,26,13,26,13,39
CUCHUMUELA (V. G. VILLARROEL),vacunaciones en ninos de 12 a 23 meses,l 18.1       srp dosis unica,2012-07-01,3,0,3,0,3
CUEVO,vacunaciones en ninos de 12 a 23 meses,l 18.1       srp dosis unica,2012-07-01,4,6,4,6,10
CULPINA,vacunaciones en ninos de 12 a 23 meses,l 18.1       srp dosis unica,2012-07-01,14,19,14,19,33
CURAHUARA DE CARANGAS,vacunaciones en ninos de 12 a 23 meses,l 18.1       srp dosis unica,2012-07-01,9,0,9,0,9
CURVA,vacunaciones en ninos de 12 a 23 meses,l 18.1       srp dosis unica,2012-07-01,0,2,0,2,2
DESAGUADERO,vacunaciones en ninos de 12 a 23 meses,l 18.1       srp dosis unica,2012-07-01,7,9,7,9,16
EL ALTO,vacunaciones en ninos de 12 a 23 meses,l 18.1       srp dosis unica,2012-07-01,1612,118,1612,118,1730
EL CHORO,vacunaciones en ninos de 12 a 23 meses,l 18.1       srp dosis unica,2012-07-01,3,5,3,5,8
EL PUENTE(STC),vacunaciones en ninos de 12 a 23 meses,l 18.1       srp dosis unica,2012-07-01,17,1,17,1,18
EL PUENTE(TJA),vacunaciones en ninos de 12 a 23 meses,l 18.1       srp dosis unica,2012-07-01,14,9,14,9,23
EL TORNO,vacunaciones en ninos de 12 a 23 meses,l 18.1       srp dosis unica,2012-07-01,97,11,97,11,108
EL VILLAR,vacunaciones en ninos de 12 a 23 meses,l 18.1       srp dosis unica,2012-07-01,7,3,7,3,10
ENTRE RIOS TRJ,vacunaciones en ninos de 12 a 23 meses,l 18.1       srp dosis unica,2012-07-01,17,22,17,22,39
ENTRE RIOS CBBA,vacunaciones en ninos de 12 a 23 meses,l 18.1       srp dosis unica,2012-07-01,54,8,54,8,62
ESCOMA,vacunaciones en ninos de 12 a 23 meses,l 18.1       srp dosis unica,2012-07-01,12,9,12,9,21
EUCALIPTUS,vacunaciones en ninos de 12 a 23 meses,l 18.1       srp dosis unica,2012-07-01,6,3,6,3,9
EXALTACION,vacunaciones en ninos de 12 a 23 meses,l 18.1       srp dosis unica,2012-07-01,5,8,5,8,13
FERNANDEZ ALONSO,vacunaciones en ninos de 12 a 23 meses,l 18.1       srp dosis unica,2012-07-01,2,22,2,22,24
FILADELFIA,vacunaciones en ninos de 12 a 23 meses,l 18.1       srp dosis unica,2012-07-01,7,8,7,8,15
GENERAL SAAVEDRA,vacunaciones en ninos de 12 a 23 meses,l 18.1       srp dosis unica,2012-07-01,36,32,36,32,68
GRAL. J.J. PEREZ (CHARAZANI),vacunaciones en ninos de 12 a 23 meses,l 18.1       srp dosis unica,2012-07-01,7,7,7,7,14
GUANAY,vacunaciones en ninos de 12 a 23 meses,l 18.1       srp dosis unica,2012-07-01,7,17,7,17,24
GUAQUI,vacunaciones en ninos de 12 a 23 meses,l 18.1       srp dosis unica,2012-07-01,3,5,3,5,8
GUAYARAMERIN,vacunaciones en ninos de 12 a 23 meses,l 18.1       srp dosis unica,2012-07-01,72,33,72,33,105
GUTIERREZ,vacunaciones en ninos de 12 a 23 meses,l 18.1       srp dosis unica,2012-07-01,15,26,15,26,41
HUACARETA,vacunaciones en ninos de 12 a 23 meses,l 18.1       srp dosis unica,2012-07-01,9,2,9,2,11
HUACAYA (VILLA DE HUACAYA),vacunaciones en ninos de 12 a 23 meses,l 18.1       srp dosis unica,2012-07-01,2,5,2,5,7
HUANUNI,vacunaciones en ninos de 12 a 23 meses,l 18.1       srp dosis unica,2012-07-01,50,2,50,2,52
HUARACAJE,vacunaciones en ninos de 12 a 23 meses,l 18.1       srp dosis unica,2012-07-01,3,0,3,0,3
HUARINA,vacunaciones en ninos de 12 a 23 meses,l 18.1       srp dosis unica,2012-07-01,0,8,0,8,8
HUAYLLAMARCA,vacunaciones en ninos de 12 a 23 meses,l 18.1       srp dosis unica,2012-07-01,3,0,3,0,3
HUMANATA,vacunaciones en ninos de 12 a 23 meses,l 18.1       srp dosis unica,2012-07-01,1,10,1,10,11
ICHOCA,vacunaciones en ninos de 12 a 23 meses,l 18.1       srp dosis unica,2012-07-01,0,7,0,7,7
ICLA,vacunaciones en ninos de 12 a 23 meses,l 18.1       srp dosis unica,2012-07-01,4,10,4,10,14
INCAHUASI,vacunaciones en ninos de 12 a 23 meses,l 18.1       srp dosis unica,2012-07-01,11,7,11,7,18
INGAVI (HUMAITA),vacunaciones en ninos de 12 a 23 meses,l 18.1       srp dosis unica,2012-07-01,0,4,0,4,4
INQUISIVI,vacunaciones en ninos de 12 a 23 meses,l 18.1       srp dosis unica,2012-07-01,6,7,6,7,13
IRUPANA (VILLA DE LANZA),vacunaciones en ninos de 12 a 23 meses,l 18.1       srp dosis unica,2012-07-01,12,5,12,5,17
IXIAMAS,vacunaciones en ninos de 12 a 23 meses,l 18.1       srp dosis unica,2012-07-01,11,0,11,0,11
JESUS DE MACHACA,vacunaciones en ninos de 12 a 23 meses,l 18.1       srp dosis unica,2012-07-01,12,10,12,10,22
LA ASUNTA,vacunaciones en ninos de 12 a 23 meses,l 18.1       srp dosis unica,2012-07-01,75,20,75,20,95
LA GUARDIA,vacunaciones en ninos de 12 a 23 meses,l 18.1       srp dosis unica,2012-07-01,156,26,156,26,182
LA PAZ,vacunaciones en ninos de 12 a 23 meses,l 18.1       srp dosis unica,2012-07-01,1256,96,1256,96,1352
LAGUNILLAS,vacunaciones en ninos de 12 a 23 meses,l 18.1       srp dosis unica,2012-07-01,3,8,3,8,11
LAJA,vacunaciones en ninos de 12 a 23 meses,l 18.1       srp dosis unica,2012-07-01,20,12,20,12,32
LAS CARRERAS,vacunaciones en ninos de 12 a 23 meses,l 18.1       srp dosis unica,2012-07-01,3,0,3,0,3
LICOMA PAMPA,vacunaciones en ninos de 12 a 23 meses,l 18.1       srp dosis unica,2012-07-01,4,0,4,0,4
LLALLAGUA,vacunaciones en ninos de 12 a 23 meses,l 18.1       srp dosis unica,2012-07-01,42,29,42,29,71
LLICA,vacunaciones en ninos de 12 a 23 meses,l 18.1       srp dosis unica,2012-07-01,7,0,7,0,7
LORETO,vacunaciones en ninos de 12 a 23 meses,l 18.1       srp dosis unica,2012-07-01,1,5,1,5,6
LURIBAY,vacunaciones en ninos de 12 a 23 meses,l 18.1       srp dosis unica,2012-07-01,4,13,4,13,17
MACHACAMARCA,vacunaciones en ninos de 12 a 23 meses,l 18.1       srp dosis unica,2012-07-01,4,0,4,0,4
MACHARETI,vacunaciones en ninos de 12 a 23 meses,l 18.1       srp dosis unica,2012-07-01,4,9,4,9,13
MAGDALENA,vacunaciones en ninos de 12 a 23 meses,l 18.1       srp dosis unica,2012-07-01,2,4,2,4,6
MAIRANA,vacunaciones en ninos de 12 a 23 meses,l 18.1       srp dosis unica,2012-07-01,25,1,25,1,26
MALLA,vacunaciones en ninos de 12 a 23 meses,l 18.1       srp dosis unica,2012-07-01,0,7,0,7,7
MAPIRI,vacunaciones en ninos de 12 a 23 meses,l 18.1       srp dosis unica,2012-07-01,21,0,21,0,21
MECAPACA,vacunaciones en ninos de 12 a 23 meses,l 18.1       srp dosis unica,2012-07-01,7,17,7,17,24
MINEROS,vacunaciones en ninos de 12 a 23 meses,l 18.1       srp dosis unica,2012-07-01,42,14,42,14,56
MIZQUE,vacunaciones en ninos de 12 a 23 meses,l 18.1       srp dosis unica,2012-07-01,35,27,35,27,62
MOCOMOCO,vacunaciones en ninos de 12 a 23 meses,l 18.1       srp dosis unica,2012-07-01,12,5,12,5,17
MOJOCOYA,vacunaciones en ninos de 12 a 23 meses,l 18.1       srp dosis unica,2012-07-01,2,9,2,9,11
MONTEAGUDO,vacunaciones en ninos de 12 a 23 meses,l 18.1       srp dosis unica,2012-07-01,51,23,51,23,74
MONTERO,vacunaciones en ninos de 12 a 23 meses,l 18.1       srp dosis unica,2012-07-01,240,47,240,47,287
MORO MORO,vacunaciones en ninos de 12 a 23 meses,l 18.1       srp dosis unica,2012-07-01,4,2,4,2,6
MOROCHATA,vacunaciones en ninos de 12 a 23 meses,l 18.1       srp dosis unica,2012-07-01,10,16,10,16,26
NACEBE (SANTA ROSA DEL ABUNA),vacunaciones en ninos de 12 a 23 meses,l 18.1       srp dosis unica,2012-07-01,5,3,5,3,8
NUEVO MANOA (NUEVA ESPERANZA),vacunaciones en ninos de 12 a 23 meses,l 18.1       srp dosis unica,2012-07-01,2,1,2,1,3
OCURI,vacunaciones en ninos de 12 a 23 meses,l 18.1       srp dosis unica,2012-07-01,6,29,6,29,35
OKINAWA,vacunaciones en ninos de 12 a 23 meses,l 18.1       srp dosis unica,2012-07-01,17,1,17,1,18
OMEREQUE,vacunaciones en ninos de 12 a 23 meses,l 18.1       srp dosis unica,2012-07-01,3,11,3,11,14
ORURO,vacunaciones en ninos de 12 a 23 meses,l 18.1       srp dosis unica,2012-07-01,537,29,537,29,566
PADCAYA,vacunaciones en ninos de 12 a 23 meses,l 18.1       srp dosis unica,2012-07-01,18,14,18,14,32
PADILLA,vacunaciones en ninos de 12 a 23 meses,l 18.1       srp dosis unica,2012-07-01,10,3,10,3,13
PAILON,vacunaciones en ninos de 12 a 23 meses,l 18.1       srp dosis unica,2012-07-01,69,58,69,58,127
PALCA,vacunaciones en ninos de 12 a 23 meses,l 18.1       srp dosis unica,2012-07-01,18,13,18,13,31
PALOS BLANCOS,vacunaciones en ninos de 12 a 23 meses,l 18.1       srp dosis unica,2012-07-01,34,6,34,6,40
PAMPA AULLAGAS,vacunaciones en ninos de 12 a 23 meses,l 18.1       srp dosis unica,2012-07-01,4,2,4,2,6
PAMPA GRANDE,vacunaciones en ninos de 12 a 23 meses,l 18.1       srp dosis unica,2012-07-01,17,4,17,4,21
PAPEL PAMPA,vacunaciones en ninos de 12 a 23 meses,l 18.1       srp dosis unica,2012-07-01,1,11,1,11,12
PASORAPA,vacunaciones en ninos de 12 a 23 meses,l 18.1       srp dosis unica,2012-07-01,2,2,2,2,4
PATACAMAYA,vacunaciones en ninos de 12 a 23 meses,l 18.1       srp dosis unica,2012-07-01,41,14,41,14,55
PAZÑA,vacunaciones en ninos de 12 a 23 meses,l 18.1       srp dosis unica,2012-07-01,3,1,3,1,4
PELECHUCO,vacunaciones en ninos de 12 a 23 meses,l 18.1       srp dosis unica,2012-07-01,10,3,10,3,13
POCOATA,vacunaciones en ninos de 12 a 23 meses,l 18.1       srp dosis unica,2012-07-01,13,35,13,35,48
POCONA,vacunaciones en ninos de 12 a 23 meses,l 18.1       srp dosis unica,2012-07-01,9,31,9,31,40
POJO (CBBA),vacunaciones en ninos de 12 a 23 meses,l 18.1       srp dosis unica,2012-07-01,26,10,26,10,36
POOPO,vacunaciones en ninos de 12 a 23 meses,l 18.1       srp dosis unica,2012-07-01,9,4,9,4,13
PORCO,vacunaciones en ninos de 12 a 23 meses,l 18.1       srp dosis unica,2012-07-01,28,38,28,38,66
POROMA,vacunaciones en ninos de 12 a 23 meses,l 18.1       srp dosis unica,2012-07-01,15,16,15,16,31
PORONGO,vacunaciones en ninos de 12 a 23 meses,l 18.1       srp dosis unica,2012-07-01,10,20,10,20,30
PORTACHUELO,vacunaciones en ninos de 12 a 23 meses,l 18.1       srp dosis unica,2012-07-01,61,10,61,10,71
PORVENIR,vacunaciones en ninos de 12 a 23 meses,l 18.1       srp dosis unica,2012-07-01,4,12,4,12,16
POSTRER VALLE,vacunaciones en ninos de 12 a 23 meses,l 18.1       srp dosis unica,2012-07-01,0,2,0,2,2
POTOSI,vacunaciones en ninos de 12 a 23 meses,l 18.1       srp dosis unica,2012-07-01,376,29,376,29,405
PRESTO,vacunaciones en ninos de 12 a 23 meses,l 18.1       srp dosis unica,2012-07-01,1,14,1,14,15
PUCARANI,vacunaciones en ninos de 12 a 23 meses,l 18.1       srp dosis unica,2012-07-01,23,39,23,39,62
PUERTO ACOSTA,vacunaciones en ninos de 12 a 23 meses,l 18.1       srp dosis unica,2012-07-01,1,14,1,14,15
PUERTO CARABUCO,vacunaciones en ninos de 12 a 23 meses,l 18.1       srp dosis unica,2012-07-01,2,17,2,17,19
PUERTO GONZALO MORENO,vacunaciones en ninos de 12 a 23 meses,l 18.1       srp dosis unica,2012-07-01,7,4,7,4,11
PUERTO PEREZ,vacunaciones en ninos de 12 a 23 meses,l 18.1       srp dosis unica,2012-07-01,2,6,2,6,8
PUERTO QUIJARRO,vacunaciones en ninos de 12 a 23 meses,l 18.1       srp dosis unica,2012-07-01,25,22,25,22,47
PUERTO RICO,vacunaciones en ninos de 12 a 23 meses,l 18.1       srp dosis unica,2012-07-01,17,11,17,11,28
PUERTO SILES,vacunaciones en ninos de 12 a 23 meses,l 18.1       srp dosis unica,2012-07-01,2,2,2,2,4
PUERTO SUAREZ,vacunaciones en ninos de 12 a 23 meses,l 18.1       srp dosis unica,2012-07-01,12,13,12,13,25
PUERTO VILLARROEL,vacunaciones en ninos de 12 a 23 meses,l 18.1       srp dosis unica,2012-07-01,128,17,128,17,145
PUNA,vacunaciones en ninos de 12 a 23 meses,l 18.1       srp dosis unica,2012-07-01,20,24,20,24,44
PUNATA,vacunaciones en ninos de 12 a 23 meses,l 18.1       srp dosis unica,2012-07-01,56,2,56,2,58
QUIABAYA,vacunaciones en ninos de 12 a 23 meses,l 18.1       srp dosis unica,2012-07-01,4,0,4,0,4
QUILLACOLLO,vacunaciones en ninos de 12 a 23 meses,l 18.1       srp dosis unica,2012-07-01,192,16,192,16,208
QUIME,vacunaciones en ninos de 12 a 23 meses,l 18.1       srp dosis unica,2012-07-01,0,12,0,12,12
QUIRUSILLAS,vacunaciones en ninos de 12 a 23 meses,l 18.1       srp dosis unica,2012-07-01,4,1,4,1,5
RAVELO,vacunaciones en ninos de 12 a 23 meses,l 18.1       srp dosis unica,2012-07-01,13,32,13,32,45
REYES,vacunaciones en ninos de 12 a 23 meses,l 18.1       srp dosis unica,2012-07-01,33,4,33,4,37
RIBERALTA,vacunaciones en ninos de 12 a 23 meses,l 18.1       srp dosis unica,2012-07-01,162,144,162,144,306
ROBORE,vacunaciones en ninos de 12 a 23 meses,l 18.1       srp dosis unica,2012-07-01,20,4,20,4,24
RURRENABAQUE,vacunaciones en ninos de 12 a 23 meses,l 18.1       srp dosis unica,2012-07-01,42,31,42,31,73
SABAYA,vacunaciones en ninos de 12 a 23 meses,l 18.1       srp dosis unica,2012-07-01,7,7,7,7,14
SACABA,vacunaciones en ninos de 12 a 23 meses,l 18.1       srp dosis unica,2012-07-01,255,105,255,105,360
SACABAMBA,vacunaciones en ninos de 12 a 23 meses,l 18.1       srp dosis unica,2012-07-01,5,1,5,1,6
SACACA,vacunaciones en ninos de 12 a 23 meses,l 18.1       srp dosis unica,2012-07-01,19,16,19,16,35
SAIPINA,vacunaciones en ninos de 12 a 23 meses,l 18.1       srp dosis unica,2012-07-01,3,19,3,19,22
SALINAS DE GARCI MENDOZA,vacunaciones en ninos de 12 a 23 meses,l 18.1       srp dosis unica,2012-07-01,8,7,8,7,15
SAMAIPATA,vacunaciones en ninos de 12 a 23 meses,l 18.1       srp dosis unica,2012-07-01,6,18,6,18,24
SAN ANDRES,vacunaciones en ninos de 12 a 23 meses,l 18.1       srp dosis unica,2012-07-01,22,13,22,13,35
SAN ANDRES DE MACHACA,vacunaciones en ninos de 12 a 23 meses,l 18.1       srp dosis unica,2012-07-01,1,3,1,3,4
SAN ANTONIO DE ESMORUCO,vacunaciones en ninos de 12 a 23 meses,l 18.1       srp dosis unica,2012-07-01,0,2,0,2,2
SAN ANTONIO DE LOMERIO,vacunaciones en ninos de 12 a 23 meses,l 18.1       srp dosis unica,2012-07-01,5,5,5,5,10
SAN BENITO,vacunaciones en ninos de 12 a 23 meses,l 18.1       srp dosis unica,2012-07-01,12,3,12,3,15
SAN BORJA,vacunaciones en ninos de 12 a 23 meses,l 18.1       srp dosis unica,2012-07-01,50,35,50,35,85
SAN BUENA VENTURA,vacunaciones en ninos de 12 a 23 meses,l 18.1       srp dosis unica,2012-07-01,8,1,8,1,9
SAN CARLOS,vacunaciones en ninos de 12 a 23 meses,l 18.1       srp dosis unica,2012-07-01,59,17,59,17,76
SAN IGNACIO,vacunaciones en ninos de 12 a 23 meses,l 18.1       srp dosis unica,2012-07-01,32,37,32,37,69
SAN IGNACIO DE VELASCO,vacunaciones en ninos de 12 a 23 meses,l 18.1       srp dosis unica,2012-07-01,85,24,85,24,109
SAN JAVIER(BNI),vacunaciones en ninos de 12 a 23 meses,l 18.1       srp dosis unica,2012-07-01,1,10,1,10,11
SAN JAVIER(STC),vacunaciones en ninos de 12 a 23 meses,l 18.1       srp dosis unica,2012-07-01,25,4,25,4,29
SAN JOAQUIN,vacunaciones en ninos de 12 a 23 meses,l 18.1       srp dosis unica,2012-07-01,5,2,5,2,7
SAN JOSE DE CHIQUITOS,vacunaciones en ninos de 12 a 23 meses,l 18.1       srp dosis unica,2012-07-01,34,10,34,10,44
SAN JUAN DE YAPACANI,vacunaciones en ninos de 12 a 23 meses,l 18.1       srp dosis unica,2012-07-01,9,5,9,5,14
SAN JULIAN,vacunaciones en ninos de 12 a 23 meses,l 18.1       srp dosis unica,2012-07-01,60,48,60,48,108
SAN LORENZO(PND),vacunaciones en ninos de 12 a 23 meses,l 18.1       srp dosis unica,2012-07-01,10,6,10,6,16
SAN LORENZO(TJA),vacunaciones en ninos de 12 a 23 meses,l 18.1       srp dosis unica,2012-07-01,44,20,44,20,64
SAN LUCAS,vacunaciones en ninos de 12 a 23 meses,l 18.1       srp dosis unica,2012-07-01,25,26,25,26,51
SAN MATIAS,vacunaciones en ninos de 12 a 23 meses,l 18.1       srp dosis unica,2012-07-01,12,22,12,22,34
SAN MIGUEL DE VELASCO,vacunaciones en ninos de 12 a 23 meses,l 18.1       srp dosis unica,2012-07-01,12,10,12,10,22
SAN PEDRO,vacunaciones en ninos de 12 a 23 meses,l 18.1       srp dosis unica,2012-07-01,20,5,20,5,25
SAN PEDRO DE BUENA VISTA,vacunaciones en ninos de 12 a 23 meses,l 18.1       srp dosis unica,2012-07-01,27,44,27,44,71
SAN PEDRO DE CURAHUARA,vacunaciones en ninos de 12 a 23 meses,l 18.1       srp dosis unica,2012-07-01,8,6,8,6,14
SAN PEDRO DE TIQUINA,vacunaciones en ninos de 12 a 23 meses,l 18.1       srp dosis unica,2012-07-01,6,5,6,5,11
SAN RAFAEL,vacunaciones en ninos de 12 a 23 meses,l 18.1       srp dosis unica,2012-07-01,6,13,6,13,19
SAN RAMON BENI,vacunaciones en ninos de 12 a 23 meses,l 18.1       srp dosis unica,2012-07-01,2,12,2,12,14
SAN RAMON SCZ,vacunaciones en ninos de 12 a 23 meses,l 18.1       srp dosis unica,2012-07-01,22,2,22,2,24
SANTA ANA,vacunaciones en ninos de 12 a 23 meses,l 18.1       srp dosis unica,2012-07-01,23,16,23,16,39
SANTA CRUZ DE LA SIERRA,vacunaciones en ninos de 12 a 23 meses,l 18.1       srp dosis unica,2012-07-01,2433,301,2433,301,2734
SANTA ROSA,vacunaciones en ninos de 12 a 23 meses,l 18.1       srp dosis unica,2012-07-01,1,5,1,5,6
SANTA ROSA DEL SARA,vacunaciones en ninos de 12 a 23 meses,l 18.1       srp dosis unica,2012-07-01,30,11,30,11,41
SANTIAGO DE CALLAPA,vacunaciones en ninos de 12 a 23 meses,l 18.1       srp dosis unica,2012-07-01,4,11,4,11,15
SANTIAGO DE HUARI,vacunaciones en ninos de 12 a 23 meses,l 18.1       srp dosis unica,2012-07-01,11,4,11,4,15
SANTIAGO DE HUATA,vacunaciones en ninos de 12 a 23 meses,l 18.1       srp dosis unica,2012-07-01,5,14,5,14,19
SANTIAGO DE MACHACA,vacunaciones en ninos de 12 a 23 meses,l 18.1       srp dosis unica,2012-07-01,1,6,1,6,7
SANTIVAÑES,vacunaciones en ninos de 12 a 23 meses,l 18.1       srp dosis unica,2012-07-01,2,3,2,3,5
SANTUARIO DE QUILLACAS,vacunaciones en ninos de 12 a 23 meses,l 18.1       srp dosis unica,2012-07-01,5,4,5,4,9
SAPAHAQUI,vacunaciones en ninos de 12 a 23 meses,l 18.1       srp dosis unica,2012-07-01,3,10,3,10,13
SENA,vacunaciones en ninos de 12 a 23 meses,l 18.1       srp dosis unica,2012-07-01,2,6,2,6,8
SHINAOTA,vacunaciones en ninos de 12 a 23 meses,l 18.1       srp dosis unica,2012-07-01,44,10,44,10,54
SICA SICA (VILLA AROMA),vacunaciones en ninos de 12 a 23 meses,l 18.1       srp dosis unica,2012-07-01,18,25,18,25,43
SICAYA,vacunaciones en ninos de 12 a 23 meses,l 18.1       srp dosis unica,2012-07-01,4,8,4,8,12
SIPE SIPE,vacunaciones en ninos de 12 a 23 meses,l 18.1       srp dosis unica,2012-07-01,85,8,85,8,93
SOPACHUY,vacunaciones en ninos de 12 a 23 meses,l 18.1       srp dosis unica,2012-07-01,6,3,6,3,9
SORACACHI,vacunaciones en ninos de 12 a 23 meses,l 18.1       srp dosis unica,2012-07-01,8,8,8,8,16
SORATA,vacunaciones en ninos de 12 a 23 meses,l 18.1       srp dosis unica,2012-07-01,16,22,16,22,38
SUCRE,vacunaciones en ninos de 12 a 23 meses,l 18.1       srp dosis unica,2012-07-01,544,118,544,118,662
TACACHI,vacunaciones en ninos de 12 a 23 meses,l 18.1       srp dosis unica,2012-07-01,4,1,4,1,5
TACACOMA,vacunaciones en ninos de 12 a 23 meses,l 18.1       srp dosis unica,2012-07-01,19,6,19,6,25
TACOBAMBA,vacunaciones en ninos de 12 a 23 meses,l 18.1       srp dosis unica,2012-07-01,12,17,12,17,29
TACOPAYA,vacunaciones en ninos de 12 a 23 meses,l 18.1       srp dosis unica,2012-07-01,13,2,13,2,15
TAHUA,vacunaciones en ninos de 12 a 23 meses,l 18.1       srp dosis unica,2012-07-01,4,1,4,1,5
TAPACARI,vacunaciones en ninos de 12 a 23 meses,l 18.1       srp dosis unica,2012-07-01,31,30,31,30,61
TARABUCO,vacunaciones en ninos de 12 a 23 meses,l 18.1       srp dosis unica,2012-07-01,16,16,16,16,32
TARACO,vacunaciones en ninos de 12 a 23 meses,l 18.1       srp dosis unica,2012-07-01,4,6,4,6,10
TARATA,vacunaciones en ninos de 12 a 23 meses,l 18.1       srp dosis unica,2012-07-01,25,3,25,3,28
TARIJA,vacunaciones en ninos de 12 a 23 meses,l 18.1       srp dosis unica,2012-07-01,306,79,306,79,385
TARVITA,vacunaciones en ninos de 12 a 23 meses,l 18.1       srp dosis unica,2012-07-01,13,12,13,12,25
TEOPONTE,vacunaciones en ninos de 12 a 23 meses,l 18.1       srp dosis unica,2012-07-01,12,3,12,3,15
TIAWANACU,vacunaciones en ninos de 12 a 23 meses,l 18.1       srp dosis unica,2012-07-01,15,2,15,2,17
TINGUIPAYA,vacunaciones en ninos de 12 a 23 meses,l 18.1       srp dosis unica,2012-07-01,31,20,31,20,51
TIPUANI,vacunaciones en ninos de 12 a 23 meses,l 18.1       srp dosis unica,2012-07-01,10,4,10,4,14
TIQUIPAYA,vacunaciones en ninos de 12 a 23 meses,l 18.1       srp dosis unica,2012-07-01,80,39,80,39,119
TIRAQUE (CBBA),vacunaciones en ninos de 12 a 23 meses,l 18.1       srp dosis unica,2012-07-01,31,13,31,13,44
TOCO,vacunaciones en ninos de 12 a 23 meses,l 18.1       srp dosis unica,2012-07-01,2,1,2,1,3
TODOS SANTOS,vacunaciones en ninos de 12 a 23 meses,l 18.1       srp dosis unica,2012-07-01,2,0,2,0,2
TOLATA,vacunaciones en ninos de 12 a 23 meses,l 18.1       srp dosis unica,2012-07-01,4,0,4,0,4
TOLEDO,vacunaciones en ninos de 12 a 23 meses,l 18.1       srp dosis unica,2012-07-01,8,0,8,0,8
TOMAVE,vacunaciones en ninos de 12 a 23 meses,l 18.1       srp dosis unica,2012-07-01,8,11,8,11,19
TOMINA,vacunaciones en ninos de 12 a 23 meses,l 18.1       srp dosis unica,2012-07-01,14,8,14,8,22
TORO TORO,vacunaciones en ninos de 12 a 23 meses,l 18.1       srp dosis unica,2012-07-01,5,25,5,25,30
TOTORA(CBBA),vacunaciones en ninos de 12 a 23 meses,l 18.1       srp dosis unica,2012-07-01,18,13,18,13,31
TOTORA(ORR),vacunaciones en ninos de 12 a 23 meses,l 18.1       srp dosis unica,2012-07-01,3,7,3,7,10
TRIGAL,vacunaciones en ninos de 12 a 23 meses,l 18.1       srp dosis unica,2012-07-01,1,0,1,0,1
TRINIDAD,vacunaciones en ninos de 12 a 23 meses,l 18.1       srp dosis unica,2012-07-01,242,101,242,101,343
TUPIZA,vacunaciones en ninos de 12 a 23 meses,l 18.1       srp dosis unica,2012-07-01,70,18,70,18,88
TURCO,vacunaciones en ninos de 12 a 23 meses,l 18.1       srp dosis unica,2012-07-01,2,2,2,2,4
UMALA,vacunaciones en ninos de 12 a 23 meses,l 18.1       srp dosis unica,2012-07-01,2,10,2,10,12
UNCIA,vacunaciones en ninos de 12 a 23 meses,l 18.1       srp dosis unica,2012-07-01,59,7,59,7,66
URIONDO (A. CONCEPCION),vacunaciones en ninos de 12 a 23 meses,l 18.1       srp dosis unica,2012-07-01,15,8,15,8,23
URUBICHA,vacunaciones en ninos de 12 a 23 meses,l 18.1       srp dosis unica,2012-07-01,14,15,14,15,29
UYUNI,vacunaciones en ninos de 12 a 23 meses,l 18.1       srp dosis unica,2012-07-01,45,5,45,5,50
VACAS,vacunaciones en ninos de 12 a 23 meses,l 18.1       srp dosis unica,2012-07-01,26,7,26,7,33
VALLEGRANDE,vacunaciones en ninos de 12 a 23 meses,l 18.1       srp dosis unica,2012-07-01,21,4,21,4,25
VIACHA,vacunaciones en ninos de 12 a 23 meses,l 18.1       srp dosis unica,2012-07-01,93,14,93,14,107
VILA VILA,vacunaciones en ninos de 12 a 23 meses,l 18.1       srp dosis unica,2012-07-01,2,2,2,2,4
VILLA CHARCAS,vacunaciones en ninos de 12 a 23 meses,l 18.1       srp dosis unica,2012-07-01,6,20,6,20,26
VILLA MONTES,vacunaciones en ninos de 12 a 23 meses,l 18.1       srp dosis unica,2012-07-01,52,16,52,16,68
VILLA NUEVA (LOMA ALTA),vacunaciones en ninos de 12 a 23 meses,l 18.1       srp dosis unica,2012-07-01,0,3,0,3,3
VILLA RIVERO,vacunaciones en ninos de 12 a 23 meses,l 18.1       srp dosis unica,2012-07-01,5,14,5,14,19
VILLA SERRANO,vacunaciones en ninos de 12 a 23 meses,l 18.1       srp dosis unica,2012-07-01,11,10,11,10,21
VILLA TUNARI,vacunaciones en ninos de 12 a 23 meses,l 18.1       srp dosis unica,2012-07-01,142,68,142,68,210
VILLA VACA GUZMAN (MUYUPAMPA),vacunaciones en ninos de 12 a 23 meses,l 18.1       srp dosis unica,2012-07-01,10,11,10,11,21
VILLAZON,vacunaciones en ninos de 12 a 23 meses,l 18.1       srp dosis unica,2012-07-01,80,31,80,31,111
VINTO,vacunaciones en ninos de 12 a 23 meses,l 18.1       srp dosis unica,2012-07-01,98,8,98,8,106
VITICHI,vacunaciones en ninos de 12 a 23 meses,l 18.1       srp dosis unica,2012-07-01,9,12,9,12,21
WALDO BALLIVIAN,vacunaciones en ninos de 12 a 23 meses,l 18.1       srp dosis unica,2012-07-01,5,0,5,0,5
WARNES,vacunaciones en ninos de 12 a 23 meses,l 18.1       srp dosis unica,2012-07-01,199,45,199,45,244
YACO,vacunaciones en ninos de 12 a 23 meses,l 18.1       srp dosis unica,2012-07-01,3,9,3,9,12
YACUIBA,vacunaciones en ninos de 12 a 23 meses,l 18.1       srp dosis unica,2012-07-01,121,54,121,54,175
YAMPARAEZ,vacunaciones en ninos de 12 a 23 meses,l 18.1       srp dosis unica,2012-07-01,11,2,11,2,13
YANACACHI,vacunaciones en ninos de 12 a 23 meses,l 18.1       srp dosis unica,2012-07-01,2,5,2,5,7
YAPACANI,vacunaciones en ninos de 12 a 23 meses,l 18.1       srp dosis unica,2012-07-01,86,47,86,47,133
YOCALLA,vacunaciones en ninos de 12 a 23 meses,l 18.1       srp dosis unica,2012-07-01,13,4,13,4,17
YOTALA,vacunaciones en ninos de 12 a 23 meses,l 18.1       srp dosis unica,2012-07-01,5,8,5,8,13
YUNCHARA,vacunaciones en ninos de 12 a 23 meses,l 18.1       srp dosis unica,2012-07-01,2,5,2,5,7
ZUDAÑEZ,vacunaciones en ninos de 12 a 23 meses,l 18.1       srp dosis unica,2012-07-01,5,12,5,12,17
ACACIO,vacunaciones en ninos de 12 a 23 meses,l 18.1       srp dosis unica,2012-08-01,3,7,3,7,10
ACHACACHI,vacunaciones en ninos de 12 a 23 meses,l 18.1       srp dosis unica,2012-08-01,54,101,54,101,155
ACHOCALLA,vacunaciones en ninos de 12 a 23 meses,l 18.1       srp dosis unica,2012-08-01,12,20,12,20,32
AIQUILE,vacunaciones en ninos de 12 a 23 meses,l 18.1       srp dosis unica,2012-08-01,32,19,32,19,51
ALALAY,vacunaciones en ninos de 12 a 23 meses,l 18.1       srp dosis unica,2012-08-01,0,3,0,3,3
ALCALA,vacunaciones en ninos de 12 a 23 meses,l 18.1       srp dosis unica,2012-08-01,0,2,0,2,2
ALTO BENI,vacunaciones en ninos de 12 a 23 meses,l 18.1       srp dosis unica,2012-08-01,22,3,22,3,25
ANCORAIMES,vacunaciones en ninos de 12 a 23 meses,l 18.1       srp dosis unica,2012-08-01,20,5,20,5,25
ANDAMARCA,vacunaciones en ninos de 12 a 23 meses,l 18.1       srp dosis unica,2012-08-01,1,0,1,0,1
ANTEQUERA,vacunaciones en ninos de 12 a 23 meses,l 18.1       srp dosis unica,2012-08-01,3,6,3,6,9
ANZALDO,vacunaciones en ninos de 12 a 23 meses,l 18.1       srp dosis unica,2012-08-01,5,15,5,15,20
APOLO,vacunaciones en ninos de 12 a 23 meses,l 18.1       srp dosis unica,2012-08-01,16,12,16,12,28
ARAMPAMPA,vacunaciones en ninos de 12 a 23 meses,l 18.1       srp dosis unica,2012-08-01,6,5,6,5,11
ARANI,vacunaciones en ninos de 12 a 23 meses,l 18.1       srp dosis unica,2012-08-01,23,4,23,4,27
ARBIETO,vacunaciones en ninos de 12 a 23 meses,l 18.1       srp dosis unica,2012-08-01,18,18,18,18,36
ARQUE,vacunaciones en ninos de 12 a 23 meses,l 18.1       srp dosis unica,2012-08-01,14,22,14,22,36
ASCENCION DE GUARAYOS,vacunaciones en ninos de 12 a 23 meses,l 18.1       srp dosis unica,2012-08-01,81,4,81,4,85
ATOCHA,vacunaciones en ninos de 12 a 23 meses,l 18.1       srp dosis unica,2012-08-01,18,14,18,14,32
AUCAPATA,vacunaciones en ninos de 12 a 23 meses,l 18.1       srp dosis unica,2012-08-01,2,6,2,6,8
AYATA,vacunaciones en ninos de 12 a 23 meses,l 18.1       srp dosis unica,2012-08-01,9,13,9,13,22
AYO AYO,vacunaciones en ninos de 12 a 23 meses,l 18.1       srp dosis unica,2012-08-01,15,3,15,3,18
AYOPAYA (V. DE INDEPENDENCIA),vacunaciones en ninos de 12 a 23 meses,l 18.1       srp dosis unica,2012-08-01,33,37,33,37,70
AZURDUY,vacunaciones en ninos de 12 a 23 meses,l 18.1       srp dosis unica,2012-08-01,7,16,7,16,23
BATALLAS,vacunaciones en ninos de 12 a 23 meses,l 18.1       srp dosis unica,2012-08-01,27,21,27,21,48
BAURES,vacunaciones en ninos de 12 a 23 meses,l 18.1       srp dosis unica,2012-08-01,8,14,8,14,22
BELEN DE ANDAMARCA,vacunaciones en ninos de 12 a 23 meses,l 18.1       srp dosis unica,2012-08-01,1,0,1,0,1
BELEN DE URMIRI,vacunaciones en ninos de 12 a 23 meses,l 18.1       srp dosis unica,2012-08-01,1,2,1,2,3
BELLA FLOR,vacunaciones en ninos de 12 a 23 meses,l 18.1       srp dosis unica,2012-08-01,0,15,0,15,15
BERMEJO,vacunaciones en ninos de 12 a 23 meses,l 18.1       srp dosis unica,2012-08-01,49,61,49,61,110
BETANZOS,vacunaciones en ninos de 12 a 23 meses,l 18.1       srp dosis unica,2012-08-01,45,54,45,54,99
BOLIVAR,vacunaciones en ninos de 12 a 23 meses,l 18.1       srp dosis unica,2012-08-01,4,11,4,11,15
BOLPEBRA,vacunaciones en ninos de 12 a 23 meses,l 18.1       srp dosis unica,2012-08-01,1,5,1,5,6
BOYUIBE,vacunaciones en ninos de 12 a 23 meses,l 18.1       srp dosis unica,2012-08-01,10,7,10,7,17
BUENA VISTA,vacunaciones en ninos de 12 a 23 meses,l 18.1       srp dosis unica,2012-08-01,10,10,10,10,20
CABEZAS,vacunaciones en ninos de 12 a 23 meses,l 18.1       srp dosis unica,2012-08-01,27,54,27,54,81
CAIROMA,vacunaciones en ninos de 12 a 23 meses,l 18.1       srp dosis unica,2012-08-01,7,10,7,10,17
"CAIZA ""D""",vacunaciones en ninos de 12 a 23 meses,l 18.1       srp dosis unica,2012-08-01,10,9,10,9,19
CAJUATA,vacunaciones en ninos de 12 a 23 meses,l 18.1       srp dosis unica,2012-08-01,25,4,25,4,29
CALACOTO,vacunaciones en ninos de 12 a 23 meses,l 18.1       srp dosis unica,2012-08-01,7,6,7,6,13
CALAMARCA,vacunaciones en ninos de 12 a 23 meses,l 18.1       srp dosis unica,2012-08-01,18,8,18,8,26
CAMARGO,vacunaciones en ninos de 12 a 23 meses,l 18.1       srp dosis unica,2012-08-01,15,4,15,4,19
CAMATAQUI (C. VILLA ABECIA),vacunaciones en ninos de 12 a 23 meses,l 18.1       srp dosis unica,2012-08-01,1,1,1,1,2
CAMIRI,vacunaciones en ninos de 12 a 23 meses,l 18.1       srp dosis unica,2012-08-01,79,39,79,39,118
CAPINOTA,vacunaciones en ninos de 12 a 23 meses,l 18.1       srp dosis unica,2012-08-01,24,3,24,3,27
CAQUIAVIRI,vacunaciones en ninos de 12 a 23 meses,l 18.1       srp dosis unica,2012-08-01,3,8,3,8,11
CARACOLLO,vacunaciones en ninos de 12 a 23 meses,l 18.1       srp dosis unica,2012-08-01,17,35,17,35,52
CARANAVI,vacunaciones en ninos de 12 a 23 meses,l 18.1       srp dosis unica,2012-08-01,110,34,110,34,144
CARAPARI,vacunaciones en ninos de 12 a 23 meses,l 18.1       srp dosis unica,2012-08-01,17,26,17,26,43
CARIPUYO,vacunaciones en ninos de 12 a 23 meses,l 18.1       srp dosis unica,2012-08-01,0,34,0,34,34
CARMEN RIVERO TORREZ,vacunaciones en ninos de 12 a 23 meses,l 18.1       srp dosis unica,2012-08-01,0,7,0,7,7
CATACORA,vacunaciones en ninos de 12 a 23 meses,l 18.1       srp dosis unica,2012-08-01,1,2,1,2,3
CHALLAPATA,vacunaciones en ninos de 12 a 23 meses,l 18.1       srp dosis unica,2012-08-01,28,34,28,34,62
CHAQUI,vacunaciones en ninos de 12 a 23 meses,l 18.1       srp dosis unica,2012-08-01,6,6,6,6,12
CHARAGUA,vacunaciones en ninos de 12 a 23 meses,l 18.1       srp dosis unica,2012-08-01,28,85,28,85,113
CHARAÑA,vacunaciones en ninos de 12 a 23 meses,l 18.1       srp dosis unica,2012-08-01,3,1,3,1,4
CHAYANTA,vacunaciones en ninos de 12 a 23 meses,l 18.1       srp dosis unica,2012-08-01,8,45,8,45,53
CHIMORE,vacunaciones en ninos de 12 a 23 meses,l 18.1       srp dosis unica,2012-08-01,64,17,64,17,81
CHIPAYA,vacunaciones en ninos de 12 a 23 meses,l 18.1       srp dosis unica,2012-08-01,5,0,5,0,5
CHOQUE COTA,vacunaciones en ninos de 12 a 23 meses,l 18.1       srp dosis unica,2012-08-01,3,0,3,0,3
CHULUMANI (V. DE LA LIBERTAD),vacunaciones en ninos de 12 a 23 meses,l 18.1       srp dosis unica,2012-08-01,13,13,13,13,26
CHUMA,vacunaciones en ninos de 12 a 23 meses,l 18.1       srp dosis unica,2012-08-01,8,4,8,4,12
CHUQUIHUTA AYLLU JUCUMANI,vacunaciones en ninos de 12 a 23 meses,l 18.1       srp dosis unica,2012-08-01,2,1,2,1,3
CKOCHAS,vacunaciones en ninos de 12 a 23 meses,l 18.1       srp dosis unica,2012-08-01,24,23,24,23,47
CLIZA,vacunaciones en ninos de 12 a 23 meses,l 18.1       srp dosis unica,2012-08-01,17,12,17,12,29
COBIJA,vacunaciones en ninos de 12 a 23 meses,l 18.1       srp dosis unica,2012-08-01,82,40,82,40,122
COCAPATA,vacunaciones en ninos de 12 a 23 meses,l 18.1       srp dosis unica,2012-08-01,18,32,18,32,50
COCHABAMBA,vacunaciones en ninos de 12 a 23 meses,l 18.1       srp dosis unica,2012-08-01,1204,34,1204,34,1238
COIPASA,vacunaciones en ninos de 12 a 23 meses,l 18.1       srp dosis unica,2012-08-01,0,3,0,3,3
COLCAPIRHUA,vacunaciones en ninos de 12 a 23 meses,l 18.1       srp dosis unica,2012-08-01,87,4,87,4,91
"COLCHA ""K""",vacunaciones en ninos de 12 a 23 meses,l 18.1       srp dosis unica,2012-08-01,29,2,29,2,31
COLLANA,vacunaciones en ninos de 12 a 23 meses,l 18.1       srp dosis unica,2012-08-01,1,0,1,0,1
COLOMI,vacunaciones en ninos de 12 a 23 meses,l 18.1       srp dosis unica,2012-08-01,41,16,41,16,57
COLPA BELGICA,vacunaciones en ninos de 12 a 23 meses,l 18.1       srp dosis unica,2012-08-01,8,6,8,6,14
COLQUECHACA,vacunaciones en ninos de 12 a 23 meses,l 18.1       srp dosis unica,2012-08-01,31,61,31,61,92
COLQUENCHA,vacunaciones en ninos de 12 a 23 meses,l 18.1       srp dosis unica,2012-08-01,18,9,18,9,27
COLQUIRI,vacunaciones en ninos de 12 a 23 meses,l 18.1       srp dosis unica,2012-08-01,5,42,5,42,47
COMANCHE,vacunaciones en ninos de 12 a 23 meses,l 18.1       srp dosis unica,2012-08-01,4,1,4,1,5
COMARAPA,vacunaciones en ninos de 12 a 23 meses,l 18.1       srp dosis unica,2012-08-01,22,20,22,20,42
COMBAYA,vacunaciones en ninos de 12 a 23 meses,l 18.1       srp dosis unica,2012-08-01,0,3,0,3,3
CONCEPCION,vacunaciones en ninos de 12 a 23 meses,l 18.1       srp dosis unica,2012-08-01,41,11,41,11,52
COPACABANA,vacunaciones en ninos de 12 a 23 meses,l 18.1       srp dosis unica,2012-08-01,11,18,11,18,29
CORIPATA,vacunaciones en ninos de 12 a 23 meses,l 18.1       srp dosis unica,2012-08-01,14,29,14,29,43
CORO CORO,vacunaciones en ninos de 12 a 23 meses,l 18.1       srp dosis unica,2012-08-01,4,8,4,8,12
COROICO,vacunaciones en ninos de 12 a 23 meses,l 18.1       srp dosis unica,2012-08-01,24,15,24,15,39
CORQUE,vacunaciones en ninos de 12 a 23 meses,l 18.1       srp dosis unica,2012-08-01,6,7,6,7,13
COTAGAITA,vacunaciones en ninos de 12 a 23 meses,l 18.1       srp dosis unica,2012-08-01,9,36,9,36,45
COTOCA,vacunaciones en ninos de 12 a 23 meses,l 18.1       srp dosis unica,2012-08-01,116,24,116,24,140
CRUZ DE MACHACAMARCA,vacunaciones en ninos de 12 a 23 meses,l 18.1       srp dosis unica,2012-08-01,0,1,0,1,1
CUATRO CAÑADAS,vacunaciones en ninos de 12 a 23 meses,l 18.1       srp dosis unica,2012-08-01,47,13,47,13,60
CUCHUMUELA (V. G. VILLARROEL),vacunaciones en ninos de 12 a 23 meses,l 18.1       srp dosis unica,2012-08-01,2,3,2,3,5
CUEVO,vacunaciones en ninos de 12 a 23 meses,l 18.1       srp dosis unica,2012-08-01,2,8,2,8,10
CULPINA,vacunaciones en ninos de 12 a 23 meses,l 18.1       srp dosis unica,2012-08-01,15,20,15,20,35
CURAHUARA DE CARANGAS,vacunaciones en ninos de 12 a 23 meses,l 18.1       srp dosis unica,2012-08-01,11,4,11,4,15
CURVA,vacunaciones en ninos de 12 a 23 meses,l 18.1       srp dosis unica,2012-08-01,1,1,1,1,2
DESAGUADERO,vacunaciones en ninos de 12 a 23 meses,l 18.1       srp dosis unica,2012-08-01,6,6,6,6,12
EL ALTO,vacunaciones en ninos de 12 a 23 meses,l 18.1       srp dosis unica,2012-08-01,1502,219,1502,219,1721
EL CHORO,vacunaciones en ninos de 12 a 23 meses,l 18.1       srp dosis unica,2012-08-01,0,6,0,6,6
EL PUENTE(STC),vacunaciones en ninos de 12 a 23 meses,l 18.1       srp dosis unica,2012-08-01,33,10,33,10,43
EL PUENTE(TJA),vacunaciones en ninos de 12 a 23 meses,l 18.1       srp dosis unica,2012-08-01,13,8,13,8,21
EL TORNO,vacunaciones en ninos de 12 a 23 meses,l 18.1       srp dosis unica,2012-08-01,94,19,94,19,113
EL VILLAR,vacunaciones en ninos de 12 a 23 meses,l 18.1       srp dosis unica,2012-08-01,3,4,3,4,7
ENTRE RIOS TRJ,vacunaciones en ninos de 12 a 23 meses,l 18.1       srp dosis unica,2012-08-01,29,32,29,32,61
ENTRE RIOS CBBA,vacunaciones en ninos de 12 a 23 meses,l 18.1       srp dosis unica,2012-08-01,99,35,99,35,134
ESCOMA,vacunaciones en ninos de 12 a 23 meses,l 18.1       srp dosis unica,2012-08-01,7,5,7,5,12
ESMERALDA,vacunaciones en ninos de 12 a 23 meses,l 18.1       srp dosis unica,2012-08-01,0,6,0,6,6
EUCALIPTUS,vacunaciones en ninos de 12 a 23 meses,l 18.1       srp dosis unica,2012-08-01,5,3,5,3,8
EUREKA (SANTOS MERCADO),vacunaciones en ninos de 12 a 23 meses,l 18.1       srp dosis unica,2012-08-01,1,0,1,0,1
EXALTACION,vacunaciones en ninos de 12 a 23 meses,l 18.1       srp dosis unica,2012-08-01,2,1,2,1,3
FERNANDEZ ALONSO,vacunaciones en ninos de 12 a 23 meses,l 18.1       srp dosis unica,2012-08-01,3,37,3,37,40
FILADELFIA,vacunaciones en ninos de 12 a 23 meses,l 18.1       srp dosis unica,2012-08-01,2,14,2,14,16
GENERAL SAAVEDRA,vacunaciones en ninos de 12 a 23 meses,l 18.1       srp dosis unica,2012-08-01,24,13,24,13,37
GRAL. J.J. PEREZ (CHARAZANI),vacunaciones en ninos de 12 a 23 meses,l 18.1       srp dosis unica,2012-08-01,12,18,12,18,30
GUANAY,vacunaciones en ninos de 12 a 23 meses,l 18.1       srp dosis unica,2012-08-01,9,22,9,22,31
GUAQUI,vacunaciones en ninos de 12 a 23 meses,l 18.1       srp dosis unica,2012-08-01,2,5,2,5,7
GUAYARAMERIN,vacunaciones en ninos de 12 a 23 meses,l 18.1       srp dosis unica,2012-08-01,64,23,64,23,87
GUTIERREZ,vacunaciones en ninos de 12 a 23 meses,l 18.1       srp dosis unica,2012-08-01,14,25,14,25,39
HUACARETA,vacunaciones en ninos de 12 a 23 meses,l 18.1       srp dosis unica,2012-08-01,19,1,19,1,20
HUACAYA (VILLA DE HUACAYA),vacunaciones en ninos de 12 a 23 meses,l 18.1       srp dosis unica,2012-08-01,2,5,2,5,7
HUACHACALLA,vacunaciones en ninos de 12 a 23 meses,l 18.1       srp dosis unica,2012-08-01,2,0,2,0,2
HUANUNI,vacunaciones en ninos de 12 a 23 meses,l 18.1       srp dosis unica,2012-08-01,50,19,50,19,69
HUARACAJE,vacunaciones en ninos de 12 a 23 meses,l 18.1       srp dosis unica,2012-08-01,1,4,1,4,5
HUARINA,vacunaciones en ninos de 12 a 23 meses,l 18.1       srp dosis unica,2012-08-01,5,10,5,10,15
HUAYLLAMARCA,vacunaciones en ninos de 12 a 23 meses,l 18.1       srp dosis unica,2012-08-01,4,5,4,5,9
HUMANATA,vacunaciones en ninos de 12 a 23 meses,l 18.1       srp dosis unica,2012-08-01,1,4,1,4,5
ICHOCA,vacunaciones en ninos de 12 a 23 meses,l 18.1       srp dosis unica,2012-08-01,0,7,0,7,7
ICLA,vacunaciones en ninos de 12 a 23 meses,l 18.1       srp dosis unica,2012-08-01,7,13,7,13,20
INCAHUASI,vacunaciones en ninos de 12 a 23 meses,l 18.1       srp dosis unica,2012-08-01,19,11,19,11,30
INQUISIVI,vacunaciones en ninos de 12 a 23 meses,l 18.1       srp dosis unica,2012-08-01,10,12,10,12,22
IRUPANA (VILLA DE LANZA),vacunaciones en ninos de 12 a 23 meses,l 18.1       srp dosis unica,2012-08-01,13,16,13,16,29
IXIAMAS,vacunaciones en ninos de 12 a 23 meses,l 18.1       srp dosis unica,2012-08-01,15,15,15,15,30
JESUS DE MACHACA,vacunaciones en ninos de 12 a 23 meses,l 18.1       srp dosis unica,2012-08-01,13,4,13,4,17
LA ASUNTA,vacunaciones en ninos de 12 a 23 meses,l 18.1       srp dosis unica,2012-08-01,65,13,65,13,78
LA GUARDIA,vacunaciones en ninos de 12 a 23 meses,l 18.1       srp dosis unica,2012-08-01,185,43,185,43,228
LA PAZ,vacunaciones en ninos de 12 a 23 meses,l 18.1       srp dosis unica,2012-08-01,1425,256,1425,256,1681
LAGUNILLAS,vacunaciones en ninos de 12 a 23 meses,l 18.1       srp dosis unica,2012-08-01,4,17,4,17,21
LAJA,vacunaciones en ninos de 12 a 23 meses,l 18.1       srp dosis unica,2012-08-01,17,8,17,8,25
LAS CARRERAS,vacunaciones en ninos de 12 a 23 meses,l 18.1       srp dosis unica,2012-08-01,3,4,3,4,7
LICOMA PAMPA,vacunaciones en ninos de 12 a 23 meses,l 18.1       srp dosis unica,2012-08-01,1,3,1,3,4
LLALLAGUA,vacunaciones en ninos de 12 a 23 meses,l 18.1       srp dosis unica,2012-08-01,39,49,39,49,88
LLICA,vacunaciones en ninos de 12 a 23 meses,l 18.1       srp dosis unica,2012-08-01,3,0,3,0,3
LORETO,vacunaciones en ninos de 12 a 23 meses,l 18.1       srp dosis unica,2012-08-01,4,0,4,0,4
LURIBAY,vacunaciones en ninos de 12 a 23 meses,l 18.1       srp dosis unica,2012-08-01,5,12,5,12,17
MACHACAMARCA,vacunaciones en ninos de 12 a 23 meses,l 18.1       srp dosis unica,2012-08-01,4,5,4,5,9
MACHARETI,vacunaciones en ninos de 12 a 23 meses,l 18.1       srp dosis unica,2012-08-01,4,9,4,9,13
MAGDALENA,vacunaciones en ninos de 12 a 23 meses,l 18.1       srp dosis unica,2012-08-01,9,25,9,25,34
MAIRANA,vacunaciones en ninos de 12 a 23 meses,l 18.1       srp dosis unica,2012-08-01,23,8,23,8,31
MALLA,vacunaciones en ninos de 12 a 23 meses,l 18.1       srp dosis unica,2012-08-01,0,1,0,1,1
MAPIRI,vacunaciones en ninos de 12 a 23 meses,l 18.1       srp dosis unica,2012-08-01,22,10,22,10,32
MECAPACA,vacunaciones en ninos de 12 a 23 meses,l 18.1       srp dosis unica,2012-08-01,15,15,15,15,30
MINEROS,vacunaciones en ninos de 12 a 23 meses,l 18.1       srp dosis unica,2012-08-01,48,29,48,29,77
MIZQUE,vacunaciones en ninos de 12 a 23 meses,l 18.1       srp dosis unica,2012-08-01,22,64,22,64,86
MOCOMOCO,vacunaciones en ninos de 12 a 23 meses,l 18.1       srp dosis unica,2012-08-01,25,6,25,6,31
MOJOCOYA,vacunaciones en ninos de 12 a 23 meses,l 18.1       srp dosis unica,2012-08-01,6,7,6,7,13
MONTEAGUDO,vacunaciones en ninos de 12 a 23 meses,l 18.1       srp dosis unica,2012-08-01,35,14,35,14,49
MONTERO,vacunaciones en ninos de 12 a 23 meses,l 18.1       srp dosis unica,2012-08-01,273,36,273,36,309
MORO MORO,vacunaciones en ninos de 12 a 23 meses,l 18.1       srp dosis unica,2012-08-01,3,3,3,3,6
MOROCHATA,vacunaciones en ninos de 12 a 23 meses,l 18.1       srp dosis unica,2012-08-01,9,16,9,16,25
NACEBE (SANTA ROSA DEL ABUNA),vacunaciones en ninos de 12 a 23 meses,l 18.1       srp dosis unica,2012-08-01,0,10,0,10,10
NUEVO MANOA (NUEVA ESPERANZA),vacunaciones en ninos de 12 a 23 meses,l 18.1       srp dosis unica,2012-08-01,4,1,4,1,5
OCURI,vacunaciones en ninos de 12 a 23 meses,l 18.1       srp dosis unica,2012-08-01,16,38,16,38,54
OKINAWA,vacunaciones en ninos de 12 a 23 meses,l 18.1       srp dosis unica,2012-08-01,18,12,18,12,30
OMEREQUE,vacunaciones en ninos de 12 a 23 meses,l 18.1       srp dosis unica,2012-08-01,4,14,4,14,18
ORURO,vacunaciones en ninos de 12 a 23 meses,l 18.1       srp dosis unica,2012-08-01,610,87,610,87,697
PADCAYA,vacunaciones en ninos de 12 a 23 meses,l 18.1       srp dosis unica,2012-08-01,27,15,27,15,42
PADILLA,vacunaciones en ninos de 12 a 23 meses,l 18.1       srp dosis unica,2012-08-01,12,8,12,8,20
PAILON,vacunaciones en ninos de 12 a 23 meses,l 18.1       srp dosis unica,2012-08-01,32,80,32,80,112
PALCA,vacunaciones en ninos de 12 a 23 meses,l 18.1       srp dosis unica,2012-08-01,18,22,18,22,40
PALOS BLANCOS,vacunaciones en ninos de 12 a 23 meses,l 18.1       srp dosis unica,2012-08-01,42,18,42,18,60
PAMPA AULLAGAS,vacunaciones en ninos de 12 a 23 meses,l 18.1       srp dosis unica,2012-08-01,4,3,4,3,7
PAMPA GRANDE,vacunaciones en ninos de 12 a 23 meses,l 18.1       srp dosis unica,2012-08-01,6,1,6,1,7
PAPEL PAMPA,vacunaciones en ninos de 12 a 23 meses,l 18.1       srp dosis unica,2012-08-01,3,8,3,8,11
PASORAPA,vacunaciones en ninos de 12 a 23 meses,l 18.1       srp dosis unica,2012-08-01,1,3,1,3,4
PATACAMAYA,vacunaciones en ninos de 12 a 23 meses,l 18.1       srp dosis unica,2012-08-01,41,7,41,7,48
PAZÑA,vacunaciones en ninos de 12 a 23 meses,l 18.1       srp dosis unica,2012-08-01,4,12,4,12,16
PELECHUCO,vacunaciones en ninos de 12 a 23 meses,l 18.1       srp dosis unica,2012-08-01,11,6,11,6,17
POCOATA,vacunaciones en ninos de 12 a 23 meses,l 18.1       srp dosis unica,2012-08-01,9,48,9,48,57
POCONA,vacunaciones en ninos de 12 a 23 meses,l 18.1       srp dosis unica,2012-08-01,10,15,10,15,25
POJO (CBBA),vacunaciones en ninos de 12 a 23 meses,l 18.1       srp dosis unica,2012-08-01,8,4,8,4,12
POOPO,vacunaciones en ninos de 12 a 23 meses,l 18.1       srp dosis unica,2012-08-01,12,5,12,5,17
PORCO,vacunaciones en ninos de 12 a 23 meses,l 18.1       srp dosis unica,2012-08-01,23,23,23,23,46
POROMA,vacunaciones en ninos de 12 a 23 meses,l 18.1       srp dosis unica,2012-08-01,13,24,13,24,37
PORONGO,vacunaciones en ninos de 12 a 23 meses,l 18.1       srp dosis unica,2012-08-01,5,18,5,18,23
PORTACHUELO,vacunaciones en ninos de 12 a 23 meses,l 18.1       srp dosis unica,2012-08-01,42,14,42,14,56
PORVENIR,vacunaciones en ninos de 12 a 23 meses,l 18.1       srp dosis unica,2012-08-01,5,16,5,16,21
POSTRER VALLE,vacunaciones en ninos de 12 a 23 meses,l 18.1       srp dosis unica,2012-08-01,1,1,1,1,2
POTOSI,vacunaciones en ninos de 12 a 23 meses,l 18.1       srp dosis unica,2012-08-01,425,66,425,66,491
PRESTO,vacunaciones en ninos de 12 a 23 meses,l 18.1       srp dosis unica,2012-08-01,4,20,4,20,24
PUCARA,vacunaciones en ninos de 12 a 23 meses,l 18.1       srp dosis unica,2012-08-01,1,4,1,4,5
PUCARANI,vacunaciones en ninos de 12 a 23 meses,l 18.1       srp dosis unica,2012-08-01,29,31,29,31,60
PUERTO ACOSTA,vacunaciones en ninos de 12 a 23 meses,l 18.1       srp dosis unica,2012-08-01,15,12,15,12,27
PUERTO CARABUCO,vacunaciones en ninos de 12 a 23 meses,l 18.1       srp dosis unica,2012-08-01,13,24,13,24,37
PUERTO GONZALO MORENO,vacunaciones en ninos de 12 a 23 meses,l 18.1       srp dosis unica,2012-08-01,4,3,4,3,7
PUERTO PEREZ,vacunaciones en ninos de 12 a 23 meses,l 18.1       srp dosis unica,2012-08-01,8,4,8,4,12
PUERTO QUIJARRO,vacunaciones en ninos de 12 a 23 meses,l 18.1       srp dosis unica,2012-08-01,25,33,25,33,58
PUERTO RICO,vacunaciones en ninos de 12 a 23 meses,l 18.1       srp dosis unica,2012-08-01,12,7,12,7,19
PUERTO SILES,vacunaciones en ninos de 12 a 23 meses,l 18.1       srp dosis unica,2012-08-01,3,0,3,0,3
PUERTO SUAREZ,vacunaciones en ninos de 12 a 23 meses,l 18.1       srp dosis unica,2012-08-01,18,10,18,10,28
PUERTO VILLARROEL,vacunaciones en ninos de 12 a 23 meses,l 18.1       srp dosis unica,2012-08-01,80,17,80,17,97
PUNA,vacunaciones en ninos de 12 a 23 meses,l 18.1       srp dosis unica,2012-08-01,32,25,32,25,57
PUNATA,vacunaciones en ninos de 12 a 23 meses,l 18.1       srp dosis unica,2012-08-01,61,6,61,6,67
QUIABAYA,vacunaciones en ninos de 12 a 23 meses,l 18.1       srp dosis unica,2012-08-01,4,3,4,3,7
QUILLACOLLO,vacunaciones en ninos de 12 a 23 meses,l 18.1       srp dosis unica,2012-08-01,209,28,209,28,237
QUIME,vacunaciones en ninos de 12 a 23 meses,l 18.1       srp dosis unica,2012-08-01,2,12,2,12,14
QUIRUSILLAS,vacunaciones en ninos de 12 a 23 meses,l 18.1       srp dosis unica,2012-08-01,2,1,2,1,3
RAVELO,vacunaciones en ninos de 12 a 23 meses,l 18.1       srp dosis unica,2012-08-01,16,24,16,24,40
REYES,vacunaciones en ninos de 12 a 23 meses,l 18.1       srp dosis unica,2012-08-01,36,3,36,3,39
RIBERALTA,vacunaciones en ninos de 12 a 23 meses,l 18.1       srp dosis unica,2012-08-01,153,129,153,129,282
ROBORE,vacunaciones en ninos de 12 a 23 meses,l 18.1       srp dosis unica,2012-08-01,24,5,24,5,29
RURRENABAQUE,vacunaciones en ninos de 12 a 23 meses,l 18.1       srp dosis unica,2012-08-01,24,16,24,16,40
SABAYA,vacunaciones en ninos de 12 a 23 meses,l 18.1       srp dosis unica,2012-08-01,3,0,3,0,3
SACABA,vacunaciones en ninos de 12 a 23 meses,l 18.1       srp dosis unica,2012-08-01,211,85,211,85,296
SACABAMBA,vacunaciones en ninos de 12 a 23 meses,l 18.1       srp dosis unica,2012-08-01,13,2,13,2,15
SACACA,vacunaciones en ninos de 12 a 23 meses,l 18.1       srp dosis unica,2012-08-01,28,30,28,30,58
SAIPINA,vacunaciones en ninos de 12 a 23 meses,l 18.1       srp dosis unica,2012-08-01,1,8,1,8,9
SALINAS DE GARCI MENDOZA,vacunaciones en ninos de 12 a 23 meses,l 18.1       srp dosis unica,2012-08-01,8,17,8,17,25
SAMAIPATA,vacunaciones en ninos de 12 a 23 meses,l 18.1       srp dosis unica,2012-08-01,5,10,5,10,15
SAN AGUSTIN,vacunaciones en ninos de 12 a 23 meses,l 18.1       srp dosis unica,2012-08-01,2,1,2,1,3
SAN ANDRES,vacunaciones en ninos de 12 a 23 meses,l 18.1       srp dosis unica,2012-08-01,8,10,8,10,18
SAN ANDRES DE MACHACA,vacunaciones en ninos de 12 a 23 meses,l 18.1       srp dosis unica,2012-08-01,8,1,8,1,9
SAN ANTONIO DE ESMORUCO,vacunaciones en ninos de 12 a 23 meses,l 18.1       srp dosis unica,2012-08-01,5,3,5,3,8
SAN ANTONIO DE LOMERIO,vacunaciones en ninos de 12 a 23 meses,l 18.1       srp dosis unica,2012-08-01,3,9,3,9,12
SAN BENITO,vacunaciones en ninos de 12 a 23 meses,l 18.1       srp dosis unica,2012-08-01,8,4,8,4,12
SAN BORJA,vacunaciones en ninos de 12 a 23 meses,l 18.1       srp dosis unica,2012-08-01,56,32,56,32,88
SAN BUENA VENTURA,vacunaciones en ninos de 12 a 23 meses,l 18.1       srp dosis unica,2012-08-01,14,3,14,3,17
SAN CARLOS,vacunaciones en ninos de 12 a 23 meses,l 18.1       srp dosis unica,2012-08-01,34,9,34,9,43
SAN IGNACIO,vacunaciones en ninos de 12 a 23 meses,l 18.1       srp dosis unica,2012-08-01,56,31,56,31,87
SAN IGNACIO DE VELASCO,vacunaciones en ninos de 12 a 23 meses,l 18.1       srp dosis unica,2012-08-01,107,32,107,32,139
SAN JAVIER(BNI),vacunaciones en ninos de 12 a 23 meses,l 18.1       srp dosis unica,2012-08-01,3,1,3,1,4
SAN JAVIER(STC),vacunaciones en ninos de 12 a 23 meses,l 18.1       srp dosis unica,2012-08-01,29,13,29,13,42
SAN JOAQUIN,vacunaciones en ninos de 12 a 23 meses,l 18.1       srp dosis unica,2012-08-01,4,1,4,1,5
SAN JOSE DE CHIQUITOS,vacunaciones en ninos de 12 a 23 meses,l 18.1       srp dosis unica,2012-08-01,26,5,26,5,31
SAN JUAN DE YAPACANI,vacunaciones en ninos de 12 a 23 meses,l 18.1       srp dosis unica,2012-08-01,18,23,18,23,41
SAN JULIAN,vacunaciones en ninos de 12 a 23 meses,l 18.1       srp dosis unica,2012-08-01,51,63,51,63,114
SAN LORENZO(PND),vacunaciones en ninos de 12 a 23 meses,l 18.1       srp dosis unica,2012-08-01,7,20,7,20,27
SAN LORENZO(TJA),vacunaciones en ninos de 12 a 23 meses,l 18.1       srp dosis unica,2012-08-01,23,10,23,10,33
SAN LUCAS,vacunaciones en ninos de 12 a 23 meses,l 18.1       srp dosis unica,2012-08-01,30,30,30,30,60
SAN MATIAS,vacunaciones en ninos de 12 a 23 meses,l 18.1       srp dosis unica,2012-08-01,20,12,20,12,32
SAN MIGUEL DE VELASCO,vacunaciones en ninos de 12 a 23 meses,l 18.1       srp dosis unica,2012-08-01,17,13,17,13,30
SAN PABLO DE LIPEZ,vacunaciones en ninos de 12 a 23 meses,l 18.1       srp dosis unica,2012-08-01,7,2,7,2,9
SAN PEDRO,vacunaciones en ninos de 12 a 23 meses,l 18.1       srp dosis unica,2012-08-01,44,10,44,10,54
SAN PEDRO DE BUENA VISTA,vacunaciones en ninos de 12 a 23 meses,l 18.1       srp dosis unica,2012-08-01,33,60,33,60,93
SAN PEDRO DE CURAHUARA,vacunaciones en ninos de 12 a 23 meses,l 18.1       srp dosis unica,2012-08-01,1,7,1,7,8
SAN PEDRO DE QUEMES,vacunaciones en ninos de 12 a 23 meses,l 18.1       srp dosis unica,2012-08-01,0,1,0,1,1
SAN PEDRO DE TIQUINA,vacunaciones en ninos de 12 a 23 meses,l 18.1       srp dosis unica,2012-08-01,6,8,6,8,14
SAN RAFAEL,vacunaciones en ninos de 12 a 23 meses,l 18.1       srp dosis unica,2012-08-01,4,10,4,10,14
SAN RAMON BENI,vacunaciones en ninos de 12 a 23 meses,l 18.1       srp dosis unica,2012-08-01,3,13,3,13,16
SAN RAMON SCZ,vacunaciones en ninos de 12 a 23 meses,l 18.1       srp dosis unica,2012-08-01,17,5,17,5,22
SANTA ANA,vacunaciones en ninos de 12 a 23 meses,l 18.1       srp dosis unica,2012-08-01,44,2,44,2,46
SANTA CRUZ DE LA SIERRA,vacunaciones en ninos de 12 a 23 meses,l 18.1       srp dosis unica,2012-08-01,2730,219,2730,219,2949
SANTA ROSA,vacunaciones en ninos de 12 a 23 meses,l 18.1       srp dosis unica,2012-08-01,4,0,4,0,4
SANTA ROSA DEL SARA,vacunaciones en ninos de 12 a 23 meses,l 18.1       srp dosis unica,2012-08-01,32,24,32,24,56
SANTIAGO DE CALLAPA,vacunaciones en ninos de 12 a 23 meses,l 18.1       srp dosis unica,2012-08-01,3,9,3,9,12
SANTIAGO DE HUARI,vacunaciones en ninos de 12 a 23 meses,l 18.1       srp dosis unica,2012-08-01,2,19,2,19,21
SANTIAGO DE HUATA,vacunaciones en ninos de 12 a 23 meses,l 18.1       srp dosis unica,2012-08-01,4,10,4,10,14
SANTIAGO DE MACHACA,vacunaciones en ninos de 12 a 23 meses,l 18.1       srp dosis unica,2012-08-01,0,4,0,4,4
SANTIVAÑES,vacunaciones en ninos de 12 a 23 meses,l 18.1       srp dosis unica,2012-08-01,4,7,4,7,11
SANTUARIO DE QUILLACAS,vacunaciones en ninos de 12 a 23 meses,l 18.1       srp dosis unica,2012-08-01,2,9,2,9,11
SAPAHAQUI,vacunaciones en ninos de 12 a 23 meses,l 18.1       srp dosis unica,2012-08-01,9,5,9,5,14
SENA,vacunaciones en ninos de 12 a 23 meses,l 18.1       srp dosis unica,2012-08-01,6,4,6,4,10
SHINAOTA,vacunaciones en ninos de 12 a 23 meses,l 18.1       srp dosis unica,2012-08-01,41,27,41,27,68
SICA SICA (VILLA AROMA),vacunaciones en ninos de 12 a 23 meses,l 18.1       srp dosis unica,2012-08-01,12,26,12,26,38
SICAYA,vacunaciones en ninos de 12 a 23 meses,l 18.1       srp dosis unica,2012-08-01,0,7,0,7,7
SIPE SIPE,vacunaciones en ninos de 12 a 23 meses,l 18.1       srp dosis unica,2012-08-01,76,7,76,7,83
SOPACHUY,vacunaciones en ninos de 12 a 23 meses,l 18.1       srp dosis unica,2012-08-01,4,11,4,11,15
SORACACHI,vacunaciones en ninos de 12 a 23 meses,l 18.1       srp dosis unica,2012-08-01,14,15,14,15,29
SORATA,vacunaciones en ninos de 12 a 23 meses,l 18.1       srp dosis unica,2012-08-01,28,28,28,28,56
SUCRE,vacunaciones en ninos de 12 a 23 meses,l 18.1       srp dosis unica,2012-08-01,615,62,615,62,677
TACACOMA,vacunaciones en ninos de 12 a 23 meses,l 18.1       srp dosis unica,2012-08-01,8,6,8,6,14
TACOBAMBA,vacunaciones en ninos de 12 a 23 meses,l 18.1       srp dosis unica,2012-08-01,10,16,10,16,26
TACOPAYA,vacunaciones en ninos de 12 a 23 meses,l 18.1       srp dosis unica,2012-08-01,5,8,5,8,13
TAHUA,vacunaciones en ninos de 12 a 23 meses,l 18.1       srp dosis unica,2012-08-01,5,0,5,0,5
TAPACARI,vacunaciones en ninos de 12 a 23 meses,l 18.1       srp dosis unica,2012-08-01,24,30,24,30,54
TARABUCO,vacunaciones en ninos de 12 a 23 meses,l 18.1       srp dosis unica,2012-08-01,11,17,11,17,28
TARACO,vacunaciones en ninos de 12 a 23 meses,l 18.1       srp dosis unica,2012-08-01,3,3,3,3,6
TARATA,vacunaciones en ninos de 12 a 23 meses,l 18.1       srp dosis unica,2012-08-01,9,5,9,5,14
TARIJA,vacunaciones en ninos de 12 a 23 meses,l 18.1       srp dosis unica,2012-08-01,309,28,309,28,337
TARVITA,vacunaciones en ninos de 12 a 23 meses,l 18.1       srp dosis unica,2012-08-01,22,14,22,14,36
TEOPONTE,vacunaciones en ninos de 12 a 23 meses,l 18.1       srp dosis unica,2012-08-01,6,7,6,7,13
TIAWANACU,vacunaciones en ninos de 12 a 23 meses,l 18.1       srp dosis unica,2012-08-01,9,10,9,10,19
TINGUIPAYA,vacunaciones en ninos de 12 a 23 meses,l 18.1       srp dosis unica,2012-08-01,25,16,25,16,41
TIPUANI,vacunaciones en ninos de 12 a 23 meses,l 18.1       srp dosis unica,2012-08-01,16,5,16,5,21
TIQUIPAYA,vacunaciones en ninos de 12 a 23 meses,l 18.1       srp dosis unica,2012-08-01,107,43,107,43,150
TIRAQUE (CBBA),vacunaciones en ninos de 12 a 23 meses,l 18.1       srp dosis unica,2012-08-01,36,47,36,47,83
TITO YUPANQUI (PARQUIPUJIO),vacunaciones en ninos de 12 a 23 meses,l 18.1       srp dosis unica,2012-08-01,1,2,1,2,3
TOCO,vacunaciones en ninos de 12 a 23 meses,l 18.1       srp dosis unica,2012-08-01,1,12,1,12,13
TODOS SANTOS,vacunaciones en ninos de 12 a 23 meses,l 18.1       srp dosis unica,2012-08-01,2,0,2,0,2
TOLATA,vacunaciones en ninos de 12 a 23 meses,l 18.1       srp dosis unica,2012-08-01,8,3,8,3,11
TOLEDO,vacunaciones en ninos de 12 a 23 meses,l 18.1       srp dosis unica,2012-08-01,4,6,4,6,10
TOMAVE,vacunaciones en ninos de 12 a 23 meses,l 18.1       srp dosis unica,2012-08-01,5,20,5,20,25
TOMINA,vacunaciones en ninos de 12 a 23 meses,l 18.1       srp dosis unica,2012-08-01,7,6,7,6,13
TORO TORO,vacunaciones en ninos de 12 a 23 meses,l 18.1       srp dosis unica,2012-08-01,5,18,5,18,23
TOTORA(CBBA),vacunaciones en ninos de 12 a 23 meses,l 18.1       srp dosis unica,2012-08-01,23,6,23,6,29
TOTORA(ORR),vacunaciones en ninos de 12 a 23 meses,l 18.1       srp dosis unica,2012-08-01,6,4,6,4,10
TRINIDAD,vacunaciones en ninos de 12 a 23 meses,l 18.1       srp dosis unica,2012-08-01,228,270,228,270,498
TUPIZA,vacunaciones en ninos de 12 a 23 meses,l 18.1       srp dosis unica,2012-08-01,69,17,69,17,86
TURCO,vacunaciones en ninos de 12 a 23 meses,l 18.1       srp dosis unica,2012-08-01,4,5,4,5,9
UMALA,vacunaciones en ninos de 12 a 23 meses,l 18.1       srp dosis unica,2012-08-01,11,25,11,25,36
UNCIA,vacunaciones en ninos de 12 a 23 meses,l 18.1       srp dosis unica,2012-08-01,31,16,31,16,47
URIONDO (A. CONCEPCION),vacunaciones en ninos de 12 a 23 meses,l 18.1       srp dosis unica,2012-08-01,10,17,10,17,27
URUBICHA,vacunaciones en ninos de 12 a 23 meses,l 18.1       srp dosis unica,2012-08-01,12,4,12,4,16
UYUNI,vacunaciones en ninos de 12 a 23 meses,l 18.1       srp dosis unica,2012-08-01,48,5,48,5,53
VACAS,vacunaciones en ninos de 12 a 23 meses,l 18.1       srp dosis unica,2012-08-01,5,23,5,23,28
VALLEGRANDE,vacunaciones en ninos de 12 a 23 meses,l 18.1       srp dosis unica,2012-08-01,35,2,35,2,37
VIACHA,vacunaciones en ninos de 12 a 23 meses,l 18.1       srp dosis unica,2012-08-01,112,31,112,31,143
VILA VILA,vacunaciones en ninos de 12 a 23 meses,l 18.1       srp dosis unica,2012-08-01,7,10,7,10,17
VILLA CHARCAS,vacunaciones en ninos de 12 a 23 meses,l 18.1       srp dosis unica,2012-08-01,21,14,21,14,35
VILLA MONTES,vacunaciones en ninos de 12 a 23 meses,l 18.1       srp dosis unica,2012-08-01,57,50,57,50,107
VILLA NUEVA (LOMA ALTA),vacunaciones en ninos de 12 a 23 meses,l 18.1       srp dosis unica,2012-08-01,0,2,0,2,2
VILLA RIVERO,vacunaciones en ninos de 12 a 23 meses,l 18.1       srp dosis unica,2012-08-01,3,10,3,10,13
VILLA SERRANO,vacunaciones en ninos de 12 a 23 meses,l 18.1       srp dosis unica,2012-08-01,6,10,6,10,16
VILLA TUNARI,vacunaciones en ninos de 12 a 23 meses,l 18.1       srp dosis unica,2012-08-01,154,34,154,34,188
VILLA VACA GUZMAN (MUYUPAMPA),vacunaciones en ninos de 12 a 23 meses,l 18.1       srp dosis unica,2012-08-01,12,9,12,9,21
VILLAZON,vacunaciones en ninos de 12 a 23 meses,l 18.1       srp dosis unica,2012-08-01,62,25,62,25,87
VINTO,vacunaciones en ninos de 12 a 23 meses,l 18.1       srp dosis unica,2012-08-01,81,2,81,2,83
VITICHI,vacunaciones en ninos de 12 a 23 meses,l 18.1       srp dosis unica,2012-08-01,7,4,7,4,11
WALDO BALLIVIAN,vacunaciones en ninos de 12 a 23 meses,l 18.1       srp dosis unica,2012-08-01,3,2,3,2,5
WARNES,vacunaciones en ninos de 12 a 23 meses,l 18.1       srp dosis unica,2012-08-01,184,58,184,58,242
YACO,vacunaciones en ninos de 12 a 23 meses,l 18.1       srp dosis unica,2012-08-01,10,6,10,6,16
YACUIBA,vacunaciones en ninos de 12 a 23 meses,l 18.1       srp dosis unica,2012-08-01,119,61,119,61,180
YAMPARAEZ,vacunaciones en ninos de 12 a 23 meses,l 18.1       srp dosis unica,2012-08-01,5,2,5,2,7
YANACACHI,vacunaciones en ninos de 12 a 23 meses,l 18.1       srp dosis unica,2012-08-01,8,11,8,11,19
YAPACANI,vacunaciones en ninos de 12 a 23 meses,l 18.1       srp dosis unica,2012-08-01,68,42,68,42,110
YOCALLA,vacunaciones en ninos de 12 a 23 meses,l 18.1       srp dosis unica,2012-08-01,3,6,3,6,9
YOTALA,vacunaciones en ninos de 12 a 23 meses,l 18.1       srp dosis unica,2012-08-01,4,6,4,6,10
YUNCHARA,vacunaciones en ninos de 12 a 23 meses,l 18.1       srp dosis unica,2012-08-01,1,17,1,17,18
ZUDAÑEZ,vacunaciones en ninos de 12 a 23 meses,l 18.1       srp dosis unica,2012-08-01,2,7,2,7,9
ACACIO,vacunaciones en ninos de 12 a 23 meses,l 18.1       srp dosis unica,2012-09-01,3,10,3,10,13
ACHACACHI,vacunaciones en ninos de 12 a 23 meses,l 18.1       srp dosis unica,2012-09-01,26,34,26,34,60
ACHOCALLA,vacunaciones en ninos de 12 a 23 meses,l 18.1       srp dosis unica,2012-09-01,10,19,10,19,29
AIQUILE,vacunaciones en ninos de 12 a 23 meses,l 18.1       srp dosis unica,2012-09-01,27,63,27,63,90
ALALAY,vacunaciones en ninos de 12 a 23 meses,l 18.1       srp dosis unica,2012-09-01,1,9,1,9,10
ALCALA,vacunaciones en ninos de 12 a 23 meses,l 18.1       srp dosis unica,2012-09-01,1,7,1,7,8
ALTO BENI,vacunaciones en ninos de 12 a 23 meses,l 18.1       srp dosis unica,2012-09-01,27,3,27,3,30
ANCORAIMES,vacunaciones en ninos de 12 a 23 meses,l 18.1       srp dosis unica,2012-09-01,8,2,8,2,10
ANDAMARCA,vacunaciones en ninos de 12 a 23 meses,l 18.1       srp dosis unica,2012-09-01,1,2,1,2,3
ANTEQUERA,vacunaciones en ninos de 12 a 23 meses,l 18.1       srp dosis unica,2012-09-01,6,2,6,2,8
ANZALDO,vacunaciones en ninos de 12 a 23 meses,l 18.1       srp dosis unica,2012-09-01,9,9,9,9,18
APOLO,vacunaciones en ninos de 12 a 23 meses,l 18.1       srp dosis unica,2012-09-01,15,15,15,15,30
ARAMPAMPA,vacunaciones en ninos de 12 a 23 meses,l 18.1       srp dosis unica,2012-09-01,3,8,3,8,11
ARANI,vacunaciones en ninos de 12 a 23 meses,l 18.1       srp dosis unica,2012-09-01,36,2,36,2,38
ARBIETO,vacunaciones en ninos de 12 a 23 meses,l 18.1       srp dosis unica,2012-09-01,11,9,11,9,20
ARQUE,vacunaciones en ninos de 12 a 23 meses,l 18.1       srp dosis unica,2012-09-01,30,7,30,7,37
ASCENCION DE GUARAYOS,vacunaciones en ninos de 12 a 23 meses,l 18.1       srp dosis unica,2012-09-01,33,7,33,7,40
ATOCHA,vacunaciones en ninos de 12 a 23 meses,l 18.1       srp dosis unica,2012-09-01,17,17,17,17,34
AUCAPATA,vacunaciones en ninos de 12 a 23 meses,l 18.1       srp dosis unica,2012-09-01,7,2,7,2,9
AYATA,vacunaciones en ninos de 12 a 23 meses,l 18.1       srp dosis unica,2012-09-01,10,8,10,8,18
AYO AYO,vacunaciones en ninos de 12 a 23 meses,l 18.1       srp dosis unica,2012-09-01,9,5,9,5,14
AYOPAYA (V. DE INDEPENDENCIA),vacunaciones en ninos de 12 a 23 meses,l 18.1       srp dosis unica,2012-09-01,39,42,39,42,81
AZURDUY,vacunaciones en ninos de 12 a 23 meses,l 18.1       srp dosis unica,2012-09-01,6,16,6,16,22
BATALLAS,vacunaciones en ninos de 12 a 23 meses,l 18.1       srp dosis unica,2012-09-01,16,18,16,18,34
BAURES,vacunaciones en ninos de 12 a 23 meses,l 18.1       srp dosis unica,2012-09-01,5,0,5,0,5
BELEN DE ANDAMARCA,vacunaciones en ninos de 12 a 23 meses,l 18.1       srp dosis unica,2012-09-01,1,2,1,2,3
BELEN DE URMIRI,vacunaciones en ninos de 12 a 23 meses,l 18.1       srp dosis unica,2012-09-01,0,3,0,3,3
BELLA FLOR,vacunaciones en ninos de 12 a 23 meses,l 18.1       srp dosis unica,2012-09-01,0,2,0,2,2
BERMEJO,vacunaciones en ninos de 12 a 23 meses,l 18.1       srp dosis unica,2012-09-01,46,47,46,47,93
BETANZOS,vacunaciones en ninos de 12 a 23 meses,l 18.1       srp dosis unica,2012-09-01,24,41,24,41,65
BOLIVAR,vacunaciones en ninos de 12 a 23 meses,l 18.1       srp dosis unica,2012-09-01,0,13,0,13,13
BOLPEBRA,vacunaciones en ninos de 12 a 23 meses,l 18.1       srp dosis unica,2012-09-01,2,4,2,4,6
BOYUIBE,vacunaciones en ninos de 12 a 23 meses,l 18.1       srp dosis unica,2012-09-01,5,5,5,5,10
BUENA VISTA,vacunaciones en ninos de 12 a 23 meses,l 18.1       srp dosis unica,2012-09-01,8,18,8,18,26
CABEZAS,vacunaciones en ninos de 12 a 23 meses,l 18.1       srp dosis unica,2012-09-01,20,31,20,31,51
CAIROMA,vacunaciones en ninos de 12 a 23 meses,l 18.1       srp dosis unica,2012-09-01,11,3,11,3,14
"CAIZA ""D""",vacunaciones en ninos de 12 a 23 meses,l 18.1       srp dosis unica,2012-09-01,9,8,9,8,17
CAJUATA,vacunaciones en ninos de 12 a 23 meses,l 18.1       srp dosis unica,2012-09-01,5,2,5,2,7
CALACOTO,vacunaciones en ninos de 12 a 23 meses,l 18.1       srp dosis unica,2012-09-01,2,1,2,1,3
CALAMARCA,vacunaciones en ninos de 12 a 23 meses,l 18.1       srp dosis unica,2012-09-01,10,4,10,4,14
CAMARGO,vacunaciones en ninos de 12 a 23 meses,l 18.1       srp dosis unica,2012-09-01,12,12,12,12,24
CAMATAQUI (C. VILLA ABECIA),vacunaciones en ninos de 12 a 23 meses,l 18.1       srp dosis unica,2012-09-01,5,0,5,0,5
CAMIRI,vacunaciones en ninos de 12 a 23 meses,l 18.1       srp dosis unica,2012-09-01,44,33,44,33,77
CAPINOTA,vacunaciones en ninos de 12 a 23 meses,l 18.1       srp dosis unica,2012-09-01,29,25,29,25,54
CAQUIAVIRI,vacunaciones en ninos de 12 a 23 meses,l 18.1       srp dosis unica,2012-09-01,6,6,6,6,12
CARACOLLO,vacunaciones en ninos de 12 a 23 meses,l 18.1       srp dosis unica,2012-09-01,7,16,7,16,23
CARANAVI,vacunaciones en ninos de 12 a 23 meses,l 18.1       srp dosis unica,2012-09-01,53,30,53,30,83
CARAPARI,vacunaciones en ninos de 12 a 23 meses,l 18.1       srp dosis unica,2012-09-01,10,21,10,21,31
CARIPUYO,vacunaciones en ninos de 12 a 23 meses,l 18.1       srp dosis unica,2012-09-01,3,21,3,21,24
CARMEN RIVERO TORREZ,vacunaciones en ninos de 12 a 23 meses,l 18.1       srp dosis unica,2012-09-01,6,8,6,8,14
CHALLAPATA,vacunaciones en ninos de 12 a 23 meses,l 18.1       srp dosis unica,2012-09-01,25,75,25,75,100
CHAQUI,vacunaciones en ninos de 12 a 23 meses,l 18.1       srp dosis unica,2012-09-01,8,3,8,3,11
CHARAGUA,vacunaciones en ninos de 12 a 23 meses,l 18.1       srp dosis unica,2012-09-01,28,44,28,44,72
CHARAÑA,vacunaciones en ninos de 12 a 23 meses,l 18.1       srp dosis unica,2012-09-01,1,0,1,0,1
CHAYANTA,vacunaciones en ninos de 12 a 23 meses,l 18.1       srp dosis unica,2012-09-01,21,18,21,18,39
CHIMORE,vacunaciones en ninos de 12 a 23 meses,l 18.1       srp dosis unica,2012-09-01,55,11,55,11,66
CHIPAYA,vacunaciones en ninos de 12 a 23 meses,l 18.1       srp dosis unica,2012-09-01,2,5,2,5,7
CHOQUE COTA,vacunaciones en ninos de 12 a 23 meses,l 18.1       srp dosis unica,2012-09-01,1,0,1,0,1
CHULUMANI (V. DE LA LIBERTAD),vacunaciones en ninos de 12 a 23 meses,l 18.1       srp dosis unica,2012-09-01,24,27,24,27,51
CHUMA,vacunaciones en ninos de 12 a 23 meses,l 18.1       srp dosis unica,2012-09-01,8,6,8,6,14
CHUQUIHUTA AYLLU JUCUMANI,vacunaciones en ninos de 12 a 23 meses,l 18.1       srp dosis unica,2012-09-01,12,9,12,9,21
CKOCHAS,vacunaciones en ninos de 12 a 23 meses,l 18.1       srp dosis unica,2012-09-01,13,15,13,15,28
CLIZA,vacunaciones en ninos de 12 a 23 meses,l 18.1       srp dosis unica,2012-09-01,29,2,29,2,31
COBIJA,vacunaciones en ninos de 12 a 23 meses,l 18.1       srp dosis unica,2012-09-01,67,24,67,24,91
COCAPATA,vacunaciones en ninos de 12 a 23 meses,l 18.1       srp dosis unica,2012-09-01,20,43,20,43,63
COCHABAMBA,vacunaciones en ninos de 12 a 23 meses,l 18.1       srp dosis unica,2012-09-01,1065,58,1065,58,1123
COIPASA,vacunaciones en ninos de 12 a 23 meses,l 18.1       srp dosis unica,2012-09-01,2,0,2,0,2
COLCAPIRHUA,vacunaciones en ninos de 12 a 23 meses,l 18.1       srp dosis unica,2012-09-01,73,6,73,6,79
"COLCHA ""K""",vacunaciones en ninos de 12 a 23 meses,l 18.1       srp dosis unica,2012-09-01,27,1,27,1,28
COLLANA,vacunaciones en ninos de 12 a 23 meses,l 18.1       srp dosis unica,2012-09-01,3,0,3,0,3
COLOMI,vacunaciones en ninos de 12 a 23 meses,l 18.1       srp dosis unica,2012-09-01,34,20,34,20,54
COLPA BELGICA,vacunaciones en ninos de 12 a 23 meses,l 18.1       srp dosis unica,2012-09-01,3,0,3,0,3
COLQUECHACA,vacunaciones en ninos de 12 a 23 meses,l 18.1       srp dosis unica,2012-09-01,41,35,41,35,76
COLQUENCHA,vacunaciones en ninos de 12 a 23 meses,l 18.1       srp dosis unica,2012-09-01,12,0,12,0,12
COLQUIRI,vacunaciones en ninos de 12 a 23 meses,l 18.1       srp dosis unica,2012-09-01,4,39,4,39,43
COMANCHE,vacunaciones en ninos de 12 a 23 meses,l 18.1       srp dosis unica,2012-09-01,4,0,4,0,4
COMARAPA,vacunaciones en ninos de 12 a 23 meses,l 18.1       srp dosis unica,2012-09-01,25,12,25,12,37
COMBAYA,vacunaciones en ninos de 12 a 23 meses,l 18.1       srp dosis unica,2012-09-01,0,10,0,10,10
CONCEPCION,vacunaciones en ninos de 12 a 23 meses,l 18.1       srp dosis unica,2012-09-01,20,3,20,3,23
COPACABANA,vacunaciones en ninos de 12 a 23 meses,l 18.1       srp dosis unica,2012-09-01,9,8,9,8,17
CORIPATA,vacunaciones en ninos de 12 a 23 meses,l 18.1       srp dosis unica,2012-09-01,22,0,22,0,22
CORO CORO,vacunaciones en ninos de 12 a 23 meses,l 18.1       srp dosis unica,2012-09-01,1,13,1,13,14
COROICO,vacunaciones en ninos de 12 a 23 meses,l 18.1       srp dosis unica,2012-09-01,0,9,0,9,9
CORQUE,vacunaciones en ninos de 12 a 23 meses,l 18.1       srp dosis unica,2012-09-01,6,5,6,5,11
COTAGAITA,vacunaciones en ninos de 12 a 23 meses,l 18.1       srp dosis unica,2012-09-01,15,22,15,22,37
COTOCA,vacunaciones en ninos de 12 a 23 meses,l 18.1       srp dosis unica,2012-09-01,67,19,67,19,86
CRUZ DE MACHACAMARCA,vacunaciones en ninos de 12 a 23 meses,l 18.1       srp dosis unica,2012-09-01,0,1,0,1,1
CUATRO CAÑADAS,vacunaciones en ninos de 12 a 23 meses,l 18.1       srp dosis unica,2012-09-01,17,14,17,14,31
CUCHUMUELA (V. G. VILLARROEL),vacunaciones en ninos de 12 a 23 meses,l 18.1       srp dosis unica,2012-09-01,3,0,3,0,3
CUEVO,vacunaciones en ninos de 12 a 23 meses,l 18.1       srp dosis unica,2012-09-01,1,7,1,7,8
CULPINA,vacunaciones en ninos de 12 a 23 meses,l 18.1       srp dosis unica,2012-09-01,10,38,10,38,48
CURAHUARA DE CARANGAS,vacunaciones en ninos de 12 a 23 meses,l 18.1       srp dosis unica,2012-09-01,4,1,4,1,5
CURVA,vacunaciones en ninos de 12 a 23 meses,l 18.1       srp dosis unica,2012-09-01,0,5,0,5,5
DESAGUADERO,vacunaciones en ninos de 12 a 23 meses,l 18.1       srp dosis unica,2012-09-01,3,5,3,5,8
EL ALTO,vacunaciones en ninos de 12 a 23 meses,l 18.1       srp dosis unica,2012-09-01,1262,325,1262,325,1587
EL CHORO,vacunaciones en ninos de 12 a 23 meses,l 18.1       srp dosis unica,2012-09-01,4,5,4,5,9
EL PUENTE(STC),vacunaciones en ninos de 12 a 23 meses,l 18.1       srp dosis unica,2012-09-01,22,10,22,10,32
EL PUENTE(TJA),vacunaciones en ninos de 12 a 23 meses,l 18.1       srp dosis unica,2012-09-01,8,6,8,6,14
EL TORNO,vacunaciones en ninos de 12 a 23 meses,l 18.1       srp dosis unica,2012-09-01,84,12,84,12,96
EL VILLAR,vacunaciones en ninos de 12 a 23 meses,l 18.1       srp dosis unica,2012-09-01,4,1,4,1,5
ENTRE RIOS TRJ,vacunaciones en ninos de 12 a 23 meses,l 18.1       srp dosis unica,2012-09-01,26,24,26,24,50
ENTRE RIOS CBBA,vacunaciones en ninos de 12 a 23 meses,l 18.1       srp dosis unica,2012-09-01,83,13,83,13,96
ESCOMA,vacunaciones en ninos de 12 a 23 meses,l 18.1       srp dosis unica,2012-09-01,4,5,4,5,9
EUCALIPTUS,vacunaciones en ninos de 12 a 23 meses,l 18.1       srp dosis unica,2012-09-01,5,0,5,0,5
EUREKA (SANTOS MERCADO),vacunaciones en ninos de 12 a 23 meses,l 18.1       srp dosis unica,2012-09-01,2,9,2,9,11
EXALTACION,vacunaciones en ninos de 12 a 23 meses,l 18.1       srp dosis unica,2012-09-01,2,3,2,3,5
FERNANDEZ ALONSO,vacunaciones en ninos de 12 a 23 meses,l 18.1       srp dosis unica,2012-09-01,7,7,7,7,14
FILADELFIA,vacunaciones en ninos de 12 a 23 meses,l 18.1       srp dosis unica,2012-09-01,5,22,5,22,27
GENERAL SAAVEDRA,vacunaciones en ninos de 12 a 23 meses,l 18.1       srp dosis unica,2012-09-01,12,9,12,9,21
GRAL. J.J. PEREZ (CHARAZANI),vacunaciones en ninos de 12 a 23 meses,l 18.1       srp dosis unica,2012-09-01,9,16,9,16,25
GUANAY,vacunaciones en ninos de 12 a 23 meses,l 18.1       srp dosis unica,2012-09-01,3,21,3,21,24
GUAQUI,vacunaciones en ninos de 12 a 23 meses,l 18.1       srp dosis unica,2012-09-01,0,6,0,6,6
GUAYARAMERIN,vacunaciones en ninos de 12 a 23 meses,l 18.1       srp dosis unica,2012-09-01,108,23,108,23,131
GUTIERREZ,vacunaciones en ninos de 12 a 23 meses,l 18.1       srp dosis unica,2012-09-01,15,17,15,17,32
HUACARETA,vacunaciones en ninos de 12 a 23 meses,l 18.1       srp dosis unica,2012-09-01,9,7,9,7,16
HUACAYA (VILLA DE HUACAYA),vacunaciones en ninos de 12 a 23 meses,l 18.1       srp dosis unica,2012-09-01,0,3,0,3,3
HUANUNI,vacunaciones en ninos de 12 a 23 meses,l 18.1       srp dosis unica,2012-09-01,37,21,37,21,58
HUARACAJE,vacunaciones en ninos de 12 a 23 meses,l 18.1       srp dosis unica,2012-09-01,0,8,0,8,8
HUARINA,vacunaciones en ninos de 12 a 23 meses,l 18.1       srp dosis unica,2012-09-01,6,5,6,5,11
HUAYLLAMARCA,vacunaciones en ninos de 12 a 23 meses,l 18.1       srp dosis unica,2012-09-01,6,5,6,5,11
HUMANATA,vacunaciones en ninos de 12 a 23 meses,l 18.1       srp dosis unica,2012-09-01,0,13,0,13,13
ICHOCA,vacunaciones en ninos de 12 a 23 meses,l 18.1       srp dosis unica,2012-09-01,3,9,3,9,12
ICLA,vacunaciones en ninos de 12 a 23 meses,l 18.1       srp dosis unica,2012-09-01,7,4,7,4,11
INCAHUASI,vacunaciones en ninos de 12 a 23 meses,l 18.1       srp dosis unica,2012-09-01,14,11,14,11,25
INGAVI (HUMAITA),vacunaciones en ninos de 12 a 23 meses,l 18.1       srp dosis unica,2012-09-01,6,1,6,1,7
INQUISIVI,vacunaciones en ninos de 12 a 23 meses,l 18.1       srp dosis unica,2012-09-01,3,21,3,21,24
IRUPANA (VILLA DE LANZA),vacunaciones en ninos de 12 a 23 meses,l 18.1       srp dosis unica,2012-09-01,10,8,10,8,18
IXIAMAS,vacunaciones en ninos de 12 a 23 meses,l 18.1       srp dosis unica,2012-09-01,24,2,24,2,26
JESUS DE MACHACA,vacunaciones en ninos de 12 a 23 meses,l 18.1       srp dosis unica,2012-09-01,12,1,12,1,13
LA ASUNTA,vacunaciones en ninos de 12 a 23 meses,l 18.1       srp dosis unica,2012-09-01,82,32,82,32,114
LA GUARDIA,vacunaciones en ninos de 12 a 23 meses,l 18.1       srp dosis unica,2012-09-01,148,13,148,13,161
LA PAZ,vacunaciones en ninos de 12 a 23 meses,l 18.1       srp dosis unica,2012-09-01,1247,131,1247,131,1378
LAGUNILLAS,vacunaciones en ninos de 12 a 23 meses,l 18.1       srp dosis unica,2012-09-01,8,1,8,1,9
LAJA,vacunaciones en ninos de 12 a 23 meses,l 18.1       srp dosis unica,2012-09-01,15,10,15,10,25
LAS CARRERAS,vacunaciones en ninos de 12 a 23 meses,l 18.1       srp dosis unica,2012-09-01,2,2,2,2,4
LICOMA PAMPA,vacunaciones en ninos de 12 a 23 meses,l 18.1       srp dosis unica,2012-09-01,4,0,4,0,4
LLALLAGUA,vacunaciones en ninos de 12 a 23 meses,l 18.1       srp dosis unica,2012-09-01,42,47,42,47,89
LLICA,vacunaciones en ninos de 12 a 23 meses,l 18.1       srp dosis unica,2012-09-01,5,10,5,10,15
LORETO,vacunaciones en ninos de 12 a 23 meses,l 18.1       srp dosis unica,2012-09-01,0,18,0,18,18
LURIBAY,vacunaciones en ninos de 12 a 23 meses,l 18.1       srp dosis unica,2012-09-01,5,22,5,22,27
MACHACAMARCA,vacunaciones en ninos de 12 a 23 meses,l 18.1       srp dosis unica,2012-09-01,0,7,0,7,7
MACHARETI,vacunaciones en ninos de 12 a 23 meses,l 18.1       srp dosis unica,2012-09-01,4,17,4,17,21
MAGDALENA,vacunaciones en ninos de 12 a 23 meses,l 18.1       srp dosis unica,2012-09-01,19,26,19,26,45
MAIRANA,vacunaciones en ninos de 12 a 23 meses,l 18.1       srp dosis unica,2012-09-01,19,0,19,0,19
MALLA,vacunaciones en ninos de 12 a 23 meses,l 18.1       srp dosis unica,2012-09-01,2,0,2,0,2
MAPIRI,vacunaciones en ninos de 12 a 23 meses,l 18.1       srp dosis unica,2012-09-01,21,2,21,2,23
MECAPACA,vacunaciones en ninos de 12 a 23 meses,l 18.1       srp dosis unica,2012-09-01,12,16,12,16,28
MINEROS,vacunaciones en ninos de 12 a 23 meses,l 18.1       srp dosis unica,2012-09-01,29,20,29,20,49
MIZQUE,vacunaciones en ninos de 12 a 23 meses,l 18.1       srp dosis unica,2012-09-01,34,70,34,70,104
MOCOMOCO,vacunaciones en ninos de 12 a 23 meses,l 18.1       srp dosis unica,2012-09-01,14,13,14,13,27
MOJINETE,vacunaciones en ninos de 12 a 23 meses,l 18.1       srp dosis unica,2012-09-01,1,0,1,0,1
MOJOCOYA,vacunaciones en ninos de 12 a 23 meses,l 18.1       srp dosis unica,2012-09-01,4,2,4,2,6
MONTEAGUDO,vacunaciones en ninos de 12 a 23 meses,l 18.1       srp dosis unica,2012-09-01,33,18,33,18,51
MONTERO,vacunaciones en ninos de 12 a 23 meses,l 18.1       srp dosis unica,2012-09-01,177,37,177,37,214
MORO MORO,vacunaciones en ninos de 12 a 23 meses,l 18.1       srp dosis unica,2012-09-01,5,1,5,1,6
MOROCHATA,vacunaciones en ninos de 12 a 23 meses,l 18.1       srp dosis unica,2012-09-01,18,33,18,33,51
NAZACARA DE PACAJES,vacunaciones en ninos de 12 a 23 meses,l 18.1       srp dosis unica,2012-09-01,0,5,0,5,5
NUEVO MANOA (NUEVA ESPERANZA),vacunaciones en ninos de 12 a 23 meses,l 18.1       srp dosis unica,2012-09-01,2,0,2,0,2
OCURI,vacunaciones en ninos de 12 a 23 meses,l 18.1       srp dosis unica,2012-09-01,12,26,12,26,38
OKINAWA,vacunaciones en ninos de 12 a 23 meses,l 18.1       srp dosis unica,2012-09-01,13,15,13,15,28
OMEREQUE,vacunaciones en ninos de 12 a 23 meses,l 18.1       srp dosis unica,2012-09-01,2,6,2,6,8
ORURO,vacunaciones en ninos de 12 a 23 meses,l 18.1       srp dosis unica,2012-09-01,483,198,483,198,681
PADCAYA,vacunaciones en ninos de 12 a 23 meses,l 18.1       srp dosis unica,2012-09-01,15,9,15,9,24
PADILLA,vacunaciones en ninos de 12 a 23 meses,l 18.1       srp dosis unica,2012-09-01,7,8,7,8,15
PAILON,vacunaciones en ninos de 12 a 23 meses,l 18.1       srp dosis unica,2012-09-01,29,38,29,38,67
PALCA,vacunaciones en ninos de 12 a 23 meses,l 18.1       srp dosis unica,2012-09-01,10,12,10,12,22
PALOS BLANCOS,vacunaciones en ninos de 12 a 23 meses,l 18.1       srp dosis unica,2012-09-01,16,28,16,28,44
PAMPA AULLAGAS,vacunaciones en ninos de 12 a 23 meses,l 18.1       srp dosis unica,2012-09-01,1,0,1,0,1
PAMPA GRANDE,vacunaciones en ninos de 12 a 23 meses,l 18.1       srp dosis unica,2012-09-01,19,1,19,1,20
PAPEL PAMPA,vacunaciones en ninos de 12 a 23 meses,l 18.1       srp dosis unica,2012-09-01,0,9,0,9,9
PASORAPA,vacunaciones en ninos de 12 a 23 meses,l 18.1       srp dosis unica,2012-09-01,1,5,1,5,6
PATACAMAYA,vacunaciones en ninos de 12 a 23 meses,l 18.1       srp dosis unica,2012-09-01,38,1,38,1,39
PAZÑA,vacunaciones en ninos de 12 a 23 meses,l 18.1       srp dosis unica,2012-09-01,6,9,6,9,15
PELECHUCO,vacunaciones en ninos de 12 a 23 meses,l 18.1       srp dosis unica,2012-09-01,7,4,7,4,11
POCOATA,vacunaciones en ninos de 12 a 23 meses,l 18.1       srp dosis unica,2012-09-01,16,35,16,35,51
POCONA,vacunaciones en ninos de 12 a 23 meses,l 18.1       srp dosis unica,2012-09-01,6,26,6,26,32
POJO (CBBA),vacunaciones en ninos de 12 a 23 meses,l 18.1       srp dosis unica,2012-09-01,11,18,11,18,29
POOPO,vacunaciones en ninos de 12 a 23 meses,l 18.1       srp dosis unica,2012-09-01,7,3,7,3,10
PORCO,vacunaciones en ninos de 12 a 23 meses,l 18.1       srp dosis unica,2012-09-01,8,0,8,0,8
POROMA,vacunaciones en ninos de 12 a 23 meses,l 18.1       srp dosis unica,2012-09-01,10,25,10,25,35
PORONGO,vacunaciones en ninos de 12 a 23 meses,l 18.1       srp dosis unica,2012-09-01,6,19,6,19,25
PORTACHUELO,vacunaciones en ninos de 12 a 23 meses,l 18.1       srp dosis unica,2012-09-01,29,2,29,2,31
PORVENIR,vacunaciones en ninos de 12 a 23 meses,l 18.1       srp dosis unica,2012-09-01,5,5,5,5,10
POTOSI,vacunaciones en ninos de 12 a 23 meses,l 18.1       srp dosis unica,2012-09-01,348,12,348,12,360
PRESTO,vacunaciones en ninos de 12 a 23 meses,l 18.1       srp dosis unica,2012-09-01,5,12,5,12,17
PUCARA,vacunaciones en ninos de 12 a 23 meses,l 18.1       srp dosis unica,2012-09-01,1,0,1,0,1
PUCARANI,vacunaciones en ninos de 12 a 23 meses,l 18.1       srp dosis unica,2012-09-01,14,22,14,22,36
PUERTO ACOSTA,vacunaciones en ninos de 12 a 23 meses,l 18.1       srp dosis unica,2012-09-01,0,17,0,17,17
PUERTO CARABUCO,vacunaciones en ninos de 12 a 23 meses,l 18.1       srp dosis unica,2012-09-01,6,19,6,19,25
PUERTO GONZALO MORENO,vacunaciones en ninos de 12 a 23 meses,l 18.1       srp dosis unica,2012-09-01,5,2,5,2,7
PUERTO PEREZ,vacunaciones en ninos de 12 a 23 meses,l 18.1       srp dosis unica,2012-09-01,2,3,2,3,5
PUERTO QUIJARRO,vacunaciones en ninos de 12 a 23 meses,l 18.1       srp dosis unica,2012-09-01,18,23,18,23,41
PUERTO RICO,vacunaciones en ninos de 12 a 23 meses,l 18.1       srp dosis unica,2012-09-01,11,4,11,4,15
PUERTO SILES,vacunaciones en ninos de 12 a 23 meses,l 18.1       srp dosis unica,2012-09-01,3,0,3,0,3
PUERTO SUAREZ,vacunaciones en ninos de 12 a 23 meses,l 18.1       srp dosis unica,2012-09-01,24,1,24,1,25
PUERTO VILLARROEL,vacunaciones en ninos de 12 a 23 meses,l 18.1       srp dosis unica,2012-09-01,125,54,125,54,179
PUNA,vacunaciones en ninos de 12 a 23 meses,l 18.1       srp dosis unica,2012-09-01,14,22,14,22,36
PUNATA,vacunaciones en ninos de 12 a 23 meses,l 18.1       srp dosis unica,2012-09-01,33,19,33,19,52
QUIABAYA,vacunaciones en ninos de 12 a 23 meses,l 18.1       srp dosis unica,2012-09-01,1,1,1,1,2
QUILLACOLLO,vacunaciones en ninos de 12 a 23 meses,l 18.1       srp dosis unica,2012-09-01,188,72,188,72,260
QUIME,vacunaciones en ninos de 12 a 23 meses,l 18.1       srp dosis unica,2012-09-01,2,11,2,11,13
QUIRUSILLAS,vacunaciones en ninos de 12 a 23 meses,l 18.1       srp dosis unica,2012-09-01,3,0,3,0,3
RAVELO,vacunaciones en ninos de 12 a 23 meses,l 18.1       srp dosis unica,2012-09-01,10,28,10,28,38
REYES,vacunaciones en ninos de 12 a 23 meses,l 18.1       srp dosis unica,2012-09-01,18,60,18,60,78
RIBERALTA,vacunaciones en ninos de 12 a 23 meses,l 18.1       srp dosis unica,2012-09-01,120,132,120,132,252
ROBORE,vacunaciones en ninos de 12 a 23 meses,l 18.1       srp dosis unica,2012-09-01,17,2,17,2,19
RURRENABAQUE,vacunaciones en ninos de 12 a 23 meses,l 18.1       srp dosis unica,2012-09-01,22,7,22,7,29
SABAYA,vacunaciones en ninos de 12 a 23 meses,l 18.1       srp dosis unica,2012-09-01,5,3,5,3,8
SACABA,vacunaciones en ninos de 12 a 23 meses,l 18.1       srp dosis unica,2012-09-01,203,85,203,85,288
SACABAMBA,vacunaciones en ninos de 12 a 23 meses,l 18.1       srp dosis unica,2012-09-01,6,6,6,6,12
SACACA,vacunaciones en ninos de 12 a 23 meses,l 18.1       srp dosis unica,2012-09-01,14,30,14,30,44
SAIPINA,vacunaciones en ninos de 12 a 23 meses,l 18.1       srp dosis unica,2012-09-01,2,10,2,10,12
SALINAS DE GARCI MENDOZA,vacunaciones en ninos de 12 a 23 meses,l 18.1       srp dosis unica,2012-09-01,9,23,9,23,32
SAMAIPATA,vacunaciones en ninos de 12 a 23 meses,l 18.1       srp dosis unica,2012-09-01,2,11,2,11,13
SAN AGUSTIN,vacunaciones en ninos de 12 a 23 meses,l 18.1       srp dosis unica,2012-09-01,3,4,3,4,7
SAN ANDRES,vacunaciones en ninos de 12 a 23 meses,l 18.1       srp dosis unica,2012-09-01,8,19,8,19,27
SAN ANDRES DE MACHACA,vacunaciones en ninos de 12 a 23 meses,l 18.1       srp dosis unica,2012-09-01,3,0,3,0,3
SAN ANTONIO DE ESMORUCO,vacunaciones en ninos de 12 a 23 meses,l 18.1       srp dosis unica,2012-09-01,1,0,1,0,1
SAN ANTONIO DE LOMERIO,vacunaciones en ninos de 12 a 23 meses,l 18.1       srp dosis unica,2012-09-01,4,8,4,8,12
SAN BENITO,vacunaciones en ninos de 12 a 23 meses,l 18.1       srp dosis unica,2012-09-01,7,7,7,7,14
SAN BORJA,vacunaciones en ninos de 12 a 23 meses,l 18.1       srp dosis unica,2012-09-01,89,90,89,90,179
SAN BUENA VENTURA,vacunaciones en ninos de 12 a 23 meses,l 18.1       srp dosis unica,2012-09-01,15,0,15,0,15
SAN CARLOS,vacunaciones en ninos de 12 a 23 meses,l 18.1       srp dosis unica,2012-09-01,22,10,22,10,32
SAN IGNACIO,vacunaciones en ninos de 12 a 23 meses,l 18.1       srp dosis unica,2012-09-01,44,37,44,37,81
SAN IGNACIO DE VELASCO,vacunaciones en ninos de 12 a 23 meses,l 18.1       srp dosis unica,2012-09-01,75,22,75,22,97
SAN JAVIER(BNI),vacunaciones en ninos de 12 a 23 meses,l 18.1       srp dosis unica,2012-09-01,0,1,0,1,1
SAN JAVIER(STC),vacunaciones en ninos de 12 a 23 meses,l 18.1       srp dosis unica,2012-09-01,19,1,19,1,20
SAN JOAQUIN,vacunaciones en ninos de 12 a 23 meses,l 18.1       srp dosis unica,2012-09-01,6,16,6,16,22
SAN JOSE DE CHIQUITOS,vacunaciones en ninos de 12 a 23 meses,l 18.1       srp dosis unica,2012-09-01,17,14,17,14,31
SAN JUAN DE YAPACANI,vacunaciones en ninos de 12 a 23 meses,l 18.1       srp dosis unica,2012-09-01,9,10,9,10,19
SAN JULIAN,vacunaciones en ninos de 12 a 23 meses,l 18.1       srp dosis unica,2012-09-01,48,37,48,37,85
SAN LORENZO(PND),vacunaciones en ninos de 12 a 23 meses,l 18.1       srp dosis unica,2012-09-01,5,0,5,0,5
SAN LORENZO(TJA),vacunaciones en ninos de 12 a 23 meses,l 18.1       srp dosis unica,2012-09-01,22,8,22,8,30
SAN LUCAS,vacunaciones en ninos de 12 a 23 meses,l 18.1       srp dosis unica,2012-09-01,30,33,30,33,63
SAN MATIAS,vacunaciones en ninos de 12 a 23 meses,l 18.1       srp dosis unica,2012-09-01,17,8,17,8,25
SAN MIGUEL DE VELASCO,vacunaciones en ninos de 12 a 23 meses,l 18.1       srp dosis unica,2012-09-01,3,9,3,9,12
SAN PABLO DE LIPEZ,vacunaciones en ninos de 12 a 23 meses,l 18.1       srp dosis unica,2012-09-01,4,2,4,2,6
SAN PEDRO,vacunaciones en ninos de 12 a 23 meses,l 18.1       srp dosis unica,2012-09-01,19,9,19,9,28
SAN PEDRO DE BUENA VISTA,vacunaciones en ninos de 12 a 23 meses,l 18.1       srp dosis unica,2012-09-01,51,75,51,75,126
SAN PEDRO DE CURAHUARA,vacunaciones en ninos de 12 a 23 meses,l 18.1       srp dosis unica,2012-09-01,5,9,5,9,14
SAN PEDRO DE QUEMES,vacunaciones en ninos de 12 a 23 meses,l 18.1       srp dosis unica,2012-09-01,1,0,1,0,1
SAN PEDRO DE TIQUINA,vacunaciones en ninos de 12 a 23 meses,l 18.1       srp dosis unica,2012-09-01,3,2,3,2,5
SAN PEDRO(PND),vacunaciones en ninos de 12 a 23 meses,l 18.1       srp dosis unica,2012-09-01,2,3,2,3,5
SAN RAFAEL,vacunaciones en ninos de 12 a 23 meses,l 18.1       srp dosis unica,2012-09-01,7,9,7,9,16
SAN RAMON BENI,vacunaciones en ninos de 12 a 23 meses,l 18.1       srp dosis unica,2012-09-01,2,12,2,12,14
SAN RAMON SCZ,vacunaciones en ninos de 12 a 23 meses,l 18.1       srp dosis unica,2012-09-01,9,0,9,0,9
SANTA ANA,vacunaciones en ninos de 12 a 23 meses,l 18.1       srp dosis unica,2012-09-01,31,2,31,2,33
SANTA CRUZ DE LA SIERRA,vacunaciones en ninos de 12 a 23 meses,l 18.1       srp dosis unica,2012-09-01,1821,162,1821,162,1983
SANTA ROSA,vacunaciones en ninos de 12 a 23 meses,l 18.1       srp dosis unica,2012-09-01,2,3,2,3,5
SANTA ROSA DEL SARA,vacunaciones en ninos de 12 a 23 meses,l 18.1       srp dosis unica,2012-09-01,27,16,27,16,43
SANTIAGO DE CALLAPA,vacunaciones en ninos de 12 a 23 meses,l 18.1       srp dosis unica,2012-09-01,0,1,0,1,1
SANTIAGO DE HUARI,vacunaciones en ninos de 12 a 23 meses,l 18.1       srp dosis unica,2012-09-01,6,12,6,12,18
SANTIAGO DE HUATA,vacunaciones en ninos de 12 a 23 meses,l 18.1       srp dosis unica,2012-09-01,1,10,1,10,11
SANTIAGO DE MACHACA,vacunaciones en ninos de 12 a 23 meses,l 18.1       srp dosis unica,2012-09-01,4,0,4,0,4
SANTIVAÑES,vacunaciones en ninos de 12 a 23 meses,l 18.1       srp dosis unica,2012-09-01,3,9,3,9,12
SANTUARIO DE QUILLACAS,vacunaciones en ninos de 12 a 23 meses,l 18.1       srp dosis unica,2012-09-01,2,4,2,4,6
SAPAHAQUI,vacunaciones en ninos de 12 a 23 meses,l 18.1       srp dosis unica,2012-09-01,2,12,2,12,14
SENA,vacunaciones en ninos de 12 a 23 meses,l 18.1       srp dosis unica,2012-09-01,3,15,3,15,18
SHINAOTA,vacunaciones en ninos de 12 a 23 meses,l 18.1       srp dosis unica,2012-09-01,41,3,41,3,44
SICA SICA (VILLA AROMA),vacunaciones en ninos de 12 a 23 meses,l 18.1       srp dosis unica,2012-09-01,21,21,21,21,42
SICAYA,vacunaciones en ninos de 12 a 23 meses,l 18.1       srp dosis unica,2012-09-01,0,8,0,8,8
SIPE SIPE,vacunaciones en ninos de 12 a 23 meses,l 18.1       srp dosis unica,2012-09-01,78,39,78,39,117
SOPACHUY,vacunaciones en ninos de 12 a 23 meses,l 18.1       srp dosis unica,2012-09-01,1,8,1,8,9
SORACACHI,vacunaciones en ninos de 12 a 23 meses,l 18.1       srp dosis unica,2012-09-01,10,11,10,11,21
SORATA,vacunaciones en ninos de 12 a 23 meses,l 18.1       srp dosis unica,2012-09-01,18,15,18,15,33
SUCRE,vacunaciones en ninos de 12 a 23 meses,l 18.1       srp dosis unica,2012-09-01,472,62,472,62,534
TACACHI,vacunaciones en ninos de 12 a 23 meses,l 18.1       srp dosis unica,2012-09-01,0,2,0,2,2
TACACOMA,vacunaciones en ninos de 12 a 23 meses,l 18.1       srp dosis unica,2012-09-01,9,4,9,4,13
TACOBAMBA,vacunaciones en ninos de 12 a 23 meses,l 18.1       srp dosis unica,2012-09-01,8,15,8,15,23
TACOPAYA,vacunaciones en ninos de 12 a 23 meses,l 18.1       srp dosis unica,2012-09-01,7,6,7,6,13
TAHUA,vacunaciones en ninos de 12 a 23 meses,l 18.1       srp dosis unica,2012-09-01,4,0,4,0,4
TAPACARI,vacunaciones en ninos de 12 a 23 meses,l 18.1       srp dosis unica,2012-09-01,24,33,24,33,57
TARABUCO,vacunaciones en ninos de 12 a 23 meses,l 18.1       srp dosis unica,2012-09-01,17,18,17,18,35
TARACO,vacunaciones en ninos de 12 a 23 meses,l 18.1       srp dosis unica,2012-09-01,2,4,2,4,6
TARATA,vacunaciones en ninos de 12 a 23 meses,l 18.1       srp dosis unica,2012-09-01,6,10,6,10,16
TARIJA,vacunaciones en ninos de 12 a 23 meses,l 18.1       srp dosis unica,2012-09-01,267,21,267,21,288
TARVITA,vacunaciones en ninos de 12 a 23 meses,l 18.1       srp dosis unica,2012-09-01,19,10,19,10,29
TEOPONTE,vacunaciones en ninos de 12 a 23 meses,l 18.1       srp dosis unica,2012-09-01,6,13,6,13,19
TIAWANACU,vacunaciones en ninos de 12 a 23 meses,l 18.1       srp dosis unica,2012-09-01,9,8,9,8,17
TINGUIPAYA,vacunaciones en ninos de 12 a 23 meses,l 18.1       srp dosis unica,2012-09-01,34,30,34,30,64
TIPUANI,vacunaciones en ninos de 12 a 23 meses,l 18.1       srp dosis unica,2012-09-01,11,10,11,10,21
TIQUIPAYA,vacunaciones en ninos de 12 a 23 meses,l 18.1       srp dosis unica,2012-09-01,65,32,65,32,97
TIRAQUE (CBBA),vacunaciones en ninos de 12 a 23 meses,l 18.1       srp dosis unica,2012-09-01,9,22,9,22,31
TITO YUPANQUI (PARQUIPUJIO),vacunaciones en ninos de 12 a 23 meses,l 18.1       srp dosis unica,2012-09-01,1,1,1,1,2
TOCO,vacunaciones en ninos de 12 a 23 meses,l 18.1       srp dosis unica,2012-09-01,1,12,1,12,13
TOLATA,vacunaciones en ninos de 12 a 23 meses,l 18.1       srp dosis unica,2012-09-01,10,5,10,5,15
TOLEDO,vacunaciones en ninos de 12 a 23 meses,l 18.1       srp dosis unica,2012-09-01,5,2,5,2,7
TOMAVE,vacunaciones en ninos de 12 a 23 meses,l 18.1       srp dosis unica,2012-09-01,3,23,3,23,26
TOMINA,vacunaciones en ninos de 12 a 23 meses,l 18.1       srp dosis unica,2012-09-01,5,10,5,10,15
TORO TORO,vacunaciones en ninos de 12 a 23 meses,l 18.1       srp dosis unica,2012-09-01,11,22,11,22,33
TOTORA(CBBA),vacunaciones en ninos de 12 a 23 meses,l 18.1       srp dosis unica,2012-09-01,21,26,21,26,47
TOTORA(ORR),vacunaciones en ninos de 12 a 23 meses,l 18.1       srp dosis unica,2012-09-01,10,7,10,7,17
TRIGAL,vacunaciones en ninos de 12 a 23 meses,l 18.1       srp dosis unica,2012-09-01,1,0,1,0,1
TRINIDAD,vacunaciones en ninos de 12 a 23 meses,l 18.1       srp dosis unica,2012-09-01,138,41,138,41,179
TUPIZA,vacunaciones en ninos de 12 a 23 meses,l 18.1       srp dosis unica,2012-09-01,70,10,70,10,80
TURCO,vacunaciones en ninos de 12 a 23 meses,l 18.1       srp dosis unica,2012-09-01,5,1,5,1,6
UMALA,vacunaciones en ninos de 12 a 23 meses,l 18.1       srp dosis unica,2012-09-01,1,7,1,7,8
UNCIA,vacunaciones en ninos de 12 a 23 meses,l 18.1       srp dosis unica,2012-09-01,25,8,25,8,33
URIONDO (A. CONCEPCION),vacunaciones en ninos de 12 a 23 meses,l 18.1       srp dosis unica,2012-09-01,14,14,14,14,28
URUBICHA,vacunaciones en ninos de 12 a 23 meses,l 18.1       srp dosis unica,2012-09-01,14,6,14,6,20
UYUNI,vacunaciones en ninos de 12 a 23 meses,l 18.1       srp dosis unica,2012-09-01,26,9,26,9,35
VACAS,vacunaciones en ninos de 12 a 23 meses,l 18.1       srp dosis unica,2012-09-01,0,13,0,13,13
VALLEGRANDE,vacunaciones en ninos de 12 a 23 meses,l 18.1       srp dosis unica,2012-09-01,17,1,17,1,18
VIACHA,vacunaciones en ninos de 12 a 23 meses,l 18.1       srp dosis unica,2012-09-01,91,48,91,48,139
VILA VILA,vacunaciones en ninos de 12 a 23 meses,l 18.1       srp dosis unica,2012-09-01,2,4,2,4,6
VILLA CHARCAS,vacunaciones en ninos de 12 a 23 meses,l 18.1       srp dosis unica,2012-09-01,16,7,16,7,23
VILLA MONTES,vacunaciones en ninos de 12 a 23 meses,l 18.1       srp dosis unica,2012-09-01,58,40,58,40,98
VILLA NUEVA (LOMA ALTA),vacunaciones en ninos de 12 a 23 meses,l 18.1       srp dosis unica,2012-09-01,0,6,0,6,6
VILLA RIVERO,vacunaciones en ninos de 12 a 23 meses,l 18.1       srp dosis unica,2012-09-01,6,12,6,12,18
VILLA SERRANO,vacunaciones en ninos de 12 a 23 meses,l 18.1       srp dosis unica,2012-09-01,3,14,3,14,17
VILLA TUNARI,vacunaciones en ninos de 12 a 23 meses,l 18.1       srp dosis unica,2012-09-01,128,29,128,29,157
VILLA VACA GUZMAN (MUYUPAMPA),vacunaciones en ninos de 12 a 23 meses,l 18.1       srp dosis unica,2012-09-01,23,8,23,8,31
VILLAZON,vacunaciones en ninos de 12 a 23 meses,l 18.1       srp dosis unica,2012-09-01,63,16,63,16,79
VINTO,vacunaciones en ninos de 12 a 23 meses,l 18.1       srp dosis unica,2012-09-01,183,7,183,7,190
VITICHI,vacunaciones en ninos de 12 a 23 meses,l 18.1       srp dosis unica,2012-09-01,7,11,7,11,18
WALDO BALLIVIAN,vacunaciones en ninos de 12 a 23 meses,l 18.1       srp dosis unica,2012-09-01,3,0,3,0,3
WARNES,vacunaciones en ninos de 12 a 23 meses,l 18.1       srp dosis unica,2012-09-01,128,32,128,32,160
YACO,vacunaciones en ninos de 12 a 23 meses,l 18.1       srp dosis unica,2012-09-01,5,10,5,10,15
YACUIBA,vacunaciones en ninos de 12 a 23 meses,l 18.1       srp dosis unica,2012-09-01,113,59,113,59,172
YAMPARAEZ,vacunaciones en ninos de 12 a 23 meses,l 18.1       srp dosis unica,2012-09-01,9,2,9,2,11
YAPACANI,vacunaciones en ninos de 12 a 23 meses,l 18.1       srp dosis unica,2012-09-01,71,40,71,40,111
YOCALLA,vacunaciones en ninos de 12 a 23 meses,l 18.1       srp dosis unica,2012-09-01,7,5,7,5,12
YOTALA,vacunaciones en ninos de 12 a 23 meses,l 18.1       srp dosis unica,2012-09-01,0,8,0,8,8
YUNCHARA,vacunaciones en ninos de 12 a 23 meses,l 18.1       srp dosis unica,2012-09-01,0,4,0,4,4
ZUDAÑEZ,vacunaciones en ninos de 12 a 23 meses,l 18.1       srp dosis unica,2012-09-01,0,1,0,1,1
ACACIO,vacunaciones en ninos de 12 a 23 meses,l 18.1       srp dosis unica,2012-10-01,4,11,4,11,15
ACHACACHI,vacunaciones en ninos de 12 a 23 meses,l 18.1       srp dosis unica,2012-10-01,43,44,43,44,87
ACHOCALLA,vacunaciones en ninos de 12 a 23 meses,l 18.1       srp dosis unica,2012-10-01,17,6,17,6,23
AIQUILE,vacunaciones en ninos de 12 a 23 meses,l 18.1       srp dosis unica,2012-10-01,22,18,22,18,40
ALALAY,vacunaciones en ninos de 12 a 23 meses,l 18.1       srp dosis unica,2012-10-01,0,2,0,2,2
ALCALA,vacunaciones en ninos de 12 a 23 meses,l 18.1       srp dosis unica,2012-10-01,0,4,0,4,4
ALTO BENI,vacunaciones en ninos de 12 a 23 meses,l 18.1       srp dosis unica,2012-10-01,17,4,17,4,21
ANCORAIMES,vacunaciones en ninos de 12 a 23 meses,l 18.1       srp dosis unica,2012-10-01,13,6,13,6,19
ANDAMARCA,vacunaciones en ninos de 12 a 23 meses,l 18.1       srp dosis unica,2012-10-01,4,4,4,4,8
ANTEQUERA,vacunaciones en ninos de 12 a 23 meses,l 18.1       srp dosis unica,2012-10-01,1,4,1,4,5
ANZALDO,vacunaciones en ninos de 12 a 23 meses,l 18.1       srp dosis unica,2012-10-01,10,6,10,6,16
APOLO,vacunaciones en ninos de 12 a 23 meses,l 18.1       srp dosis unica,2012-10-01,22,18,22,18,40
ARAMPAMPA,vacunaciones en ninos de 12 a 23 meses,l 18.1       srp dosis unica,2012-10-01,4,8,4,8,12
ARANI,vacunaciones en ninos de 12 a 23 meses,l 18.1       srp dosis unica,2012-10-01,18,4,18,4,22
ARBIETO,vacunaciones en ninos de 12 a 23 meses,l 18.1       srp dosis unica,2012-10-01,23,10,23,10,33
ARQUE,vacunaciones en ninos de 12 a 23 meses,l 18.1       srp dosis unica,2012-10-01,13,20,13,20,33
ASCENCION DE GUARAYOS,vacunaciones en ninos de 12 a 23 meses,l 18.1       srp dosis unica,2012-10-01,69,3,69,3,72
ATOCHA,vacunaciones en ninos de 12 a 23 meses,l 18.1       srp dosis unica,2012-10-01,16,13,16,13,29
AUCAPATA,vacunaciones en ninos de 12 a 23 meses,l 18.1       srp dosis unica,2012-10-01,3,9,3,9,12
AYATA,vacunaciones en ninos de 12 a 23 meses,l 18.1       srp dosis unica,2012-10-01,4,14,4,14,18
AYO AYO,vacunaciones en ninos de 12 a 23 meses,l 18.1       srp dosis unica,2012-10-01,12,6,12,6,18
AYOPAYA (V. DE INDEPENDENCIA),vacunaciones en ninos de 12 a 23 meses,l 18.1       srp dosis unica,2012-10-01,29,21,29,21,50
AZURDUY,vacunaciones en ninos de 12 a 23 meses,l 18.1       srp dosis unica,2012-10-01,13,9,13,9,22
BATALLAS,vacunaciones en ninos de 12 a 23 meses,l 18.1       srp dosis unica,2012-10-01,20,28,20,28,48
BAURES,vacunaciones en ninos de 12 a 23 meses,l 18.1       srp dosis unica,2012-10-01,10,0,10,0,10
BELEN DE ANDAMARCA,vacunaciones en ninos de 12 a 23 meses,l 18.1       srp dosis unica,2012-10-01,1,1,1,1,2
BELEN DE URMIRI,vacunaciones en ninos de 12 a 23 meses,l 18.1       srp dosis unica,2012-10-01,0,2,0,2,2
BELLA FLOR,vacunaciones en ninos de 12 a 23 meses,l 18.1       srp dosis unica,2012-10-01,0,6,0,6,6
BERMEJO,vacunaciones en ninos de 12 a 23 meses,l 18.1       srp dosis unica,2012-10-01,27,39,27,39,66
BETANZOS,vacunaciones en ninos de 12 a 23 meses,l 18.1       srp dosis unica,2012-10-01,19,26,19,26,45
BOLIVAR,vacunaciones en ninos de 12 a 23 meses,l 18.1       srp dosis unica,2012-10-01,0,11,0,11,11
BOLPEBRA,vacunaciones en ninos de 12 a 23 meses,l 18.1       srp dosis unica,2012-10-01,0,4,0,4,4
BOYUIBE,vacunaciones en ninos de 12 a 23 meses,l 18.1       srp dosis unica,2012-10-01,3,7,3,7,10
BUENA VISTA,vacunaciones en ninos de 12 a 23 meses,l 18.1       srp dosis unica,2012-10-01,13,14,13,14,27
CABEZAS,vacunaciones en ninos de 12 a 23 meses,l 18.1       srp dosis unica,2012-10-01,18,18,18,18,36
CAIROMA,vacunaciones en ninos de 12 a 23 meses,l 18.1       srp dosis unica,2012-10-01,9,11,9,11,20
"CAIZA ""D""",vacunaciones en ninos de 12 a 23 meses,l 18.1       srp dosis unica,2012-10-01,5,8,5,8,13
CAJUATA,vacunaciones en ninos de 12 a 23 meses,l 18.1       srp dosis unica,2012-10-01,13,2,13,2,15
CALACOTO,vacunaciones en ninos de 12 a 23 meses,l 18.1       srp dosis unica,2012-10-01,4,14,4,14,18
CALAMARCA,vacunaciones en ninos de 12 a 23 meses,l 18.1       srp dosis unica,2012-10-01,16,7,16,7,23
CAMARGO,vacunaciones en ninos de 12 a 23 meses,l 18.1       srp dosis unica,2012-10-01,22,12,22,12,34
CAMATAQUI (C. VILLA ABECIA),vacunaciones en ninos de 12 a 23 meses,l 18.1       srp dosis unica,2012-10-01,3,4,3,4,7
CAMIRI,vacunaciones en ninos de 12 a 23 meses,l 18.1       srp dosis unica,2012-10-01,42,10,42,10,52
CAPINOTA,vacunaciones en ninos de 12 a 23 meses,l 18.1       srp dosis unica,2012-10-01,30,18,30,18,48
CAQUIAVIRI,vacunaciones en ninos de 12 a 23 meses,l 18.1       srp dosis unica,2012-10-01,7,8,7,8,15
CARACOLLO,vacunaciones en ninos de 12 a 23 meses,l 18.1       srp dosis unica,2012-10-01,26,13,26,13,39
CARANAVI,vacunaciones en ninos de 12 a 23 meses,l 18.1       srp dosis unica,2012-10-01,88,82,88,82,170
CARAPARI,vacunaciones en ninos de 12 a 23 meses,l 18.1       srp dosis unica,2012-10-01,1,3,1,3,4
CARIPUYO,vacunaciones en ninos de 12 a 23 meses,l 18.1       srp dosis unica,2012-10-01,0,23,0,23,23
CARMEN RIVERO TORREZ,vacunaciones en ninos de 12 a 23 meses,l 18.1       srp dosis unica,2012-10-01,1,5,1,5,6
CATACORA,vacunaciones en ninos de 12 a 23 meses,l 18.1       srp dosis unica,2012-10-01,0,1,0,1,1
CHACARILLA,vacunaciones en ninos de 12 a 23 meses,l 18.1       srp dosis unica,2012-10-01,0,2,0,2,2
CHALLAPATA,vacunaciones en ninos de 12 a 23 meses,l 18.1       srp dosis unica,2012-10-01,14,46,14,46,60
CHAQUI,vacunaciones en ninos de 12 a 23 meses,l 18.1       srp dosis unica,2012-10-01,9,5,9,5,14
CHARAGUA,vacunaciones en ninos de 12 a 23 meses,l 18.1       srp dosis unica,2012-10-01,13,89,13,89,102
CHARAÑA,vacunaciones en ninos de 12 a 23 meses,l 18.1       srp dosis unica,2012-10-01,0,3,0,3,3
CHAYANTA,vacunaciones en ninos de 12 a 23 meses,l 18.1       srp dosis unica,2012-10-01,10,35,10,35,45
CHIMORE,vacunaciones en ninos de 12 a 23 meses,l 18.1       srp dosis unica,2012-10-01,29,9,29,9,38
CHIPAYA,vacunaciones en ninos de 12 a 23 meses,l 18.1       srp dosis unica,2012-10-01,1,1,1,1,2
CHULUMANI (V. DE LA LIBERTAD),vacunaciones en ninos de 12 a 23 meses,l 18.1       srp dosis unica,2012-10-01,17,4,17,4,21
CHUMA,vacunaciones en ninos de 12 a 23 meses,l 18.1       srp dosis unica,2012-10-01,5,14,5,14,19
CHUQUIHUTA AYLLU JUCUMANI,vacunaciones en ninos de 12 a 23 meses,l 18.1       srp dosis unica,2012-10-01,10,14,10,14,24
CKOCHAS,vacunaciones en ninos de 12 a 23 meses,l 18.1       srp dosis unica,2012-10-01,17,15,17,15,32
CLIZA,vacunaciones en ninos de 12 a 23 meses,l 18.1       srp dosis unica,2012-10-01,27,9,27,9,36
COBIJA,vacunaciones en ninos de 12 a 23 meses,l 18.1       srp dosis unica,2012-10-01,53,40,53,40,93
COCAPATA,vacunaciones en ninos de 12 a 23 meses,l 18.1       srp dosis unica,2012-10-01,17,56,17,56,73
COCHABAMBA,vacunaciones en ninos de 12 a 23 meses,l 18.1       srp dosis unica,2012-10-01,1352,77,1352,77,1429
COLCAPIRHUA,vacunaciones en ninos de 12 a 23 meses,l 18.1       srp dosis unica,2012-10-01,88,18,88,18,106
"COLCHA ""K""",vacunaciones en ninos de 12 a 23 meses,l 18.1       srp dosis unica,2012-10-01,17,8,17,8,25
COLOMI,vacunaciones en ninos de 12 a 23 meses,l 18.1       srp dosis unica,2012-10-01,31,18,31,18,49
COLPA BELGICA,vacunaciones en ninos de 12 a 23 meses,l 18.1       srp dosis unica,2012-10-01,12,18,12,18,30
COLQUECHACA,vacunaciones en ninos de 12 a 23 meses,l 18.1       srp dosis unica,2012-10-01,32,37,32,37,69
COLQUENCHA,vacunaciones en ninos de 12 a 23 meses,l 18.1       srp dosis unica,2012-10-01,5,9,5,9,14
COLQUIRI,vacunaciones en ninos de 12 a 23 meses,l 18.1       srp dosis unica,2012-10-01,16,46,16,46,62
COMARAPA,vacunaciones en ninos de 12 a 23 meses,l 18.1       srp dosis unica,2012-10-01,16,9,16,9,25
COMBAYA,vacunaciones en ninos de 12 a 23 meses,l 18.1       srp dosis unica,2012-10-01,0,5,0,5,5
CONCEPCION,vacunaciones en ninos de 12 a 23 meses,l 18.1       srp dosis unica,2012-10-01,26,14,26,14,40
COPACABANA,vacunaciones en ninos de 12 a 23 meses,l 18.1       srp dosis unica,2012-10-01,13,17,13,17,30
CORIPATA,vacunaciones en ninos de 12 a 23 meses,l 18.1       srp dosis unica,2012-10-01,26,0,26,0,26
CORO CORO,vacunaciones en ninos de 12 a 23 meses,l 18.1       srp dosis unica,2012-10-01,4,5,4,5,9
COROICO,vacunaciones en ninos de 12 a 23 meses,l 18.1       srp dosis unica,2012-10-01,18,2,18,2,20
CORQUE,vacunaciones en ninos de 12 a 23 meses,l 18.1       srp dosis unica,2012-10-01,2,4,2,4,6
COTAGAITA,vacunaciones en ninos de 12 a 23 meses,l 18.1       srp dosis unica,2012-10-01,17,28,17,28,45
COTOCA,vacunaciones en ninos de 12 a 23 meses,l 18.1       srp dosis unica,2012-10-01,112,35,112,35,147
CUATRO CAÑADAS,vacunaciones en ninos de 12 a 23 meses,l 18.1       srp dosis unica,2012-10-01,25,35,25,35,60
CUCHUMUELA (V. G. VILLARROEL),vacunaciones en ninos de 12 a 23 meses,l 18.1       srp dosis unica,2012-10-01,3,2,3,2,5
CUEVO,vacunaciones en ninos de 12 a 23 meses,l 18.1       srp dosis unica,2012-10-01,1,2,1,2,3
CULPINA,vacunaciones en ninos de 12 a 23 meses,l 18.1       srp dosis unica,2012-10-01,25,36,25,36,61
CURAHUARA DE CARANGAS,vacunaciones en ninos de 12 a 23 meses,l 18.1       srp dosis unica,2012-10-01,3,0,3,0,3
CURVA,vacunaciones en ninos de 12 a 23 meses,l 18.1       srp dosis unica,2012-10-01,0,5,0,5,5
DESAGUADERO,vacunaciones en ninos de 12 a 23 meses,l 18.1       srp dosis unica,2012-10-01,7,4,7,4,11
EL ALTO,vacunaciones en ninos de 12 a 23 meses,l 18.1       srp dosis unica,2012-10-01,1484,1178,1484,1178,2662
EL CHORO,vacunaciones en ninos de 12 a 23 meses,l 18.1       srp dosis unica,2012-10-01,8,8,8,8,16
EL PUENTE(STC),vacunaciones en ninos de 12 a 23 meses,l 18.1       srp dosis unica,2012-10-01,11,4,11,4,15
EL PUENTE(TJA),vacunaciones en ninos de 12 a 23 meses,l 18.1       srp dosis unica,2012-10-01,10,2,10,2,12
EL TORNO,vacunaciones en ninos de 12 a 23 meses,l 18.1       srp dosis unica,2012-10-01,96,4,96,4,100
EL VILLAR,vacunaciones en ninos de 12 a 23 meses,l 18.1       srp dosis unica,2012-10-01,3,3,3,3,6
ENTRE RIOS TRJ,vacunaciones en ninos de 12 a 23 meses,l 18.1       srp dosis unica,2012-10-01,29,13,29,13,42
ENTRE RIOS CBBA,vacunaciones en ninos de 12 a 23 meses,l 18.1       srp dosis unica,2012-10-01,69,21,69,21,90
ESCOMA,vacunaciones en ninos de 12 a 23 meses,l 18.1       srp dosis unica,2012-10-01,3,4,3,4,7
EUCALIPTUS,vacunaciones en ninos de 12 a 23 meses,l 18.1       srp dosis unica,2012-10-01,3,1,3,1,4
EUREKA (SANTOS MERCADO),vacunaciones en ninos de 12 a 23 meses,l 18.1       srp dosis unica,2012-10-01,1,4,1,4,5
EXALTACION,vacunaciones en ninos de 12 a 23 meses,l 18.1       srp dosis unica,2012-10-01,5,2,5,2,7
FERNANDEZ ALONSO,vacunaciones en ninos de 12 a 23 meses,l 18.1       srp dosis unica,2012-10-01,6,18,6,18,24
FILADELFIA,vacunaciones en ninos de 12 a 23 meses,l 18.1       srp dosis unica,2012-10-01,1,2,1,2,3
GENERAL SAAVEDRA,vacunaciones en ninos de 12 a 23 meses,l 18.1       srp dosis unica,2012-10-01,19,40,19,40,59
GRAL. J.J. PEREZ (CHARAZANI),vacunaciones en ninos de 12 a 23 meses,l 18.1       srp dosis unica,2012-10-01,8,15,8,15,23
GUANAY,vacunaciones en ninos de 12 a 23 meses,l 18.1       srp dosis unica,2012-10-01,18,14,18,14,32
GUAQUI,vacunaciones en ninos de 12 a 23 meses,l 18.1       srp dosis unica,2012-10-01,0,18,0,18,18
GUAYARAMERIN,vacunaciones en ninos de 12 a 23 meses,l 18.1       srp dosis unica,2012-10-01,122,27,122,27,149
GUTIERREZ,vacunaciones en ninos de 12 a 23 meses,l 18.1       srp dosis unica,2012-10-01,14,19,14,19,33
HUACARETA,vacunaciones en ninos de 12 a 23 meses,l 18.1       srp dosis unica,2012-10-01,13,17,13,17,30
HUACHACALLA,vacunaciones en ninos de 12 a 23 meses,l 18.1       srp dosis unica,2012-10-01,1,0,1,0,1
HUANUNI,vacunaciones en ninos de 12 a 23 meses,l 18.1       srp dosis unica,2012-10-01,44,24,44,24,68
HUARACAJE,vacunaciones en ninos de 12 a 23 meses,l 18.1       srp dosis unica,2012-10-01,4,10,4,10,14
HUARINA,vacunaciones en ninos de 12 a 23 meses,l 18.1       srp dosis unica,2012-10-01,3,1,3,1,4
HUAYLLAMARCA,vacunaciones en ninos de 12 a 23 meses,l 18.1       srp dosis unica,2012-10-01,2,1,2,1,3
HUMANATA,vacunaciones en ninos de 12 a 23 meses,l 18.1       srp dosis unica,2012-10-01,2,2,2,2,4
ICHOCA,vacunaciones en ninos de 12 a 23 meses,l 18.1       srp dosis unica,2012-10-01,0,7,0,7,7
ICLA,vacunaciones en ninos de 12 a 23 meses,l 18.1       srp dosis unica,2012-10-01,5,7,5,7,12
INCAHUASI,vacunaciones en ninos de 12 a 23 meses,l 18.1       srp dosis unica,2012-10-01,12,20,12,20,32
INQUISIVI,vacunaciones en ninos de 12 a 23 meses,l 18.1       srp dosis unica,2012-10-01,3,19,3,19,22
IRUPANA (VILLA DE LANZA),vacunaciones en ninos de 12 a 23 meses,l 18.1       srp dosis unica,2012-10-01,7,2,7,2,9
IXIAMAS,vacunaciones en ninos de 12 a 23 meses,l 18.1       srp dosis unica,2012-10-01,11,0,11,0,11
JESUS DE MACHACA,vacunaciones en ninos de 12 a 23 meses,l 18.1       srp dosis unica,2012-10-01,4,6,4,6,10
LA ASUNTA,vacunaciones en ninos de 12 a 23 meses,l 18.1       srp dosis unica,2012-10-01,37,7,37,7,44
LA GUARDIA,vacunaciones en ninos de 12 a 23 meses,l 18.1       srp dosis unica,2012-10-01,141,22,141,22,163
LA PAZ,vacunaciones en ninos de 12 a 23 meses,l 18.1       srp dosis unica,2012-10-01,1123,124,1123,124,1247
LAGUNILLAS,vacunaciones en ninos de 12 a 23 meses,l 18.1       srp dosis unica,2012-10-01,1,7,1,7,8
LAJA,vacunaciones en ninos de 12 a 23 meses,l 18.1       srp dosis unica,2012-10-01,18,15,18,15,33
LAS CARRERAS,vacunaciones en ninos de 12 a 23 meses,l 18.1       srp dosis unica,2012-10-01,2,0,2,0,2
LICOMA PAMPA,vacunaciones en ninos de 12 a 23 meses,l 18.1       srp dosis unica,2012-10-01,1,0,1,0,1
LLALLAGUA,vacunaciones en ninos de 12 a 23 meses,l 18.1       srp dosis unica,2012-10-01,32,31,32,31,63
LLICA,vacunaciones en ninos de 12 a 23 meses,l 18.1       srp dosis unica,2012-10-01,8,1,8,1,9
LORETO,vacunaciones en ninos de 12 a 23 meses,l 18.1       srp dosis unica,2012-10-01,7,56,7,56,63
LURIBAY,vacunaciones en ninos de 12 a 23 meses,l 18.1       srp dosis unica,2012-10-01,4,3,4,3,7
MACHACAMARCA,vacunaciones en ninos de 12 a 23 meses,l 18.1       srp dosis unica,2012-10-01,5,0,5,0,5
MACHARETI,vacunaciones en ninos de 12 a 23 meses,l 18.1       srp dosis unica,2012-10-01,16,3,16,3,19
MAGDALENA,vacunaciones en ninos de 12 a 23 meses,l 18.1       srp dosis unica,2012-10-01,16,15,16,15,31
MAIRANA,vacunaciones en ninos de 12 a 23 meses,l 18.1       srp dosis unica,2012-10-01,17,4,17,4,21
MALLA,vacunaciones en ninos de 12 a 23 meses,l 18.1       srp dosis unica,2012-10-01,0,3,0,3,3
MAPIRI,vacunaciones en ninos de 12 a 23 meses,l 18.1       srp dosis unica,2012-10-01,28,9,28,9,37
MECAPACA,vacunaciones en ninos de 12 a 23 meses,l 18.1       srp dosis unica,2012-10-01,10,12,10,12,22
MINEROS,vacunaciones en ninos de 12 a 23 meses,l 18.1       srp dosis unica,2012-10-01,23,16,23,16,39
MIZQUE,vacunaciones en ninos de 12 a 23 meses,l 18.1       srp dosis unica,2012-10-01,25,45,25,45,70
MOCOMOCO,vacunaciones en ninos de 12 a 23 meses,l 18.1       srp dosis unica,2012-10-01,14,13,14,13,27
MOJINETE,vacunaciones en ninos de 12 a 23 meses,l 18.1       srp dosis unica,2012-10-01,4,2,4,2,6
MOJOCOYA,vacunaciones en ninos de 12 a 23 meses,l 18.1       srp dosis unica,2012-10-01,4,2,4,2,6
MONTEAGUDO,vacunaciones en ninos de 12 a 23 meses,l 18.1       srp dosis unica,2012-10-01,29,9,29,9,38
MONTERO,vacunaciones en ninos de 12 a 23 meses,l 18.1       srp dosis unica,2012-10-01,236,21,236,21,257
MORO MORO,vacunaciones en ninos de 12 a 23 meses,l 18.1       srp dosis unica,2012-10-01,6,0,6,0,6
MOROCHATA,vacunaciones en ninos de 12 a 23 meses,l 18.1       srp dosis unica,2012-10-01,8,16,8,16,24
NACEBE (SANTA ROSA DEL ABUNA),vacunaciones en ninos de 12 a 23 meses,l 18.1       srp dosis unica,2012-10-01,0,4,0,4,4
NUEVO MANOA (NUEVA ESPERANZA),vacunaciones en ninos de 12 a 23 meses,l 18.1       srp dosis unica,2012-10-01,1,0,1,0,1
OCURI,vacunaciones en ninos de 12 a 23 meses,l 18.1       srp dosis unica,2012-10-01,10,28,10,28,38
OKINAWA,vacunaciones en ninos de 12 a 23 meses,l 18.1       srp dosis unica,2012-10-01,18,20,18,20,38
OMEREQUE,vacunaciones en ninos de 12 a 23 meses,l 18.1       srp dosis unica,2012-10-01,2,18,2,18,20
ORURO,vacunaciones en ninos de 12 a 23 meses,l 18.1       srp dosis unica,2012-10-01,551,109,551,109,660
PADCAYA,vacunaciones en ninos de 12 a 23 meses,l 18.1       srp dosis unica,2012-10-01,16,12,16,12,28
PADILLA,vacunaciones en ninos de 12 a 23 meses,l 18.1       srp dosis unica,2012-10-01,17,5,17,5,22
PAILON,vacunaciones en ninos de 12 a 23 meses,l 18.1       srp dosis unica,2012-10-01,28,72,28,72,100
PALCA,vacunaciones en ninos de 12 a 23 meses,l 18.1       srp dosis unica,2012-10-01,18,20,18,20,38
PALOS BLANCOS,vacunaciones en ninos de 12 a 23 meses,l 18.1       srp dosis unica,2012-10-01,41,14,41,14,55
PAMPA AULLAGAS,vacunaciones en ninos de 12 a 23 meses,l 18.1       srp dosis unica,2012-10-01,5,0,5,0,5
PAMPA GRANDE,vacunaciones en ninos de 12 a 23 meses,l 18.1       srp dosis unica,2012-10-01,11,4,11,4,15
PAPEL PAMPA,vacunaciones en ninos de 12 a 23 meses,l 18.1       srp dosis unica,2012-10-01,1,9,1,9,10
PASORAPA,vacunaciones en ninos de 12 a 23 meses,l 18.1       srp dosis unica,2012-10-01,1,1,1,1,2
PATACAMAYA,vacunaciones en ninos de 12 a 23 meses,l 18.1       srp dosis unica,2012-10-01,26,52,26,52,78
PAZÑA,vacunaciones en ninos de 12 a 23 meses,l 18.1       srp dosis unica,2012-10-01,5,4,5,4,9
PELECHUCO,vacunaciones en ninos de 12 a 23 meses,l 18.1       srp dosis unica,2012-10-01,10,10,10,10,20
POCOATA,vacunaciones en ninos de 12 a 23 meses,l 18.1       srp dosis unica,2012-10-01,14,33,14,33,47
POCONA,vacunaciones en ninos de 12 a 23 meses,l 18.1       srp dosis unica,2012-10-01,4,17,4,17,21
POJO (CBBA),vacunaciones en ninos de 12 a 23 meses,l 18.1       srp dosis unica,2012-10-01,15,15,15,15,30
POOPO,vacunaciones en ninos de 12 a 23 meses,l 18.1       srp dosis unica,2012-10-01,9,3,9,3,12
PORCO,vacunaciones en ninos de 12 a 23 meses,l 18.1       srp dosis unica,2012-10-01,13,6,13,6,19
POROMA,vacunaciones en ninos de 12 a 23 meses,l 18.1       srp dosis unica,2012-10-01,14,18,14,18,32
PORONGO,vacunaciones en ninos de 12 a 23 meses,l 18.1       srp dosis unica,2012-10-01,8,15,8,15,23
PORTACHUELO,vacunaciones en ninos de 12 a 23 meses,l 18.1       srp dosis unica,2012-10-01,33,1,33,1,34
PORVENIR,vacunaciones en ninos de 12 a 23 meses,l 18.1       srp dosis unica,2012-10-01,1,0,1,0,1
POSTRER VALLE,vacunaciones en ninos de 12 a 23 meses,l 18.1       srp dosis unica,2012-10-01,1,1,1,1,2
POTOSI,vacunaciones en ninos de 12 a 23 meses,l 18.1       srp dosis unica,2012-10-01,448,76,448,76,524
PRESTO,vacunaciones en ninos de 12 a 23 meses,l 18.1       srp dosis unica,2012-10-01,0,11,0,11,11
PUCARA,vacunaciones en ninos de 12 a 23 meses,l 18.1       srp dosis unica,2012-10-01,1,2,1,2,3
PUCARANI,vacunaciones en ninos de 12 a 23 meses,l 18.1       srp dosis unica,2012-10-01,18,37,18,37,55
PUERTO ACOSTA,vacunaciones en ninos de 12 a 23 meses,l 18.1       srp dosis unica,2012-10-01,2,18,2,18,20
PUERTO CARABUCO,vacunaciones en ninos de 12 a 23 meses,l 18.1       srp dosis unica,2012-10-01,5,19,5,19,24
PUERTO GONZALO MORENO,vacunaciones en ninos de 12 a 23 meses,l 18.1       srp dosis unica,2012-10-01,8,5,8,5,13
PUERTO PEREZ,vacunaciones en ninos de 12 a 23 meses,l 18.1       srp dosis unica,2012-10-01,2,6,2,6,8
PUERTO QUIJARRO,vacunaciones en ninos de 12 a 23 meses,l 18.1       srp dosis unica,2012-10-01,21,14,21,14,35
PUERTO RICO,vacunaciones en ninos de 12 a 23 meses,l 18.1       srp dosis unica,2012-10-01,6,3,6,3,9
PUERTO SILES,vacunaciones en ninos de 12 a 23 meses,l 18.1       srp dosis unica,2012-10-01,1,2,1,2,3
PUERTO SUAREZ,vacunaciones en ninos de 12 a 23 meses,l 18.1       srp dosis unica,2012-10-01,33,10,33,10,43
PUERTO VILLARROEL,vacunaciones en ninos de 12 a 23 meses,l 18.1       srp dosis unica,2012-10-01,66,16,66,16,82
PUNA,vacunaciones en ninos de 12 a 23 meses,l 18.1       srp dosis unica,2012-10-01,15,20,15,20,35
PUNATA,vacunaciones en ninos de 12 a 23 meses,l 18.1       srp dosis unica,2012-10-01,41,4,41,4,45
QUIABAYA,vacunaciones en ninos de 12 a 23 meses,l 18.1       srp dosis unica,2012-10-01,0,3,0,3,3
QUILLACOLLO,vacunaciones en ninos de 12 a 23 meses,l 18.1       srp dosis unica,2012-10-01,234,70,234,70,304
QUIME,vacunaciones en ninos de 12 a 23 meses,l 18.1       srp dosis unica,2012-10-01,3,2,3,2,5
RAVELO,vacunaciones en ninos de 12 a 23 meses,l 18.1       srp dosis unica,2012-10-01,8,27,8,27,35
REYES,vacunaciones en ninos de 12 a 23 meses,l 18.1       srp dosis unica,2012-10-01,27,13,27,13,40
RIBERALTA,vacunaciones en ninos de 12 a 23 meses,l 18.1       srp dosis unica,2012-10-01,193,107,193,107,300
ROBORE,vacunaciones en ninos de 12 a 23 meses,l 18.1       srp dosis unica,2012-10-01,25,2,25,2,27
RURRENABAQUE,vacunaciones en ninos de 12 a 23 meses,l 18.1       srp dosis unica,2012-10-01,26,14,26,14,40
SABAYA,vacunaciones en ninos de 12 a 23 meses,l 18.1       srp dosis unica,2012-10-01,1,1,1,1,2
SACABA,vacunaciones en ninos de 12 a 23 meses,l 18.1       srp dosis unica,2012-10-01,250,98,250,98,348
SACABAMBA,vacunaciones en ninos de 12 a 23 meses,l 18.1       srp dosis unica,2012-10-01,4,3,4,3,7
SACACA,vacunaciones en ninos de 12 a 23 meses,l 18.1       srp dosis unica,2012-10-01,14,8,14,8,22
SAIPINA,vacunaciones en ninos de 12 a 23 meses,l 18.1       srp dosis unica,2012-10-01,1,11,1,11,12
SALINAS DE GARCI MENDOZA,vacunaciones en ninos de 12 a 23 meses,l 18.1       srp dosis unica,2012-10-01,5,8,5,8,13
SAMAIPATA,vacunaciones en ninos de 12 a 23 meses,l 18.1       srp dosis unica,2012-10-01,4,9,4,9,13
SAN AGUSTIN,vacunaciones en ninos de 12 a 23 meses,l 18.1       srp dosis unica,2012-10-01,2,1,2,1,3
SAN ANDRES,vacunaciones en ninos de 12 a 23 meses,l 18.1       srp dosis unica,2012-10-01,26,19,26,19,45
SAN ANDRES DE MACHACA,vacunaciones en ninos de 12 a 23 meses,l 18.1       srp dosis unica,2012-10-01,3,4,3,4,7
SAN ANTONIO DE ESMORUCO,vacunaciones en ninos de 12 a 23 meses,l 18.1       srp dosis unica,2012-10-01,7,0,7,0,7
SAN ANTONIO DE LOMERIO,vacunaciones en ninos de 12 a 23 meses,l 18.1       srp dosis unica,2012-10-01,3,7,3,7,10
SAN BENITO,vacunaciones en ninos de 12 a 23 meses,l 18.1       srp dosis unica,2012-10-01,21,11,21,11,32
SAN BORJA,vacunaciones en ninos de 12 a 23 meses,l 18.1       srp dosis unica,2012-10-01,53,41,53,41,94
SAN BUENA VENTURA,vacunaciones en ninos de 12 a 23 meses,l 18.1       srp dosis unica,2012-10-01,12,13,12,13,25
SAN CARLOS,vacunaciones en ninos de 12 a 23 meses,l 18.1       srp dosis unica,2012-10-01,30,8,30,8,38
SAN IGNACIO,vacunaciones en ninos de 12 a 23 meses,l 18.1       srp dosis unica,2012-10-01,45,17,45,17,62
SAN IGNACIO DE VELASCO,vacunaciones en ninos de 12 a 23 meses,l 18.1       srp dosis unica,2012-10-01,71,30,71,30,101
SAN JAVIER(BNI),vacunaciones en ninos de 12 a 23 meses,l 18.1       srp dosis unica,2012-10-01,4,12,4,12,16
SAN JAVIER(STC),vacunaciones en ninos de 12 a 23 meses,l 18.1       srp dosis unica,2012-10-01,47,3,47,3,50
SAN JOAQUIN,vacunaciones en ninos de 12 a 23 meses,l 18.1       srp dosis unica,2012-10-01,7,21,7,21,28
SAN JOSE DE CHIQUITOS,vacunaciones en ninos de 12 a 23 meses,l 18.1       srp dosis unica,2012-10-01,37,1,37,1,38
SAN JUAN DE YAPACANI,vacunaciones en ninos de 12 a 23 meses,l 18.1       srp dosis unica,2012-10-01,8,12,8,12,20
SAN JULIAN,vacunaciones en ninos de 12 a 23 meses,l 18.1       srp dosis unica,2012-10-01,77,48,77,48,125
SAN LORENZO(PND),vacunaciones en ninos de 12 a 23 meses,l 18.1       srp dosis unica,2012-10-01,1,3,1,3,4
SAN LORENZO(TJA),vacunaciones en ninos de 12 a 23 meses,l 18.1       srp dosis unica,2012-10-01,23,8,23,8,31
SAN LUCAS,vacunaciones en ninos de 12 a 23 meses,l 18.1       srp dosis unica,2012-10-01,30,25,30,25,55
SAN MATIAS,vacunaciones en ninos de 12 a 23 meses,l 18.1       srp dosis unica,2012-10-01,23,15,23,15,38
SAN MIGUEL DE VELASCO,vacunaciones en ninos de 12 a 23 meses,l 18.1       srp dosis unica,2012-10-01,17,7,17,7,24
SAN PEDRO,vacunaciones en ninos de 12 a 23 meses,l 18.1       srp dosis unica,2012-10-01,19,0,19,0,19
SAN PEDRO DE BUENA VISTA,vacunaciones en ninos de 12 a 23 meses,l 18.1       srp dosis unica,2012-10-01,36,49,36,49,85
SAN PEDRO DE CURAHUARA,vacunaciones en ninos de 12 a 23 meses,l 18.1       srp dosis unica,2012-10-01,6,0,6,0,6
SAN PEDRO DE TIQUINA,vacunaciones en ninos de 12 a 23 meses,l 18.1       srp dosis unica,2012-10-01,1,3,1,3,4
SAN RAFAEL,vacunaciones en ninos de 12 a 23 meses,l 18.1       srp dosis unica,2012-10-01,2,9,2,9,11
SAN RAMON BENI,vacunaciones en ninos de 12 a 23 meses,l 18.1       srp dosis unica,2012-10-01,6,9,6,9,15
SAN RAMON SCZ,vacunaciones en ninos de 12 a 23 meses,l 18.1       srp dosis unica,2012-10-01,19,0,19,0,19
SANTA ANA,vacunaciones en ninos de 12 a 23 meses,l 18.1       srp dosis unica,2012-10-01,21,25,21,25,46
SANTA CRUZ DE LA SIERRA,vacunaciones en ninos de 12 a 23 meses,l 18.1       srp dosis unica,2012-10-01,2617,462,2617,462,3079
SANTA ROSA,vacunaciones en ninos de 12 a 23 meses,l 18.1       srp dosis unica,2012-10-01,41,7,41,7,48
SANTA ROSA DEL SARA,vacunaciones en ninos de 12 a 23 meses,l 18.1       srp dosis unica,2012-10-01,27,10,27,10,37
SANTIAGO DE CALLAPA,vacunaciones en ninos de 12 a 23 meses,l 18.1       srp dosis unica,2012-10-01,1,7,1,7,8
SANTIAGO DE HUARI,vacunaciones en ninos de 12 a 23 meses,l 18.1       srp dosis unica,2012-10-01,7,5,7,5,12
SANTIAGO DE HUATA,vacunaciones en ninos de 12 a 23 meses,l 18.1       srp dosis unica,2012-10-01,5,12,5,12,17
SANTIAGO DE MACHACA,vacunaciones en ninos de 12 a 23 meses,l 18.1       srp dosis unica,2012-10-01,0,5,0,5,5
SANTIVAÑES,vacunaciones en ninos de 12 a 23 meses,l 18.1       srp dosis unica,2012-10-01,3,4,3,4,7
SANTUARIO DE QUILLACAS,vacunaciones en ninos de 12 a 23 meses,l 18.1       srp dosis unica,2012-10-01,8,8,8,8,16
SAPAHAQUI,vacunaciones en ninos de 12 a 23 meses,l 18.1       srp dosis unica,2012-10-01,4,1,4,1,5
SENA,vacunaciones en ninos de 12 a 23 meses,l 18.1       srp dosis unica,2012-10-01,2,4,2,4,6
SHINAOTA,vacunaciones en ninos de 12 a 23 meses,l 18.1       srp dosis unica,2012-10-01,48,6,48,6,54
SICA SICA (VILLA AROMA),vacunaciones en ninos de 12 a 23 meses,l 18.1       srp dosis unica,2012-10-01,35,26,35,26,61
SICAYA,vacunaciones en ninos de 12 a 23 meses,l 18.1       srp dosis unica,2012-10-01,0,2,0,2,2
SIPE SIPE,vacunaciones en ninos de 12 a 23 meses,l 18.1       srp dosis unica,2012-10-01,92,28,92,28,120
SOPACHUY,vacunaciones en ninos de 12 a 23 meses,l 18.1       srp dosis unica,2012-10-01,2,15,2,15,17
SORACACHI,vacunaciones en ninos de 12 a 23 meses,l 18.1       srp dosis unica,2012-10-01,12,14,12,14,26
SORATA,vacunaciones en ninos de 12 a 23 meses,l 18.1       srp dosis unica,2012-10-01,16,46,16,46,62
SUCRE,vacunaciones en ninos de 12 a 23 meses,l 18.1       srp dosis unica,2012-10-01,516,29,516,29,545
TACACHI,vacunaciones en ninos de 12 a 23 meses,l 18.1       srp dosis unica,2012-10-01,1,3,1,3,4
TACACOMA,vacunaciones en ninos de 12 a 23 meses,l 18.1       srp dosis unica,2012-10-01,8,11,8,11,19
TACOBAMBA,vacunaciones en ninos de 12 a 23 meses,l 18.1       srp dosis unica,2012-10-01,6,13,6,13,19
TACOPAYA,vacunaciones en ninos de 12 a 23 meses,l 18.1       srp dosis unica,2012-10-01,8,11,8,11,19
TAHUA,vacunaciones en ninos de 12 a 23 meses,l 18.1       srp dosis unica,2012-10-01,0,2,0,2,2
TAPACARI,vacunaciones en ninos de 12 a 23 meses,l 18.1       srp dosis unica,2012-10-01,46,13,46,13,59
TARABUCO,vacunaciones en ninos de 12 a 23 meses,l 18.1       srp dosis unica,2012-10-01,16,21,16,21,37
TARACO,vacunaciones en ninos de 12 a 23 meses,l 18.1       srp dosis unica,2012-10-01,5,1,5,1,6
TARATA,vacunaciones en ninos de 12 a 23 meses,l 18.1       srp dosis unica,2012-10-01,11,8,11,8,19
TARIJA,vacunaciones en ninos de 12 a 23 meses,l 18.1       srp dosis unica,2012-10-01,388,94,388,94,482
TARVITA,vacunaciones en ninos de 12 a 23 meses,l 18.1       srp dosis unica,2012-10-01,14,10,14,10,24
TEOPONTE,vacunaciones en ninos de 12 a 23 meses,l 18.1       srp dosis unica,2012-10-01,9,19,9,19,28
TIAWANACU,vacunaciones en ninos de 12 a 23 meses,l 18.1       srp dosis unica,2012-10-01,30,8,30,8,38
TINGUIPAYA,vacunaciones en ninos de 12 a 23 meses,l 18.1       srp dosis unica,2012-10-01,40,24,40,24,64
TIPUANI,vacunaciones en ninos de 12 a 23 meses,l 18.1       srp dosis unica,2012-10-01,17,7,17,7,24
TIQUIPAYA,vacunaciones en ninos de 12 a 23 meses,l 18.1       srp dosis unica,2012-10-01,136,47,136,47,183
TIRAQUE (CBBA),vacunaciones en ninos de 12 a 23 meses,l 18.1       srp dosis unica,2012-10-01,20,35,20,35,55
TOCO,vacunaciones en ninos de 12 a 23 meses,l 18.1       srp dosis unica,2012-10-01,6,5,6,5,11
TOLATA,vacunaciones en ninos de 12 a 23 meses,l 18.1       srp dosis unica,2012-10-01,8,2,8,2,10
TOLEDO,vacunaciones en ninos de 12 a 23 meses,l 18.1       srp dosis unica,2012-10-01,6,3,6,3,9
TOMAVE,vacunaciones en ninos de 12 a 23 meses,l 18.1       srp dosis unica,2012-10-01,8,25,8,25,33
TOMINA,vacunaciones en ninos de 12 a 23 meses,l 18.1       srp dosis unica,2012-10-01,13,4,13,4,17
TORO TORO,vacunaciones en ninos de 12 a 23 meses,l 18.1       srp dosis unica,2012-10-01,14,25,14,25,39
TOTORA(CBBA),vacunaciones en ninos de 12 a 23 meses,l 18.1       srp dosis unica,2012-10-01,13,19,13,19,32
TOTORA(ORR),vacunaciones en ninos de 12 a 23 meses,l 18.1       srp dosis unica,2012-10-01,8,2,8,2,10
TRINIDAD,vacunaciones en ninos de 12 a 23 meses,l 18.1       srp dosis unica,2012-10-01,220,64,220,64,284
TUPIZA,vacunaciones en ninos de 12 a 23 meses,l 18.1       srp dosis unica,2012-10-01,64,27,64,27,91
TURCO,vacunaciones en ninos de 12 a 23 meses,l 18.1       srp dosis unica,2012-10-01,3,4,3,4,7
UMALA,vacunaciones en ninos de 12 a 23 meses,l 18.1       srp dosis unica,2012-10-01,2,9,2,9,11
UNCIA,vacunaciones en ninos de 12 a 23 meses,l 18.1       srp dosis unica,2012-10-01,49,15,49,15,64
URIONDO (A. CONCEPCION),vacunaciones en ninos de 12 a 23 meses,l 18.1       srp dosis unica,2012-10-01,21,9,21,9,30
URUBICHA,vacunaciones en ninos de 12 a 23 meses,l 18.1       srp dosis unica,2012-10-01,8,4,8,4,12
UYUNI,vacunaciones en ninos de 12 a 23 meses,l 18.1       srp dosis unica,2012-10-01,59,1,59,1,60
VACAS,vacunaciones en ninos de 12 a 23 meses,l 18.1       srp dosis unica,2012-10-01,4,13,4,13,17
VALLEGRANDE,vacunaciones en ninos de 12 a 23 meses,l 18.1       srp dosis unica,2012-10-01,33,5,33,5,38
VIACHA,vacunaciones en ninos de 12 a 23 meses,l 18.1       srp dosis unica,2012-10-01,92,68,92,68,160
VILA VILA,vacunaciones en ninos de 12 a 23 meses,l 18.1       srp dosis unica,2012-10-01,2,3,2,3,5
VILLA CHARCAS,vacunaciones en ninos de 12 a 23 meses,l 18.1       srp dosis unica,2012-10-01,11,19,11,19,30
VILLA MONTES,vacunaciones en ninos de 12 a 23 meses,l 18.1       srp dosis unica,2012-10-01,50,41,50,41,91
VILLA NUEVA (LOMA ALTA),vacunaciones en ninos de 12 a 23 meses,l 18.1       srp dosis unica,2012-10-01,2,2,2,2,4
VILLA RIVERO,vacunaciones en ninos de 12 a 23 meses,l 18.1       srp dosis unica,2012-10-01,5,13,5,13,18
VILLA SERRANO,vacunaciones en ninos de 12 a 23 meses,l 18.1       srp dosis unica,2012-10-01,11,6,11,6,17
VILLA TUNARI,vacunaciones en ninos de 12 a 23 meses,l 18.1       srp dosis unica,2012-10-01,115,70,115,70,185
VILLA VACA GUZMAN (MUYUPAMPA),vacunaciones en ninos de 12 a 23 meses,l 18.1       srp dosis unica,2012-10-01,7,3,7,3,10
VILLAZON,vacunaciones en ninos de 12 a 23 meses,l 18.1       srp dosis unica,2012-10-01,54,22,54,22,76
VINTO,vacunaciones en ninos de 12 a 23 meses,l 18.1       srp dosis unica,2012-10-01,116,21,116,21,137
VITICHI,vacunaciones en ninos de 12 a 23 meses,l 18.1       srp dosis unica,2012-10-01,6,6,6,6,12
WALDO BALLIVIAN,vacunaciones en ninos de 12 a 23 meses,l 18.1       srp dosis unica,2012-10-01,1,0,1,0,1
WARNES,vacunaciones en ninos de 12 a 23 meses,l 18.1       srp dosis unica,2012-10-01,191,45,191,45,236
YACO,vacunaciones en ninos de 12 a 23 meses,l 18.1       srp dosis unica,2012-10-01,9,7,9,7,16
YACUIBA,vacunaciones en ninos de 12 a 23 meses,l 18.1       srp dosis unica,2012-10-01,83,35,83,35,118
YAMPARAEZ,vacunaciones en ninos de 12 a 23 meses,l 18.1       srp dosis unica,2012-10-01,8,8,8,8,16
YAPACANI,vacunaciones en ninos de 12 a 23 meses,l 18.1       srp dosis unica,2012-10-01,52,32,52,32,84
YOCALLA,vacunaciones en ninos de 12 a 23 meses,l 18.1       srp dosis unica,2012-10-01,2,7,2,7,9
YOTALA,vacunaciones en ninos de 12 a 23 meses,l 18.1       srp dosis unica,2012-10-01,6,8,6,8,14
YUNCHARA,vacunaciones en ninos de 12 a 23 meses,l 18.1       srp dosis unica,2012-10-01,2,3,2,3,5
ZUDAÑEZ,vacunaciones en ninos de 12 a 23 meses,l 18.1       srp dosis unica,2012-10-01,2,16,2,16,18
ACACIO,vacunaciones en ninos de 12 a 23 meses,l 18.1       srp dosis unica,2012-11-01,1,9,1,9,10
ACHACACHI,vacunaciones en ninos de 12 a 23 meses,l 18.1       srp dosis unica,2012-11-01,26,38,26,38,64
ACHOCALLA,vacunaciones en ninos de 12 a 23 meses,l 18.1       srp dosis unica,2012-11-01,14,21,14,21,35
AIQUILE,vacunaciones en ninos de 12 a 23 meses,l 18.1       srp dosis unica,2012-11-01,13,14,13,14,27
ALALAY,vacunaciones en ninos de 12 a 23 meses,l 18.1       srp dosis unica,2012-11-01,0,5,0,5,5
ALCALA,vacunaciones en ninos de 12 a 23 meses,l 18.1       srp dosis unica,2012-11-01,2,2,2,2,4
ALTO BENI,vacunaciones en ninos de 12 a 23 meses,l 18.1       srp dosis unica,2012-11-01,20,1,20,1,21
ANCORAIMES,vacunaciones en ninos de 12 a 23 meses,l 18.1       srp dosis unica,2012-11-01,11,11,11,11,22
ANDAMARCA,vacunaciones en ninos de 12 a 23 meses,l 18.1       srp dosis unica,2012-11-01,4,1,4,1,5
ANTEQUERA,vacunaciones en ninos de 12 a 23 meses,l 18.1       srp dosis unica,2012-11-01,1,1,1,1,2
ANZALDO,vacunaciones en ninos de 12 a 23 meses,l 18.1       srp dosis unica,2012-11-01,5,8,5,8,13
APOLO,vacunaciones en ninos de 12 a 23 meses,l 18.1       srp dosis unica,2012-11-01,23,15,23,15,38
ARAMPAMPA,vacunaciones en ninos de 12 a 23 meses,l 18.1       srp dosis unica,2012-11-01,3,9,3,9,12
ARANI,vacunaciones en ninos de 12 a 23 meses,l 18.1       srp dosis unica,2012-11-01,16,1,16,1,17
ARBIETO,vacunaciones en ninos de 12 a 23 meses,l 18.1       srp dosis unica,2012-11-01,9,6,9,6,15
ARQUE,vacunaciones en ninos de 12 a 23 meses,l 18.1       srp dosis unica,2012-11-01,13,2,13,2,15
ASCENCION DE GUARAYOS,vacunaciones en ninos de 12 a 23 meses,l 18.1       srp dosis unica,2012-11-01,56,7,56,7,63
ATOCHA,vacunaciones en ninos de 12 a 23 meses,l 18.1       srp dosis unica,2012-11-01,14,11,14,11,25
AUCAPATA,vacunaciones en ninos de 12 a 23 meses,l 18.1       srp dosis unica,2012-11-01,5,8,5,8,13
AYATA,vacunaciones en ninos de 12 a 23 meses,l 18.1       srp dosis unica,2012-11-01,12,15,12,15,27
AYO AYO,vacunaciones en ninos de 12 a 23 meses,l 18.1       srp dosis unica,2012-11-01,12,3,12,3,15
AYOPAYA (V. DE INDEPENDENCIA),vacunaciones en ninos de 12 a 23 meses,l 18.1       srp dosis unica,2012-11-01,19,31,19,31,50
AZURDUY,vacunaciones en ninos de 12 a 23 meses,l 18.1       srp dosis unica,2012-11-01,12,13,12,13,25
BATALLAS,vacunaciones en ninos de 12 a 23 meses,l 18.1       srp dosis unica,2012-11-01,17,5,17,5,22
BAURES,vacunaciones en ninos de 12 a 23 meses,l 18.1       srp dosis unica,2012-11-01,15,4,15,4,19
BELEN DE URMIRI,vacunaciones en ninos de 12 a 23 meses,l 18.1       srp dosis unica,2012-11-01,0,9,0,9,9
BELLA FLOR,vacunaciones en ninos de 12 a 23 meses,l 18.1       srp dosis unica,2012-11-01,0,5,0,5,5
BERMEJO,vacunaciones en ninos de 12 a 23 meses,l 18.1       srp dosis unica,2012-11-01,23,37,23,37,60
BETANZOS,vacunaciones en ninos de 12 a 23 meses,l 18.1       srp dosis unica,2012-11-01,27,19,27,19,46
BOLIVAR,vacunaciones en ninos de 12 a 23 meses,l 18.1       srp dosis unica,2012-11-01,0,18,0,18,18
BOLPEBRA,vacunaciones en ninos de 12 a 23 meses,l 18.1       srp dosis unica,2012-11-01,2,0,2,0,2
BOYUIBE,vacunaciones en ninos de 12 a 23 meses,l 18.1       srp dosis unica,2012-11-01,0,4,0,4,4
BUENA VISTA,vacunaciones en ninos de 12 a 23 meses,l 18.1       srp dosis unica,2012-11-01,13,10,13,10,23
CABEZAS,vacunaciones en ninos de 12 a 23 meses,l 18.1       srp dosis unica,2012-11-01,19,44,19,44,63
CAIROMA,vacunaciones en ninos de 12 a 23 meses,l 18.1       srp dosis unica,2012-11-01,10,9,10,9,19
"CAIZA ""D""",vacunaciones en ninos de 12 a 23 meses,l 18.1       srp dosis unica,2012-11-01,8,5,8,5,13
CAJUATA,vacunaciones en ninos de 12 a 23 meses,l 18.1       srp dosis unica,2012-11-01,19,2,19,2,21
CALACOTO,vacunaciones en ninos de 12 a 23 meses,l 18.1       srp dosis unica,2012-11-01,3,6,3,6,9
CALAMARCA,vacunaciones en ninos de 12 a 23 meses,l 18.1       srp dosis unica,2012-11-01,8,8,8,8,16
CAMARGO,vacunaciones en ninos de 12 a 23 meses,l 18.1       srp dosis unica,2012-11-01,16,12,16,12,28
CAMATAQUI (C. VILLA ABECIA),vacunaciones en ninos de 12 a 23 meses,l 18.1       srp dosis unica,2012-11-01,4,0,4,0,4
CAMIRI,vacunaciones en ninos de 12 a 23 meses,l 18.1       srp dosis unica,2012-11-01,55,7,55,7,62
CAPINOTA,vacunaciones en ninos de 12 a 23 meses,l 18.1       srp dosis unica,2012-11-01,27,6,27,6,33
CAQUIAVIRI,vacunaciones en ninos de 12 a 23 meses,l 18.1       srp dosis unica,2012-11-01,5,4,5,4,9
CARACOLLO,vacunaciones en ninos de 12 a 23 meses,l 18.1       srp dosis unica,2012-11-01,22,14,22,14,36
CARANAVI,vacunaciones en ninos de 12 a 23 meses,l 18.1       srp dosis unica,2012-11-01,54,57,54,57,111
CARAPARI,vacunaciones en ninos de 12 a 23 meses,l 18.1       srp dosis unica,2012-11-01,3,31,3,31,34
CARIPUYO,vacunaciones en ninos de 12 a 23 meses,l 18.1       srp dosis unica,2012-11-01,0,10,0,10,10
CARMEN RIVERO TORREZ,vacunaciones en ninos de 12 a 23 meses,l 18.1       srp dosis unica,2012-11-01,3,7,3,7,10
CATACORA,vacunaciones en ninos de 12 a 23 meses,l 18.1       srp dosis unica,2012-11-01,2,0,2,0,2
CHACARILLA,vacunaciones en ninos de 12 a 23 meses,l 18.1       srp dosis unica,2012-11-01,0,1,0,1,1
CHALLAPATA,vacunaciones en ninos de 12 a 23 meses,l 18.1       srp dosis unica,2012-11-01,23,36,23,36,59
CHAQUI,vacunaciones en ninos de 12 a 23 meses,l 18.1       srp dosis unica,2012-11-01,6,7,6,7,13
CHARAGUA,vacunaciones en ninos de 12 a 23 meses,l 18.1       srp dosis unica,2012-11-01,29,72,29,72,101
CHARAÑA,vacunaciones en ninos de 12 a 23 meses,l 18.1       srp dosis unica,2012-11-01,6,1,6,1,7
CHAYANTA,vacunaciones en ninos de 12 a 23 meses,l 18.1       srp dosis unica,2012-11-01,6,5,6,5,11
CHIMORE,vacunaciones en ninos de 12 a 23 meses,l 18.1       srp dosis unica,2012-11-01,41,5,41,5,46
CHIPAYA,vacunaciones en ninos de 12 a 23 meses,l 18.1       srp dosis unica,2012-11-01,1,1,1,1,2
CHULUMANI (V. DE LA LIBERTAD),vacunaciones en ninos de 12 a 23 meses,l 18.1       srp dosis unica,2012-11-01,30,25,30,25,55
CHUMA,vacunaciones en ninos de 12 a 23 meses,l 18.1       srp dosis unica,2012-11-01,11,14,11,14,25
CHUQUIHUTA AYLLU JUCUMANI,vacunaciones en ninos de 12 a 23 meses,l 18.1       srp dosis unica,2012-11-01,5,9,5,9,14
CKOCHAS,vacunaciones en ninos de 12 a 23 meses,l 18.1       srp dosis unica,2012-11-01,29,12,29,12,41
CLIZA,vacunaciones en ninos de 12 a 23 meses,l 18.1       srp dosis unica,2012-11-01,38,9,38,9,47
COBIJA,vacunaciones en ninos de 12 a 23 meses,l 18.1       srp dosis unica,2012-11-01,81,46,81,46,127
COCAPATA,vacunaciones en ninos de 12 a 23 meses,l 18.1       srp dosis unica,2012-11-01,10,22,10,22,32
COCHABAMBA,vacunaciones en ninos de 12 a 23 meses,l 18.1       srp dosis unica,2012-11-01,1198,39,1198,39,1237
COIPASA,vacunaciones en ninos de 12 a 23 meses,l 18.1       srp dosis unica,2012-11-01,0,1,0,1,1
COLCAPIRHUA,vacunaciones en ninos de 12 a 23 meses,l 18.1       srp dosis unica,2012-11-01,66,7,66,7,73
"COLCHA ""K""",vacunaciones en ninos de 12 a 23 meses,l 18.1       srp dosis unica,2012-11-01,20,1,20,1,21
COLLANA,vacunaciones en ninos de 12 a 23 meses,l 18.1       srp dosis unica,2012-11-01,2,1,2,1,3
COLOMI,vacunaciones en ninos de 12 a 23 meses,l 18.1       srp dosis unica,2012-11-01,17,28,17,28,45
COLPA BELGICA,vacunaciones en ninos de 12 a 23 meses,l 18.1       srp dosis unica,2012-11-01,10,16,10,16,26
COLQUECHACA,vacunaciones en ninos de 12 a 23 meses,l 18.1       srp dosis unica,2012-11-01,22,41,22,41,63
COLQUENCHA,vacunaciones en ninos de 12 a 23 meses,l 18.1       srp dosis unica,2012-11-01,8,0,8,0,8
COLQUIRI,vacunaciones en ninos de 12 a 23 meses,l 18.1       srp dosis unica,2012-11-01,16,24,16,24,40
COMANCHE,vacunaciones en ninos de 12 a 23 meses,l 18.1       srp dosis unica,2012-11-01,4,2,4,2,6
COMARAPA,vacunaciones en ninos de 12 a 23 meses,l 18.1       srp dosis unica,2012-11-01,22,21,22,21,43
COMBAYA,vacunaciones en ninos de 12 a 23 meses,l 18.1       srp dosis unica,2012-11-01,0,15,0,15,15
CONCEPCION,vacunaciones en ninos de 12 a 23 meses,l 18.1       srp dosis unica,2012-11-01,85,14,85,14,99
COPACABANA,vacunaciones en ninos de 12 a 23 meses,l 18.1       srp dosis unica,2012-11-01,17,6,17,6,23
CORIPATA,vacunaciones en ninos de 12 a 23 meses,l 18.1       srp dosis unica,2012-11-01,21,8,21,8,29
CORO CORO,vacunaciones en ninos de 12 a 23 meses,l 18.1       srp dosis unica,2012-11-01,5,9,5,9,14
COROICO,vacunaciones en ninos de 12 a 23 meses,l 18.1       srp dosis unica,2012-11-01,19,16,19,16,35
CORQUE,vacunaciones en ninos de 12 a 23 meses,l 18.1       srp dosis unica,2012-11-01,9,0,9,0,9
COTAGAITA,vacunaciones en ninos de 12 a 23 meses,l 18.1       srp dosis unica,2012-11-01,16,23,16,23,39
COTOCA,vacunaciones en ninos de 12 a 23 meses,l 18.1       srp dosis unica,2012-11-01,58,13,58,13,71
CRUZ DE MACHACAMARCA,vacunaciones en ninos de 12 a 23 meses,l 18.1       srp dosis unica,2012-11-01,0,2,0,2,2
CUATRO CAÑADAS,vacunaciones en ninos de 12 a 23 meses,l 18.1       srp dosis unica,2012-11-01,14,19,14,19,33
CUEVO,vacunaciones en ninos de 12 a 23 meses,l 18.1       srp dosis unica,2012-11-01,5,7,5,7,12
CULPINA,vacunaciones en ninos de 12 a 23 meses,l 18.1       srp dosis unica,2012-11-01,15,33,15,33,48
CURAHUARA DE CARANGAS,vacunaciones en ninos de 12 a 23 meses,l 18.1       srp dosis unica,2012-11-01,3,0,3,0,3
CURVA,vacunaciones en ninos de 12 a 23 meses,l 18.1       srp dosis unica,2012-11-01,2,12,2,12,14
DESAGUADERO,vacunaciones en ninos de 12 a 23 meses,l 18.1       srp dosis unica,2012-11-01,4,6,4,6,10
EL ALTO,vacunaciones en ninos de 12 a 23 meses,l 18.1       srp dosis unica,2012-11-01,1438,238,1438,238,1676
EL CHORO,vacunaciones en ninos de 12 a 23 meses,l 18.1       srp dosis unica,2012-11-01,7,3,7,3,10
EL PUENTE(STC),vacunaciones en ninos de 12 a 23 meses,l 18.1       srp dosis unica,2012-11-01,22,11,22,11,33
EL PUENTE(TJA),vacunaciones en ninos de 12 a 23 meses,l 18.1       srp dosis unica,2012-11-01,11,10,11,10,21
EL TORNO,vacunaciones en ninos de 12 a 23 meses,l 18.1       srp dosis unica,2012-11-01,96,11,96,11,107
EL VILLAR,vacunaciones en ninos de 12 a 23 meses,l 18.1       srp dosis unica,2012-11-01,7,0,7,0,7
ENTRE RIOS TRJ,vacunaciones en ninos de 12 a 23 meses,l 18.1       srp dosis unica,2012-11-01,10,24,10,24,34
ENTRE RIOS CBBA,vacunaciones en ninos de 12 a 23 meses,l 18.1       srp dosis unica,2012-11-01,53,5,53,5,58
ESCOMA,vacunaciones en ninos de 12 a 23 meses,l 18.1       srp dosis unica,2012-11-01,7,5,7,5,12
ESMERALDA,vacunaciones en ninos de 12 a 23 meses,l 18.1       srp dosis unica,2012-11-01,1,0,1,0,1
EUCALIPTUS,vacunaciones en ninos de 12 a 23 meses,l 18.1       srp dosis unica,2012-11-01,8,1,8,1,9
EUREKA (SANTOS MERCADO),vacunaciones en ninos de 12 a 23 meses,l 18.1       srp dosis unica,2012-11-01,0,1,0,1,1
FERNANDEZ ALONSO,vacunaciones en ninos de 12 a 23 meses,l 18.1       srp dosis unica,2012-11-01,10,29,10,29,39
FILADELFIA,vacunaciones en ninos de 12 a 23 meses,l 18.1       srp dosis unica,2012-11-01,3,6,3,6,9
GENERAL SAAVEDRA,vacunaciones en ninos de 12 a 23 meses,l 18.1       srp dosis unica,2012-11-01,12,24,12,24,36
GRAL. J.J. PEREZ (CHARAZANI),vacunaciones en ninos de 12 a 23 meses,l 18.1       srp dosis unica,2012-11-01,4,9,4,9,13
GUANAY,vacunaciones en ninos de 12 a 23 meses,l 18.1       srp dosis unica,2012-11-01,0,17,0,17,17
GUAQUI,vacunaciones en ninos de 12 a 23 meses,l 18.1       srp dosis unica,2012-11-01,2,16,2,16,18
GUAYARAMERIN,vacunaciones en ninos de 12 a 23 meses,l 18.1       srp dosis unica,2012-11-01,93,38,93,38,131
GUTIERREZ,vacunaciones en ninos de 12 a 23 meses,l 18.1       srp dosis unica,2012-11-01,13,13,13,13,26
HUACARETA,vacunaciones en ninos de 12 a 23 meses,l 18.1       srp dosis unica,2012-11-01,10,13,10,13,23
HUACAYA (VILLA DE HUACAYA),vacunaciones en ninos de 12 a 23 meses,l 18.1       srp dosis unica,2012-11-01,1,11,1,11,12
HUACHACALLA,vacunaciones en ninos de 12 a 23 meses,l 18.1       srp dosis unica,2012-11-01,4,0,4,0,4
HUANUNI,vacunaciones en ninos de 12 a 23 meses,l 18.1       srp dosis unica,2012-11-01,25,1,25,1,26
HUARACAJE,vacunaciones en ninos de 12 a 23 meses,l 18.1       srp dosis unica,2012-11-01,2,3,2,3,5
HUARINA,vacunaciones en ninos de 12 a 23 meses,l 18.1       srp dosis unica,2012-11-01,1,4,1,4,5
HUAYLLAMARCA,vacunaciones en ninos de 12 a 23 meses,l 18.1       srp dosis unica,2012-11-01,1,0,1,0,1
HUMANATA,vacunaciones en ninos de 12 a 23 meses,l 18.1       srp dosis unica,2012-11-01,1,5,1,5,6
ICHOCA,vacunaciones en ninos de 12 a 23 meses,l 18.1       srp dosis unica,2012-11-01,0,5,0,5,5
ICLA,vacunaciones en ninos de 12 a 23 meses,l 18.1       srp dosis unica,2012-11-01,7,19,7,19,26
INCAHUASI,vacunaciones en ninos de 12 a 23 meses,l 18.1       srp dosis unica,2012-11-01,13,35,13,35,48
INGAVI (HUMAITA),vacunaciones en ninos de 12 a 23 meses,l 18.1       srp dosis unica,2012-11-01,0,13,0,13,13
INQUISIVI,vacunaciones en ninos de 12 a 23 meses,l 18.1       srp dosis unica,2012-11-01,7,21,7,21,28
IRUPANA (VILLA DE LANZA),vacunaciones en ninos de 12 a 23 meses,l 18.1       srp dosis unica,2012-11-01,13,26,13,26,39
IXIAMAS,vacunaciones en ninos de 12 a 23 meses,l 18.1       srp dosis unica,2012-11-01,17,0,17,0,17
JESUS DE MACHACA,vacunaciones en ninos de 12 a 23 meses,l 18.1       srp dosis unica,2012-11-01,13,5,13,5,18
LA ASUNTA,vacunaciones en ninos de 12 a 23 meses,l 18.1       srp dosis unica,2012-11-01,67,39,67,39,106
LA GUARDIA,vacunaciones en ninos de 12 a 23 meses,l 18.1       srp dosis unica,2012-11-01,111,14,111,14,125
LA PAZ,vacunaciones en ninos de 12 a 23 meses,l 18.1       srp dosis unica,2012-11-01,1158,322,1158,322,1480
LAGUNILLAS,vacunaciones en ninos de 12 a 23 meses,l 18.1       srp dosis unica,2012-11-01,5,12,5,12,17
LAJA,vacunaciones en ninos de 12 a 23 meses,l 18.1       srp dosis unica,2012-11-01,21,6,21,6,27
LAS CARRERAS,vacunaciones en ninos de 12 a 23 meses,l 18.1       srp dosis unica,2012-11-01,2,5,2,5,7
LICOMA PAMPA,vacunaciones en ninos de 12 a 23 meses,l 18.1       srp dosis unica,2012-11-01,5,0,5,0,5
LLALLAGUA,vacunaciones en ninos de 12 a 23 meses,l 18.1       srp dosis unica,2012-11-01,48,52,48,52,100
LLICA,vacunaciones en ninos de 12 a 23 meses,l 18.1       srp dosis unica,2012-11-01,1,2,1,2,3
LORETO,vacunaciones en ninos de 12 a 23 meses,l 18.1       srp dosis unica,2012-11-01,0,6,0,6,6
LURIBAY,vacunaciones en ninos de 12 a 23 meses,l 18.1       srp dosis unica,2012-11-01,2,5,2,5,7
MACHACAMARCA,vacunaciones en ninos de 12 a 23 meses,l 18.1       srp dosis unica,2012-11-01,4,0,4,0,4
MACHARETI,vacunaciones en ninos de 12 a 23 meses,l 18.1       srp dosis unica,2012-11-01,3,5,3,5,8
MAGDALENA,vacunaciones en ninos de 12 a 23 meses,l 18.1       srp dosis unica,2012-11-01,13,17,13,17,30
MAIRANA,vacunaciones en ninos de 12 a 23 meses,l 18.1       srp dosis unica,2012-11-01,16,3,16,3,19
MALLA,vacunaciones en ninos de 12 a 23 meses,l 18.1       srp dosis unica,2012-11-01,0,3,0,3,3
MAPIRI,vacunaciones en ninos de 12 a 23 meses,l 18.1       srp dosis unica,2012-11-01,16,18,16,18,34
MECAPACA,vacunaciones en ninos de 12 a 23 meses,l 18.1       srp dosis unica,2012-11-01,12,19,12,19,31
MINEROS,vacunaciones en ninos de 12 a 23 meses,l 18.1       srp dosis unica,2012-11-01,36,54,36,54,90
MIZQUE,vacunaciones en ninos de 12 a 23 meses,l 18.1       srp dosis unica,2012-11-01,43,22,43,22,65
MOCOMOCO,vacunaciones en ninos de 12 a 23 meses,l 18.1       srp dosis unica,2012-11-01,10,12,10,12,22
MOJOCOYA,vacunaciones en ninos de 12 a 23 meses,l 18.1       srp dosis unica,2012-11-01,14,3,14,3,17
MONTEAGUDO,vacunaciones en ninos de 12 a 23 meses,l 18.1       srp dosis unica,2012-11-01,43,21,43,21,64
MONTERO,vacunaciones en ninos de 12 a 23 meses,l 18.1       srp dosis unica,2012-11-01,172,28,172,28,200
MORO MORO,vacunaciones en ninos de 12 a 23 meses,l 18.1       srp dosis unica,2012-11-01,2,2,2,2,4
MOROCHATA,vacunaciones en ninos de 12 a 23 meses,l 18.1       srp dosis unica,2012-11-01,10,16,10,16,26
NACEBE (SANTA ROSA DEL ABUNA),vacunaciones en ninos de 12 a 23 meses,l 18.1       srp dosis unica,2012-11-01,0,14,0,14,14
OCURI,vacunaciones en ninos de 12 a 23 meses,l 18.1       srp dosis unica,2012-11-01,5,33,5,33,38
OKINAWA,vacunaciones en ninos de 12 a 23 meses,l 18.1       srp dosis unica,2012-11-01,7,1,7,1,8
OMEREQUE,vacunaciones en ninos de 12 a 23 meses,l 18.1       srp dosis unica,2012-11-01,1,9,1,9,10
ORURO,vacunaciones en ninos de 12 a 23 meses,l 18.1       srp dosis unica,2012-11-01,460,7,460,7,467
PADCAYA,vacunaciones en ninos de 12 a 23 meses,l 18.1       srp dosis unica,2012-11-01,11,20,11,20,31
PADILLA,vacunaciones en ninos de 12 a 23 meses,l 18.1       srp dosis unica,2012-11-01,11,3,11,3,14
PAILON,vacunaciones en ninos de 12 a 23 meses,l 18.1       srp dosis unica,2012-11-01,25,73,25,73,98
PALCA,vacunaciones en ninos de 12 a 23 meses,l 18.1       srp dosis unica,2012-11-01,12,15,12,15,27
PALOS BLANCOS,vacunaciones en ninos de 12 a 23 meses,l 18.1       srp dosis unica,2012-11-01,35,22,35,22,57
PAMPA AULLAGAS,vacunaciones en ninos de 12 a 23 meses,l 18.1       srp dosis unica,2012-11-01,5,0,5,0,5
PAMPA GRANDE,vacunaciones en ninos de 12 a 23 meses,l 18.1       srp dosis unica,2012-11-01,17,10,17,10,27
PAPEL PAMPA,vacunaciones en ninos de 12 a 23 meses,l 18.1       srp dosis unica,2012-11-01,2,8,2,8,10
PASORAPA,vacunaciones en ninos de 12 a 23 meses,l 18.1       srp dosis unica,2012-11-01,4,0,4,0,4
PATACAMAYA,vacunaciones en ninos de 12 a 23 meses,l 18.1       srp dosis unica,2012-11-01,10,9,10,9,19
PAZÑA,vacunaciones en ninos de 12 a 23 meses,l 18.1       srp dosis unica,2012-11-01,6,3,6,3,9
PELECHUCO,vacunaciones en ninos de 12 a 23 meses,l 18.1       srp dosis unica,2012-11-01,5,10,5,10,15
POCOATA,vacunaciones en ninos de 12 a 23 meses,l 18.1       srp dosis unica,2012-11-01,12,47,12,47,59
POCONA,vacunaciones en ninos de 12 a 23 meses,l 18.1       srp dosis unica,2012-11-01,5,10,5,10,15
POJO (CBBA),vacunaciones en ninos de 12 a 23 meses,l 18.1       srp dosis unica,2012-11-01,14,13,14,13,27
POOPO,vacunaciones en ninos de 12 a 23 meses,l 18.1       srp dosis unica,2012-11-01,0,1,0,1,1
PORCO,vacunaciones en ninos de 12 a 23 meses,l 18.1       srp dosis unica,2012-11-01,8,20,8,20,28
POROMA,vacunaciones en ninos de 12 a 23 meses,l 18.1       srp dosis unica,2012-11-01,21,16,21,16,37
PORONGO,vacunaciones en ninos de 12 a 23 meses,l 18.1       srp dosis unica,2012-11-01,7,19,7,19,26
PORTACHUELO,vacunaciones en ninos de 12 a 23 meses,l 18.1       srp dosis unica,2012-11-01,32,5,32,5,37
PORVENIR,vacunaciones en ninos de 12 a 23 meses,l 18.1       srp dosis unica,2012-11-01,12,6,12,6,18
POSTRER VALLE,vacunaciones en ninos de 12 a 23 meses,l 18.1       srp dosis unica,2012-11-01,1,0,1,0,1
POTOSI,vacunaciones en ninos de 12 a 23 meses,l 18.1       srp dosis unica,2012-11-01,418,79,418,79,497
PRESTO,vacunaciones en ninos de 12 a 23 meses,l 18.1       srp dosis unica,2012-11-01,3,18,3,18,21
PUCARANI,vacunaciones en ninos de 12 a 23 meses,l 18.1       srp dosis unica,2012-11-01,26,31,26,31,57
PUERTO ACOSTA,vacunaciones en ninos de 12 a 23 meses,l 18.1       srp dosis unica,2012-11-01,0,23,0,23,23
PUERTO CARABUCO,vacunaciones en ninos de 12 a 23 meses,l 18.1       srp dosis unica,2012-11-01,4,17,4,17,21
PUERTO GONZALO MORENO,vacunaciones en ninos de 12 a 23 meses,l 18.1       srp dosis unica,2012-11-01,4,18,4,18,22
PUERTO PEREZ,vacunaciones en ninos de 12 a 23 meses,l 18.1       srp dosis unica,2012-11-01,1,7,1,7,8
PUERTO QUIJARRO,vacunaciones en ninos de 12 a 23 meses,l 18.1       srp dosis unica,2012-11-01,16,35,16,35,51
PUERTO RICO,vacunaciones en ninos de 12 a 23 meses,l 18.1       srp dosis unica,2012-11-01,12,5,12,5,17
PUERTO SILES,vacunaciones en ninos de 12 a 23 meses,l 18.1       srp dosis unica,2012-11-01,0,6,0,6,6
PUERTO SUAREZ,vacunaciones en ninos de 12 a 23 meses,l 18.1       srp dosis unica,2012-11-01,20,4,20,4,24
PUERTO VILLARROEL,vacunaciones en ninos de 12 a 23 meses,l 18.1       srp dosis unica,2012-11-01,87,49,87,49,136
PUNA,vacunaciones en ninos de 12 a 23 meses,l 18.1       srp dosis unica,2012-11-01,15,24,15,24,39
PUNATA,vacunaciones en ninos de 12 a 23 meses,l 18.1       srp dosis unica,2012-11-01,37,4,37,4,41
QUIABAYA,vacunaciones en ninos de 12 a 23 meses,l 18.1       srp dosis unica,2012-11-01,1,1,1,1,2
QUILLACOLLO,vacunaciones en ninos de 12 a 23 meses,l 18.1       srp dosis unica,2012-11-01,190,56,190,56,246
QUIME,vacunaciones en ninos de 12 a 23 meses,l 18.1       srp dosis unica,2012-11-01,3,10,3,10,13
QUIRUSILLAS,vacunaciones en ninos de 12 a 23 meses,l 18.1       srp dosis unica,2012-11-01,4,1,4,1,5
RAVELO,vacunaciones en ninos de 12 a 23 meses,l 18.1       srp dosis unica,2012-11-01,12,14,12,14,26
REYES,vacunaciones en ninos de 12 a 23 meses,l 18.1       srp dosis unica,2012-11-01,11,5,11,5,16
RIBERALTA,vacunaciones en ninos de 12 a 23 meses,l 18.1       srp dosis unica,2012-11-01,158,116,158,116,274
ROBORE,vacunaciones en ninos de 12 a 23 meses,l 18.1       srp dosis unica,2012-11-01,9,38,9,38,47
RURRENABAQUE,vacunaciones en ninos de 12 a 23 meses,l 18.1       srp dosis unica,2012-11-01,55,16,55,16,71
SABAYA,vacunaciones en ninos de 12 a 23 meses,l 18.1       srp dosis unica,2012-11-01,3,3,3,3,6
SACABA,vacunaciones en ninos de 12 a 23 meses,l 18.1       srp dosis unica,2012-11-01,199,59,199,59,258
SACABAMBA,vacunaciones en ninos de 12 a 23 meses,l 18.1       srp dosis unica,2012-11-01,7,11,7,11,18
SACACA,vacunaciones en ninos de 12 a 23 meses,l 18.1       srp dosis unica,2012-11-01,22,19,22,19,41
SAIPINA,vacunaciones en ninos de 12 a 23 meses,l 18.1       srp dosis unica,2012-11-01,1,15,1,15,16
SALINAS DE GARCI MENDOZA,vacunaciones en ninos de 12 a 23 meses,l 18.1       srp dosis unica,2012-11-01,1,5,1,5,6
SAMAIPATA,vacunaciones en ninos de 12 a 23 meses,l 18.1       srp dosis unica,2012-11-01,2,21,2,21,23
SAN AGUSTIN,vacunaciones en ninos de 12 a 23 meses,l 18.1       srp dosis unica,2012-11-01,0,2,0,2,2
SAN ANDRES,vacunaciones en ninos de 12 a 23 meses,l 18.1       srp dosis unica,2012-11-01,19,6,19,6,25
SAN ANDRES DE MACHACA,vacunaciones en ninos de 12 a 23 meses,l 18.1       srp dosis unica,2012-11-01,2,2,2,2,4
SAN ANTONIO DE ESMORUCO,vacunaciones en ninos de 12 a 23 meses,l 18.1       srp dosis unica,2012-11-01,5,1,5,1,6
SAN ANTONIO DE LOMERIO,vacunaciones en ninos de 12 a 23 meses,l 18.1       srp dosis unica,2012-11-01,5,9,5,9,14
SAN BENITO,vacunaciones en ninos de 12 a 23 meses,l 18.1       srp dosis unica,2012-11-01,4,10,4,10,14
SAN BORJA,vacunaciones en ninos de 12 a 23 meses,l 18.1       srp dosis unica,2012-11-01,53,51,53,51,104
SAN BUENA VENTURA,vacunaciones en ninos de 12 a 23 meses,l 18.1       srp dosis unica,2012-11-01,13,34,13,34,47
SAN CARLOS,vacunaciones en ninos de 12 a 23 meses,l 18.1       srp dosis unica,2012-11-01,29,19,29,19,48
SAN IGNACIO,vacunaciones en ninos de 12 a 23 meses,l 18.1       srp dosis unica,2012-11-01,44,21,44,21,65
SAN IGNACIO DE VELASCO,vacunaciones en ninos de 12 a 23 meses,l 18.1       srp dosis unica,2012-11-01,107,14,107,14,121
SAN JAVIER(BNI),vacunaciones en ninos de 12 a 23 meses,l 18.1       srp dosis unica,2012-11-01,4,0,4,0,4
SAN JAVIER(STC),vacunaciones en ninos de 12 a 23 meses,l 18.1       srp dosis unica,2012-11-01,30,0,30,0,30
SAN JOAQUIN,vacunaciones en ninos de 12 a 23 meses,l 18.1       srp dosis unica,2012-11-01,2,6,2,6,8
SAN JOSE DE CHIQUITOS,vacunaciones en ninos de 12 a 23 meses,l 18.1       srp dosis unica,2012-11-01,39,64,39,64,103
SAN JUAN DE YAPACANI,vacunaciones en ninos de 12 a 23 meses,l 18.1       srp dosis unica,2012-11-01,5,10,5,10,15
SAN JULIAN,vacunaciones en ninos de 12 a 23 meses,l 18.1       srp dosis unica,2012-11-01,31,69,31,69,100
SAN LORENZO(PND),vacunaciones en ninos de 12 a 23 meses,l 18.1       srp dosis unica,2012-11-01,0,22,0,22,22
SAN LORENZO(TJA),vacunaciones en ninos de 12 a 23 meses,l 18.1       srp dosis unica,2012-11-01,28,9,28,9,37
SAN LUCAS,vacunaciones en ninos de 12 a 23 meses,l 18.1       srp dosis unica,2012-11-01,26,33,26,33,59
SAN MATIAS,vacunaciones en ninos de 12 a 23 meses,l 18.1       srp dosis unica,2012-11-01,26,16,26,16,42
SAN MIGUEL DE VELASCO,vacunaciones en ninos de 12 a 23 meses,l 18.1       srp dosis unica,2012-11-01,15,16,15,16,31
SAN PABLO DE LIPEZ,vacunaciones en ninos de 12 a 23 meses,l 18.1       srp dosis unica,2012-11-01,3,1,3,1,4
SAN PEDRO,vacunaciones en ninos de 12 a 23 meses,l 18.1       srp dosis unica,2012-11-01,29,0,29,0,29
SAN PEDRO DE BUENA VISTA,vacunaciones en ninos de 12 a 23 meses,l 18.1       srp dosis unica,2012-11-01,33,33,33,33,66
SAN PEDRO DE CURAHUARA,vacunaciones en ninos de 12 a 23 meses,l 18.1       srp dosis unica,2012-11-01,4,3,4,3,7
SAN PEDRO DE TIQUINA,vacunaciones en ninos de 12 a 23 meses,l 18.1       srp dosis unica,2012-11-01,3,1,3,1,4
SAN PEDRO(PND),vacunaciones en ninos de 12 a 23 meses,l 18.1       srp dosis unica,2012-11-01,2,8,2,8,10
SAN RAFAEL,vacunaciones en ninos de 12 a 23 meses,l 18.1       srp dosis unica,2012-11-01,0,9,0,9,9
SAN RAMON BENI,vacunaciones en ninos de 12 a 23 meses,l 18.1       srp dosis unica,2012-11-01,9,9,9,9,18
SAN RAMON SCZ,vacunaciones en ninos de 12 a 23 meses,l 18.1       srp dosis unica,2012-11-01,12,3,12,3,15
SANTA ANA,vacunaciones en ninos de 12 a 23 meses,l 18.1       srp dosis unica,2012-11-01,56,2,56,2,58
SANTA CRUZ DE LA SIERRA,vacunaciones en ninos de 12 a 23 meses,l 18.1       srp dosis unica,2012-11-01,2015,283,2015,283,2298
SANTA ROSA,vacunaciones en ninos de 12 a 23 meses,l 18.1       srp dosis unica,2012-11-01,10,19,10,19,29
SANTA ROSA DEL SARA,vacunaciones en ninos de 12 a 23 meses,l 18.1       srp dosis unica,2012-11-01,27,3,27,3,30
SANTIAGO DE CALLAPA,vacunaciones en ninos de 12 a 23 meses,l 18.1       srp dosis unica,2012-11-01,2,11,2,11,13
SANTIAGO DE HUARI,vacunaciones en ninos de 12 a 23 meses,l 18.1       srp dosis unica,2012-11-01,2,5,2,5,7
SANTIAGO DE HUATA,vacunaciones en ninos de 12 a 23 meses,l 18.1       srp dosis unica,2012-11-01,1,9,1,9,10
SANTIAGO DE MACHACA,vacunaciones en ninos de 12 a 23 meses,l 18.1       srp dosis unica,2012-11-01,2,1,2,1,3
SANTIVAÑES,vacunaciones en ninos de 12 a 23 meses,l 18.1       srp dosis unica,2012-11-01,6,12,6,12,18
SAPAHAQUI,vacunaciones en ninos de 12 a 23 meses,l 18.1       srp dosis unica,2012-11-01,3,17,3,17,20
SENA,vacunaciones en ninos de 12 a 23 meses,l 18.1       srp dosis unica,2012-11-01,6,21,6,21,27
SHINAOTA,vacunaciones en ninos de 12 a 23 meses,l 18.1       srp dosis unica,2012-11-01,27,15,27,15,42
SICA SICA (VILLA AROMA),vacunaciones en ninos de 12 a 23 meses,l 18.1       srp dosis unica,2012-11-01,15,19,15,19,34
SICAYA,vacunaciones en ninos de 12 a 23 meses,l 18.1       srp dosis unica,2012-11-01,1,9,1,9,10
SIPE SIPE,vacunaciones en ninos de 12 a 23 meses,l 18.1       srp dosis unica,2012-11-01,94,16,94,16,110
SOPACHUY,vacunaciones en ninos de 12 a 23 meses,l 18.1       srp dosis unica,2012-11-01,3,5,3,5,8
SORACACHI,vacunaciones en ninos de 12 a 23 meses,l 18.1       srp dosis unica,2012-11-01,6,12,6,12,18
SORATA,vacunaciones en ninos de 12 a 23 meses,l 18.1       srp dosis unica,2012-11-01,15,32,15,32,47
SUCRE,vacunaciones en ninos de 12 a 23 meses,l 18.1       srp dosis unica,2012-11-01,469,137,469,137,606
TACACHI,vacunaciones en ninos de 12 a 23 meses,l 18.1       srp dosis unica,2012-11-01,1,0,1,0,1
TACACOMA,vacunaciones en ninos de 12 a 23 meses,l 18.1       srp dosis unica,2012-11-01,4,1,4,1,5
TACOBAMBA,vacunaciones en ninos de 12 a 23 meses,l 18.1       srp dosis unica,2012-11-01,6,12,6,12,18
TACOPAYA,vacunaciones en ninos de 12 a 23 meses,l 18.1       srp dosis unica,2012-11-01,5,4,5,4,9
TAHUA,vacunaciones en ninos de 12 a 23 meses,l 18.1       srp dosis unica,2012-11-01,3,0,3,0,3
TAPACARI,vacunaciones en ninos de 12 a 23 meses,l 18.1       srp dosis unica,2012-11-01,22,23,22,23,45
TARABUCO,vacunaciones en ninos de 12 a 23 meses,l 18.1       srp dosis unica,2012-11-01,13,24,13,24,37
TARACO,vacunaciones en ninos de 12 a 23 meses,l 18.1       srp dosis unica,2012-11-01,6,2,6,2,8
TARATA,vacunaciones en ninos de 12 a 23 meses,l 18.1       srp dosis unica,2012-11-01,11,0,11,0,11
TARIJA,vacunaciones en ninos de 12 a 23 meses,l 18.1       srp dosis unica,2012-11-01,338,67,338,67,405
TARVITA,vacunaciones en ninos de 12 a 23 meses,l 18.1       srp dosis unica,2012-11-01,18,18,18,18,36
TEOPONTE,vacunaciones en ninos de 12 a 23 meses,l 18.1       srp dosis unica,2012-11-01,10,3,10,3,13
TIAWANACU,vacunaciones en ninos de 12 a 23 meses,l 18.1       srp dosis unica,2012-11-01,17,14,17,14,31
TINGUIPAYA,vacunaciones en ninos de 12 a 23 meses,l 18.1       srp dosis unica,2012-11-01,31,15,31,15,46
TIPUANI,vacunaciones en ninos de 12 a 23 meses,l 18.1       srp dosis unica,2012-11-01,11,12,11,12,23
TIQUIPAYA,vacunaciones en ninos de 12 a 23 meses,l 18.1       srp dosis unica,2012-11-01,83,64,83,64,147
TIRAQUE (CBBA),vacunaciones en ninos de 12 a 23 meses,l 18.1       srp dosis unica,2012-11-01,27,16,27,16,43
TOCO,vacunaciones en ninos de 12 a 23 meses,l 18.1       srp dosis unica,2012-11-01,3,6,3,6,9
TOLATA,vacunaciones en ninos de 12 a 23 meses,l 18.1       srp dosis unica,2012-11-01,15,4,15,4,19
TOLEDO,vacunaciones en ninos de 12 a 23 meses,l 18.1       srp dosis unica,2012-11-01,8,2,8,2,10
TOMAVE,vacunaciones en ninos de 12 a 23 meses,l 18.1       srp dosis unica,2012-11-01,10,8,10,8,18
TOMINA,vacunaciones en ninos de 12 a 23 meses,l 18.1       srp dosis unica,2012-11-01,8,13,8,13,21
TORO TORO,vacunaciones en ninos de 12 a 23 meses,l 18.1       srp dosis unica,2012-11-01,8,16,8,16,24
TOTORA(CBBA),vacunaciones en ninos de 12 a 23 meses,l 18.1       srp dosis unica,2012-11-01,26,4,26,4,30
TOTORA(ORR),vacunaciones en ninos de 12 a 23 meses,l 18.1       srp dosis unica,2012-11-01,3,4,3,4,7
TRIGAL,vacunaciones en ninos de 12 a 23 meses,l 18.1       srp dosis unica,2012-11-01,1,2,1,2,3
TRINIDAD,vacunaciones en ninos de 12 a 23 meses,l 18.1       srp dosis unica,2012-11-01,135,44,135,44,179
TUPIZA,vacunaciones en ninos de 12 a 23 meses,l 18.1       srp dosis unica,2012-11-01,54,25,54,25,79
TURCO,vacunaciones en ninos de 12 a 23 meses,l 18.1       srp dosis unica,2012-11-01,3,6,3,6,9
UMALA,vacunaciones en ninos de 12 a 23 meses,l 18.1       srp dosis unica,2012-11-01,1,11,1,11,12
UNCIA,vacunaciones en ninos de 12 a 23 meses,l 18.1       srp dosis unica,2012-11-01,39,19,39,19,58
URIONDO (A. CONCEPCION),vacunaciones en ninos de 12 a 23 meses,l 18.1       srp dosis unica,2012-11-01,19,6,19,6,25
URUBICHA,vacunaciones en ninos de 12 a 23 meses,l 18.1       srp dosis unica,2012-11-01,13,6,13,6,19
UYUNI,vacunaciones en ninos de 12 a 23 meses,l 18.1       srp dosis unica,2012-11-01,68,7,68,7,75
VACAS,vacunaciones en ninos de 12 a 23 meses,l 18.1       srp dosis unica,2012-11-01,4,11,4,11,15
VALLEGRANDE,vacunaciones en ninos de 12 a 23 meses,l 18.1       srp dosis unica,2012-11-01,26,2,26,2,28
VIACHA,vacunaciones en ninos de 12 a 23 meses,l 18.1       srp dosis unica,2012-11-01,104,25,104,25,129
VILA VILA,vacunaciones en ninos de 12 a 23 meses,l 18.1       srp dosis unica,2012-11-01,1,3,1,3,4
VILLA CHARCAS,vacunaciones en ninos de 12 a 23 meses,l 18.1       srp dosis unica,2012-11-01,21,22,21,22,43
VILLA MONTES,vacunaciones en ninos de 12 a 23 meses,l 18.1       srp dosis unica,2012-11-01,35,17,35,17,52
VILLA RIVERO,vacunaciones en ninos de 12 a 23 meses,l 18.1       srp dosis unica,2012-11-01,6,7,6,7,13
VILLA SERRANO,vacunaciones en ninos de 12 a 23 meses,l 18.1       srp dosis unica,2012-11-01,9,16,9,16,25
VILLA TUNARI,vacunaciones en ninos de 12 a 23 meses,l 18.1       srp dosis unica,2012-11-01,98,26,98,26,124
VILLA VACA GUZMAN (MUYUPAMPA),vacunaciones en ninos de 12 a 23 meses,l 18.1       srp dosis unica,2012-11-01,16,4,16,4,20
VILLAZON,vacunaciones en ninos de 12 a 23 meses,l 18.1       srp dosis unica,2012-11-01,63,20,63,20,83
VINTO,vacunaciones en ninos de 12 a 23 meses,l 18.1       srp dosis unica,2012-11-01,72,6,72,6,78
VITICHI,vacunaciones en ninos de 12 a 23 meses,l 18.1       srp dosis unica,2012-11-01,12,5,12,5,17
WALDO BALLIVIAN,vacunaciones en ninos de 12 a 23 meses,l 18.1       srp dosis unica,2012-11-01,2,1,2,1,3
WARNES,vacunaciones en ninos de 12 a 23 meses,l 18.1       srp dosis unica,2012-11-01,123,20,123,20,143
YACO,vacunaciones en ninos de 12 a 23 meses,l 18.1       srp dosis unica,2012-11-01,6,1,6,1,7
YACUIBA,vacunaciones en ninos de 12 a 23 meses,l 18.1       srp dosis unica,2012-11-01,96,119,96,119,215
YAMPARAEZ,vacunaciones en ninos de 12 a 23 meses,l 18.1       srp dosis unica,2012-11-01,2,8,2,8,10
YANACACHI,vacunaciones en ninos de 12 a 23 meses,l 18.1       srp dosis unica,2012-11-01,5,7,5,7,12
YAPACANI,vacunaciones en ninos de 12 a 23 meses,l 18.1       srp dosis unica,2012-11-01,63,45,63,45,108
YOCALLA,vacunaciones en ninos de 12 a 23 meses,l 18.1       srp dosis unica,2012-11-01,8,7,8,7,15
YOTALA,vacunaciones en ninos de 12 a 23 meses,l 18.1       srp dosis unica,2012-11-01,7,10,7,10,17
YUNCHARA,vacunaciones en ninos de 12 a 23 meses,l 18.1       srp dosis unica,2012-11-01,0,6,0,6,6
ZUDAÑEZ,vacunaciones en ninos de 12 a 23 meses,l 18.1       srp dosis unica,2012-11-01,4,10,4,10,14
ACACIO,vacunaciones en ninos de 12 a 23 meses,l 18.1       srp dosis unica,2012-12-01,4,8,4,8,12
ACHACACHI,vacunaciones en ninos de 12 a 23 meses,l 18.1       srp dosis unica,2012-12-01,36,40,36,40,76
ACHOCALLA,vacunaciones en ninos de 12 a 23 meses,l 18.1       srp dosis unica,2012-12-01,13,11,13,11,24
AIQUILE,vacunaciones en ninos de 12 a 23 meses,l 18.1       srp dosis unica,2012-12-01,30,21,30,21,51
ALALAY,vacunaciones en ninos de 12 a 23 meses,l 18.1       srp dosis unica,2012-12-01,2,1,2,1,3
ALCALA,vacunaciones en ninos de 12 a 23 meses,l 18.1       srp dosis unica,2012-12-01,3,1,3,1,4
ALTO BENI,vacunaciones en ninos de 12 a 23 meses,l 18.1       srp dosis unica,2012-12-01,11,3,11,3,14
ANCORAIMES,vacunaciones en ninos de 12 a 23 meses,l 18.1       srp dosis unica,2012-12-01,7,9,7,9,16
ANDAMARCA,vacunaciones en ninos de 12 a 23 meses,l 18.1       srp dosis unica,2012-12-01,2,4,2,4,6
ANTEQUERA,vacunaciones en ninos de 12 a 23 meses,l 18.1       srp dosis unica,2012-12-01,1,8,1,8,9
ANZALDO,vacunaciones en ninos de 12 a 23 meses,l 18.1       srp dosis unica,2012-12-01,2,6,2,6,8
APOLO,vacunaciones en ninos de 12 a 23 meses,l 18.1       srp dosis unica,2012-12-01,17,7,17,7,24
ARAMPAMPA,vacunaciones en ninos de 12 a 23 meses,l 18.1       srp dosis unica,2012-12-01,2,15,2,15,17
ARANI,vacunaciones en ninos de 12 a 23 meses,l 18.1       srp dosis unica,2012-12-01,18,1,18,1,19
ARBIETO,vacunaciones en ninos de 12 a 23 meses,l 18.1       srp dosis unica,2012-12-01,12,12,12,12,24
ARQUE,vacunaciones en ninos de 12 a 23 meses,l 18.1       srp dosis unica,2012-12-01,11,9,11,9,20
ASCENCION DE GUARAYOS,vacunaciones en ninos de 12 a 23 meses,l 18.1       srp dosis unica,2012-12-01,27,5,27,5,32
ATOCHA,vacunaciones en ninos de 12 a 23 meses,l 18.1       srp dosis unica,2012-12-01,17,7,17,7,24
AUCAPATA,vacunaciones en ninos de 12 a 23 meses,l 18.1       srp dosis unica,2012-12-01,3,0,3,0,3
AYATA,vacunaciones en ninos de 12 a 23 meses,l 18.1       srp dosis unica,2012-12-01,4,12,4,12,16
AYO AYO,vacunaciones en ninos de 12 a 23 meses,l 18.1       srp dosis unica,2012-12-01,9,0,9,0,9
AYOPAYA (V. DE INDEPENDENCIA),vacunaciones en ninos de 12 a 23 meses,l 18.1       srp dosis unica,2012-12-01,16,12,16,12,28
AZURDUY,vacunaciones en ninos de 12 a 23 meses,l 18.1       srp dosis unica,2012-12-01,5,19,5,19,24
BATALLAS,vacunaciones en ninos de 12 a 23 meses,l 18.1       srp dosis unica,2012-12-01,13,6,13,6,19
BAURES,vacunaciones en ninos de 12 a 23 meses,l 18.1       srp dosis unica,2012-12-01,10,2,10,2,12
BELEN DE ANDAMARCA,vacunaciones en ninos de 12 a 23 meses,l 18.1       srp dosis unica,2012-12-01,1,1,1,1,2
BELEN DE URMIRI,vacunaciones en ninos de 12 a 23 meses,l 18.1       srp dosis unica,2012-12-01,1,1,1,1,2
BELLA FLOR,vacunaciones en ninos de 12 a 23 meses,l 18.1       srp dosis unica,2012-12-01,0,4,0,4,4
BERMEJO,vacunaciones en ninos de 12 a 23 meses,l 18.1       srp dosis unica,2012-12-01,30,23,30,23,53
BETANZOS,vacunaciones en ninos de 12 a 23 meses,l 18.1       srp dosis unica,2012-12-01,45,44,45,44,89
BOLIVAR,vacunaciones en ninos de 12 a 23 meses,l 18.1       srp dosis unica,2012-12-01,2,9,2,9,11
BOLPEBRA,vacunaciones en ninos de 12 a 23 meses,l 18.1       srp dosis unica,2012-12-01,8,1,8,1,9
BOYUIBE,vacunaciones en ninos de 12 a 23 meses,l 18.1       srp dosis unica,2012-12-01,2,3,2,3,5
BUENA VISTA,vacunaciones en ninos de 12 a 23 meses,l 18.1       srp dosis unica,2012-12-01,16,9,16,9,25
CABEZAS,vacunaciones en ninos de 12 a 23 meses,l 18.1       srp dosis unica,2012-12-01,12,10,12,10,22
CAIROMA,vacunaciones en ninos de 12 a 23 meses,l 18.1       srp dosis unica,2012-12-01,5,2,5,2,7
"CAIZA ""D""",vacunaciones en ninos de 12 a 23 meses,l 18.1       srp dosis unica,2012-12-01,5,9,5,9,14
CAJUATA,vacunaciones en ninos de 12 a 23 meses,l 18.1       srp dosis unica,2012-12-01,10,4,10,4,14
CALACOTO,vacunaciones en ninos de 12 a 23 meses,l 18.1       srp dosis unica,2012-12-01,0,8,0,8,8
CALAMARCA,vacunaciones en ninos de 12 a 23 meses,l 18.1       srp dosis unica,2012-12-01,10,3,10,3,13
CAMARGO,vacunaciones en ninos de 12 a 23 meses,l 18.1       srp dosis unica,2012-12-01,12,2,12,2,14
CAMATAQUI (C. VILLA ABECIA),vacunaciones en ninos de 12 a 23 meses,l 18.1       srp dosis unica,2012-12-01,4,4,4,4,8
CAMIRI,vacunaciones en ninos de 12 a 23 meses,l 18.1       srp dosis unica,2012-12-01,23,33,23,33,56
CAPINOTA,vacunaciones en ninos de 12 a 23 meses,l 18.1       srp dosis unica,2012-12-01,33,13,33,13,46
CAQUIAVIRI,vacunaciones en ninos de 12 a 23 meses,l 18.1       srp dosis unica,2012-12-01,4,10,4,10,14
CARACOLLO,vacunaciones en ninos de 12 a 23 meses,l 18.1       srp dosis unica,2012-12-01,20,8,20,8,28
CARANAVI,vacunaciones en ninos de 12 a 23 meses,l 18.1       srp dosis unica,2012-12-01,54,19,54,19,73
CARAPARI,vacunaciones en ninos de 12 a 23 meses,l 18.1       srp dosis unica,2012-12-01,3,11,3,11,14
CARIPUYO,vacunaciones en ninos de 12 a 23 meses,l 18.1       srp dosis unica,2012-12-01,1,39,1,39,40
CARMEN RIVERO TORREZ,vacunaciones en ninos de 12 a 23 meses,l 18.1       srp dosis unica,2012-12-01,0,6,0,6,6
CATACORA,vacunaciones en ninos de 12 a 23 meses,l 18.1       srp dosis unica,2012-12-01,2,0,2,0,2
CHALLAPATA,vacunaciones en ninos de 12 a 23 meses,l 18.1       srp dosis unica,2012-12-01,29,23,29,23,52
CHAQUI,vacunaciones en ninos de 12 a 23 meses,l 18.1       srp dosis unica,2012-12-01,6,9,6,9,15
CHARAGUA,vacunaciones en ninos de 12 a 23 meses,l 18.1       srp dosis unica,2012-12-01,11,20,11,20,31
CHARAÑA,vacunaciones en ninos de 12 a 23 meses,l 18.1       srp dosis unica,2012-12-01,1,0,1,0,1
CHAYANTA,vacunaciones en ninos de 12 a 23 meses,l 18.1       srp dosis unica,2012-12-01,6,29,6,29,35
CHIMORE,vacunaciones en ninos de 12 a 23 meses,l 18.1       srp dosis unica,2012-12-01,33,18,33,18,51
CHIPAYA,vacunaciones en ninos de 12 a 23 meses,l 18.1       srp dosis unica,2012-12-01,4,2,4,2,6
CHOQUE COTA,vacunaciones en ninos de 12 a 23 meses,l 18.1       srp dosis unica,2012-12-01,0,1,0,1,1
CHULUMANI (V. DE LA LIBERTAD),vacunaciones en ninos de 12 a 23 meses,l 18.1       srp dosis unica,2012-12-01,23,5,23,5,28
CHUMA,vacunaciones en ninos de 12 a 23 meses,l 18.1       srp dosis unica,2012-12-01,12,2,12,2,14
CHUQUIHUTA AYLLU JUCUMANI,vacunaciones en ninos de 12 a 23 meses,l 18.1       srp dosis unica,2012-12-01,9,8,9,8,17
CKOCHAS,vacunaciones en ninos de 12 a 23 meses,l 18.1       srp dosis unica,2012-12-01,27,17,27,17,44
CLIZA,vacunaciones en ninos de 12 a 23 meses,l 18.1       srp dosis unica,2012-12-01,22,14,22,14,36
COBIJA,vacunaciones en ninos de 12 a 23 meses,l 18.1       srp dosis unica,2012-12-01,69,35,69,35,104
COCAPATA,vacunaciones en ninos de 12 a 23 meses,l 18.1       srp dosis unica,2012-12-01,3,19,3,19,22
COCHABAMBA,vacunaciones en ninos de 12 a 23 meses,l 18.1       srp dosis unica,2012-12-01,1060,53,1060,53,1113
COIPASA,vacunaciones en ninos de 12 a 23 meses,l 18.1       srp dosis unica,2012-12-01,0,2,0,2,2
COLCAPIRHUA,vacunaciones en ninos de 12 a 23 meses,l 18.1       srp dosis unica,2012-12-01,86,8,86,8,94
"COLCHA ""K""",vacunaciones en ninos de 12 a 23 meses,l 18.1       srp dosis unica,2012-12-01,19,22,19,22,41
COLLANA,vacunaciones en ninos de 12 a 23 meses,l 18.1       srp dosis unica,2012-12-01,2,1,2,1,3
COLOMI,vacunaciones en ninos de 12 a 23 meses,l 18.1       srp dosis unica,2012-12-01,20,13,20,13,33
COLPA BELGICA,vacunaciones en ninos de 12 a 23 meses,l 18.1       srp dosis unica,2012-12-01,11,7,11,7,18
COLQUECHACA,vacunaciones en ninos de 12 a 23 meses,l 18.1       srp dosis unica,2012-12-01,23,85,23,85,108
COLQUENCHA,vacunaciones en ninos de 12 a 23 meses,l 18.1       srp dosis unica,2012-12-01,5,2,5,2,7
COLQUIRI,vacunaciones en ninos de 12 a 23 meses,l 18.1       srp dosis unica,2012-12-01,14,23,14,23,37
COMANCHE,vacunaciones en ninos de 12 a 23 meses,l 18.1       srp dosis unica,2012-12-01,3,4,3,4,7
COMARAPA,vacunaciones en ninos de 12 a 23 meses,l 18.1       srp dosis unica,2012-12-01,17,27,17,27,44
CONCEPCION,vacunaciones en ninos de 12 a 23 meses,l 18.1       srp dosis unica,2012-12-01,21,1,21,1,22
COPACABANA,vacunaciones en ninos de 12 a 23 meses,l 18.1       srp dosis unica,2012-12-01,12,13,12,13,25
CORIPATA,vacunaciones en ninos de 12 a 23 meses,l 18.1       srp dosis unica,2012-12-01,16,15,16,15,31
CORO CORO,vacunaciones en ninos de 12 a 23 meses,l 18.1       srp dosis unica,2012-12-01,3,11,3,11,14
COROICO,vacunaciones en ninos de 12 a 23 meses,l 18.1       srp dosis unica,2012-12-01,13,15,13,15,28
CORQUE,vacunaciones en ninos de 12 a 23 meses,l 18.1       srp dosis unica,2012-12-01,3,4,3,4,7
COTAGAITA,vacunaciones en ninos de 12 a 23 meses,l 18.1       srp dosis unica,2012-12-01,6,32,6,32,38
COTOCA,vacunaciones en ninos de 12 a 23 meses,l 18.1       srp dosis unica,2012-12-01,70,29,70,29,99
CUATRO CAÑADAS,vacunaciones en ninos de 12 a 23 meses,l 18.1       srp dosis unica,2012-12-01,3,53,3,53,56
CUEVO,vacunaciones en ninos de 12 a 23 meses,l 18.1       srp dosis unica,2012-12-01,2,8,2,8,10
CULPINA,vacunaciones en ninos de 12 a 23 meses,l 18.1       srp dosis unica,2012-12-01,21,16,21,16,37
CURAHUARA DE CARANGAS,vacunaciones en ninos de 12 a 23 meses,l 18.1       srp dosis unica,2012-12-01,2,2,2,2,4
CURVA,vacunaciones en ninos de 12 a 23 meses,l 18.1       srp dosis unica,2012-12-01,1,3,1,3,4
DESAGUADERO,vacunaciones en ninos de 12 a 23 meses,l 18.1       srp dosis unica,2012-12-01,6,2,6,2,8
EL ALTO,vacunaciones en ninos de 12 a 23 meses,l 18.1       srp dosis unica,2012-12-01,1028,44,1028,44,1072
EL CHORO,vacunaciones en ninos de 12 a 23 meses,l 18.1       srp dosis unica,2012-12-01,0,9,0,9,9
EL PUENTE(STC),vacunaciones en ninos de 12 a 23 meses,l 18.1       srp dosis unica,2012-12-01,17,10,17,10,27
EL PUENTE(TJA),vacunaciones en ninos de 12 a 23 meses,l 18.1       srp dosis unica,2012-12-01,10,13,10,13,23
EL TORNO,vacunaciones en ninos de 12 a 23 meses,l 18.1       srp dosis unica,2012-12-01,37,18,37,18,55
EL VILLAR,vacunaciones en ninos de 12 a 23 meses,l 18.1       srp dosis unica,2012-12-01,7,2,7,2,9
ENTRE RIOS TRJ,vacunaciones en ninos de 12 a 23 meses,l 18.1       srp dosis unica,2012-12-01,3,24,3,24,27
ENTRE RIOS CBBA,vacunaciones en ninos de 12 a 23 meses,l 18.1       srp dosis unica,2012-12-01,61,10,61,10,71
ESCARA,vacunaciones en ninos de 12 a 23 meses,l 18.1       srp dosis unica,2012-12-01,1,0,1,0,1
ESCOMA,vacunaciones en ninos de 12 a 23 meses,l 18.1       srp dosis unica,2012-12-01,3,1,3,1,4
EUCALIPTUS,vacunaciones en ninos de 12 a 23 meses,l 18.1       srp dosis unica,2012-12-01,4,6,4,6,10
EUREKA (SANTOS MERCADO),vacunaciones en ninos de 12 a 23 meses,l 18.1       srp dosis unica,2012-12-01,1,4,1,4,5
EXALTACION,vacunaciones en ninos de 12 a 23 meses,l 18.1       srp dosis unica,2012-12-01,0,15,0,15,15
FERNANDEZ ALONSO,vacunaciones en ninos de 12 a 23 meses,l 18.1       srp dosis unica,2012-12-01,5,6,5,6,11
FILADELFIA,vacunaciones en ninos de 12 a 23 meses,l 18.1       srp dosis unica,2012-12-01,0,8,0,8,8
GENERAL SAAVEDRA,vacunaciones en ninos de 12 a 23 meses,l 18.1       srp dosis unica,2012-12-01,15,10,15,10,25
GRAL. J.J. PEREZ (CHARAZANI),vacunaciones en ninos de 12 a 23 meses,l 18.1       srp dosis unica,2012-12-01,5,10,5,10,15
GUANAY,vacunaciones en ninos de 12 a 23 meses,l 18.1       srp dosis unica,2012-12-01,10,6,10,6,16
GUAQUI,vacunaciones en ninos de 12 a 23 meses,l 18.1       srp dosis unica,2012-12-01,6,11,6,11,17
GUAYARAMERIN,vacunaciones en ninos de 12 a 23 meses,l 18.1       srp dosis unica,2012-12-01,68,73,68,73,141
GUTIERREZ,vacunaciones en ninos de 12 a 23 meses,l 18.1       srp dosis unica,2012-12-01,14,26,14,26,40
HUACARETA,vacunaciones en ninos de 12 a 23 meses,l 18.1       srp dosis unica,2012-12-01,8,10,8,10,18
HUACAYA (VILLA DE HUACAYA),vacunaciones en ninos de 12 a 23 meses,l 18.1       srp dosis unica,2012-12-01,0,1,0,1,1
HUACHACALLA,vacunaciones en ninos de 12 a 23 meses,l 18.1       srp dosis unica,2012-12-01,1,1,1,1,2
HUANUNI,vacunaciones en ninos de 12 a 23 meses,l 18.1       srp dosis unica,2012-12-01,48,3,48,3,51
HUARACAJE,vacunaciones en ninos de 12 a 23 meses,l 18.1       srp dosis unica,2012-12-01,1,5,1,5,6
HUARINA,vacunaciones en ninos de 12 a 23 meses,l 18.1       srp dosis unica,2012-12-01,4,6,4,6,10
HUAYLLAMARCA,vacunaciones en ninos de 12 a 23 meses,l 18.1       srp dosis unica,2012-12-01,3,1,3,1,4
HUMANATA,vacunaciones en ninos de 12 a 23 meses,l 18.1       srp dosis unica,2012-12-01,1,3,1,3,4
ICHOCA,vacunaciones en ninos de 12 a 23 meses,l 18.1       srp dosis unica,2012-12-01,2,10,2,10,12
ICLA,vacunaciones en ninos de 12 a 23 meses,l 18.1       srp dosis unica,2012-12-01,7,4,7,4,11
INCAHUASI,vacunaciones en ninos de 12 a 23 meses,l 18.1       srp dosis unica,2012-12-01,9,11,9,11,20
INGAVI (HUMAITA),vacunaciones en ninos de 12 a 23 meses,l 18.1       srp dosis unica,2012-12-01,1,1,1,1,2
INQUISIVI,vacunaciones en ninos de 12 a 23 meses,l 18.1       srp dosis unica,2012-12-01,5,7,5,7,12
IRUPANA (VILLA DE LANZA),vacunaciones en ninos de 12 a 23 meses,l 18.1       srp dosis unica,2012-12-01,15,6,15,6,21
IXIAMAS,vacunaciones en ninos de 12 a 23 meses,l 18.1       srp dosis unica,2012-12-01,11,8,11,8,19
JESUS DE MACHACA,vacunaciones en ninos de 12 a 23 meses,l 18.1       srp dosis unica,2012-12-01,22,9,22,9,31
LA ASUNTA,vacunaciones en ninos de 12 a 23 meses,l 18.1       srp dosis unica,2012-12-01,49,10,49,10,59
LA GUARDIA,vacunaciones en ninos de 12 a 23 meses,l 18.1       srp dosis unica,2012-12-01,103,18,103,18,121
LA PAZ,vacunaciones en ninos de 12 a 23 meses,l 18.1       srp dosis unica,2012-12-01,1030,231,1030,231,1261
LAGUNILLAS,vacunaciones en ninos de 12 a 23 meses,l 18.1       srp dosis unica,2012-12-01,1,8,1,8,9
LAJA,vacunaciones en ninos de 12 a 23 meses,l 18.1       srp dosis unica,2012-12-01,22,21,22,21,43
LAS CARRERAS,vacunaciones en ninos de 12 a 23 meses,l 18.1       srp dosis unica,2012-12-01,1,2,1,2,3
LICOMA PAMPA,vacunaciones en ninos de 12 a 23 meses,l 18.1       srp dosis unica,2012-12-01,5,0,5,0,5
LLALLAGUA,vacunaciones en ninos de 12 a 23 meses,l 18.1       srp dosis unica,2012-12-01,39,23,39,23,62
LLICA,vacunaciones en ninos de 12 a 23 meses,l 18.1       srp dosis unica,2012-12-01,1,0,1,0,1
LORETO,vacunaciones en ninos de 12 a 23 meses,l 18.1       srp dosis unica,2012-12-01,0,30,0,30,30
LURIBAY,vacunaciones en ninos de 12 a 23 meses,l 18.1       srp dosis unica,2012-12-01,9,11,9,11,20
MACHACAMARCA,vacunaciones en ninos de 12 a 23 meses,l 18.1       srp dosis unica,2012-12-01,8,3,8,3,11
MACHARETI,vacunaciones en ninos de 12 a 23 meses,l 18.1       srp dosis unica,2012-12-01,12,3,12,3,15
MAGDALENA,vacunaciones en ninos de 12 a 23 meses,l 18.1       srp dosis unica,2012-12-01,1,31,1,31,32
MAIRANA,vacunaciones en ninos de 12 a 23 meses,l 18.1       srp dosis unica,2012-12-01,16,0,16,0,16
MAPIRI,vacunaciones en ninos de 12 a 23 meses,l 18.1       srp dosis unica,2012-12-01,7,6,7,6,13
MECAPACA,vacunaciones en ninos de 12 a 23 meses,l 18.1       srp dosis unica,2012-12-01,7,17,7,17,24
MINEROS,vacunaciones en ninos de 12 a 23 meses,l 18.1       srp dosis unica,2012-12-01,24,27,24,27,51
MIZQUE,vacunaciones en ninos de 12 a 23 meses,l 18.1       srp dosis unica,2012-12-01,15,14,15,14,29
MOCOMOCO,vacunaciones en ninos de 12 a 23 meses,l 18.1       srp dosis unica,2012-12-01,4,11,4,11,15
MOJINETE,vacunaciones en ninos de 12 a 23 meses,l 18.1       srp dosis unica,2012-12-01,0,1,0,1,1
MOJOCOYA,vacunaciones en ninos de 12 a 23 meses,l 18.1       srp dosis unica,2012-12-01,8,5,8,5,13
MONTEAGUDO,vacunaciones en ninos de 12 a 23 meses,l 18.1       srp dosis unica,2012-12-01,32,15,32,15,47
MONTERO,vacunaciones en ninos de 12 a 23 meses,l 18.1       srp dosis unica,2012-12-01,182,13,182,13,195
MORO MORO,vacunaciones en ninos de 12 a 23 meses,l 18.1       srp dosis unica,2012-12-01,0,4,0,4,4
MOROCHATA,vacunaciones en ninos de 12 a 23 meses,l 18.1       srp dosis unica,2012-12-01,10,16,10,16,26
NACEBE (SANTA ROSA DEL ABUNA),vacunaciones en ninos de 12 a 23 meses,l 18.1       srp dosis unica,2012-12-01,0,7,0,7,7
NAZACARA DE PACAJES,vacunaciones en ninos de 12 a 23 meses,l 18.1       srp dosis unica,2012-12-01,2,0,2,0,2
OCURI,vacunaciones en ninos de 12 a 23 meses,l 18.1       srp dosis unica,2012-12-01,15,17,15,17,32
OKINAWA,vacunaciones en ninos de 12 a 23 meses,l 18.1       srp dosis unica,2012-12-01,7,0,7,0,7
OMEREQUE,vacunaciones en ninos de 12 a 23 meses,l 18.1       srp dosis unica,2012-12-01,5,5,5,5,10
ORURO,vacunaciones en ninos de 12 a 23 meses,l 18.1       srp dosis unica,2012-12-01,423,33,423,33,456
PADCAYA,vacunaciones en ninos de 12 a 23 meses,l 18.1       srp dosis unica,2012-12-01,14,15,14,15,29
PADILLA,vacunaciones en ninos de 12 a 23 meses,l 18.1       srp dosis unica,2012-12-01,11,6,11,6,17
PAILON,vacunaciones en ninos de 12 a 23 meses,l 18.1       srp dosis unica,2012-12-01,38,107,38,107,145
PALCA,vacunaciones en ninos de 12 a 23 meses,l 18.1       srp dosis unica,2012-12-01,20,10,20,10,30
PALOS BLANCOS,vacunaciones en ninos de 12 a 23 meses,l 18.1       srp dosis unica,2012-12-01,23,4,23,4,27
PAMPA AULLAGAS,vacunaciones en ninos de 12 a 23 meses,l 18.1       srp dosis unica,2012-12-01,3,2,3,2,5
PAMPA GRANDE,vacunaciones en ninos de 12 a 23 meses,l 18.1       srp dosis unica,2012-12-01,5,0,5,0,5
PAPEL PAMPA,vacunaciones en ninos de 12 a 23 meses,l 18.1       srp dosis unica,2012-12-01,4,1,4,1,5
PASORAPA,vacunaciones en ninos de 12 a 23 meses,l 18.1       srp dosis unica,2012-12-01,1,0,1,0,1
PATACAMAYA,vacunaciones en ninos de 12 a 23 meses,l 18.1       srp dosis unica,2012-12-01,20,4,20,4,24
PAZÑA,vacunaciones en ninos de 12 a 23 meses,l 18.1       srp dosis unica,2012-12-01,4,3,4,3,7
PELECHUCO,vacunaciones en ninos de 12 a 23 meses,l 18.1       srp dosis unica,2012-12-01,3,2,3,2,5
POCOATA,vacunaciones en ninos de 12 a 23 meses,l 18.1       srp dosis unica,2012-12-01,18,50,18,50,68
POCONA,vacunaciones en ninos de 12 a 23 meses,l 18.1       srp dosis unica,2012-12-01,3,10,3,10,13
POJO (CBBA),vacunaciones en ninos de 12 a 23 meses,l 18.1       srp dosis unica,2012-12-01,12,17,12,17,29
POOPO,vacunaciones en ninos de 12 a 23 meses,l 18.1       srp dosis unica,2012-12-01,9,4,9,4,13
PORCO,vacunaciones en ninos de 12 a 23 meses,l 18.1       srp dosis unica,2012-12-01,4,7,4,7,11
POROMA,vacunaciones en ninos de 12 a 23 meses,l 18.1       srp dosis unica,2012-12-01,9,20,9,20,29
PORONGO,vacunaciones en ninos de 12 a 23 meses,l 18.1       srp dosis unica,2012-12-01,11,7,11,7,18
PORTACHUELO,vacunaciones en ninos de 12 a 23 meses,l 18.1       srp dosis unica,2012-12-01,22,3,22,3,25
PORVENIR,vacunaciones en ninos de 12 a 23 meses,l 18.1       srp dosis unica,2012-12-01,8,6,8,6,14
POSTRER VALLE,vacunaciones en ninos de 12 a 23 meses,l 18.1       srp dosis unica,2012-12-01,4,0,4,0,4
POTOSI,vacunaciones en ninos de 12 a 23 meses,l 18.1       srp dosis unica,2012-12-01,312,22,312,22,334
PRESTO,vacunaciones en ninos de 12 a 23 meses,l 18.1       srp dosis unica,2012-12-01,11,14,11,14,25
PUCARA,vacunaciones en ninos de 12 a 23 meses,l 18.1       srp dosis unica,2012-12-01,1,0,1,0,1
PUCARANI,vacunaciones en ninos de 12 a 23 meses,l 18.1       srp dosis unica,2012-12-01,16,26,16,26,42
PUERTO ACOSTA,vacunaciones en ninos de 12 a 23 meses,l 18.1       srp dosis unica,2012-12-01,0,20,0,20,20
PUERTO CARABUCO,vacunaciones en ninos de 12 a 23 meses,l 18.1       srp dosis unica,2012-12-01,3,17,3,17,20
PUERTO GONZALO MORENO,vacunaciones en ninos de 12 a 23 meses,l 18.1       srp dosis unica,2012-12-01,5,6,5,6,11
PUERTO PEREZ,vacunaciones en ninos de 12 a 23 meses,l 18.1       srp dosis unica,2012-12-01,5,2,5,2,7
PUERTO QUIJARRO,vacunaciones en ninos de 12 a 23 meses,l 18.1       srp dosis unica,2012-12-01,15,12,15,12,27
PUERTO RICO,vacunaciones en ninos de 12 a 23 meses,l 18.1       srp dosis unica,2012-12-01,11,5,11,5,16
PUERTO SUAREZ,vacunaciones en ninos de 12 a 23 meses,l 18.1       srp dosis unica,2012-12-01,28,4,28,4,32
PUERTO VILLARROEL,vacunaciones en ninos de 12 a 23 meses,l 18.1       srp dosis unica,2012-12-01,67,7,67,7,74
PUNA,vacunaciones en ninos de 12 a 23 meses,l 18.1       srp dosis unica,2012-12-01,16,25,16,25,41
PUNATA,vacunaciones en ninos de 12 a 23 meses,l 18.1       srp dosis unica,2012-12-01,43,1,43,1,44
QUIABAYA,vacunaciones en ninos de 12 a 23 meses,l 18.1       srp dosis unica,2012-12-01,1,4,1,4,5
QUILLACOLLO,vacunaciones en ninos de 12 a 23 meses,l 18.1       srp dosis unica,2012-12-01,189,44,189,44,233
QUIME,vacunaciones en ninos de 12 a 23 meses,l 18.1       srp dosis unica,2012-12-01,3,3,3,3,6
QUIRUSILLAS,vacunaciones en ninos de 12 a 23 meses,l 18.1       srp dosis unica,2012-12-01,3,0,3,0,3
RAVELO,vacunaciones en ninos de 12 a 23 meses,l 18.1       srp dosis unica,2012-12-01,11,22,11,22,33
REYES,vacunaciones en ninos de 12 a 23 meses,l 18.1       srp dosis unica,2012-12-01,21,11,21,11,32
RIBERALTA,vacunaciones en ninos de 12 a 23 meses,l 18.1       srp dosis unica,2012-12-01,117,46,117,46,163
ROBORE,vacunaciones en ninos de 12 a 23 meses,l 18.1       srp dosis unica,2012-12-01,11,14,11,14,25
RURRENABAQUE,vacunaciones en ninos de 12 a 23 meses,l 18.1       srp dosis unica,2012-12-01,26,53,26,53,79
SABAYA,vacunaciones en ninos de 12 a 23 meses,l 18.1       srp dosis unica,2012-12-01,2,0,2,0,2
SACABA,vacunaciones en ninos de 12 a 23 meses,l 18.1       srp dosis unica,2012-12-01,169,48,169,48,217
SACABAMBA,vacunaciones en ninos de 12 a 23 meses,l 18.1       srp dosis unica,2012-12-01,2,4,2,4,6
SACACA,vacunaciones en ninos de 12 a 23 meses,l 18.1       srp dosis unica,2012-12-01,20,48,20,48,68
SAIPINA,vacunaciones en ninos de 12 a 23 meses,l 18.1       srp dosis unica,2012-12-01,1,7,1,7,8
SALINAS DE GARCI MENDOZA,vacunaciones en ninos de 12 a 23 meses,l 18.1       srp dosis unica,2012-12-01,9,7,9,7,16
SAMAIPATA,vacunaciones en ninos de 12 a 23 meses,l 18.1       srp dosis unica,2012-12-01,4,17,4,17,21
SAN ANDRES,vacunaciones en ninos de 12 a 23 meses,l 18.1       srp dosis unica,2012-12-01,3,10,3,10,13
SAN ANDRES DE MACHACA,vacunaciones en ninos de 12 a 23 meses,l 18.1       srp dosis unica,2012-12-01,4,0,4,0,4
SAN ANTONIO DE ESMORUCO,vacunaciones en ninos de 12 a 23 meses,l 18.1       srp dosis unica,2012-12-01,3,0,3,0,3
SAN ANTONIO DE LOMERIO,vacunaciones en ninos de 12 a 23 meses,l 18.1       srp dosis unica,2012-12-01,2,5,2,5,7
SAN BENITO,vacunaciones en ninos de 12 a 23 meses,l 18.1       srp dosis unica,2012-12-01,9,7,9,7,16
SAN BORJA,vacunaciones en ninos de 12 a 23 meses,l 18.1       srp dosis unica,2012-12-01,39,40,39,40,79
SAN BUENA VENTURA,vacunaciones en ninos de 12 a 23 meses,l 18.1       srp dosis unica,2012-12-01,6,4,6,4,10
SAN CARLOS,vacunaciones en ninos de 12 a 23 meses,l 18.1       srp dosis unica,2012-12-01,26,13,26,13,39
SAN IGNACIO,vacunaciones en ninos de 12 a 23 meses,l 18.1       srp dosis unica,2012-12-01,35,37,35,37,72
SAN IGNACIO DE VELASCO,vacunaciones en ninos de 12 a 23 meses,l 18.1       srp dosis unica,2012-12-01,89,12,89,12,101
SAN JAVIER(BNI),vacunaciones en ninos de 12 a 23 meses,l 18.1       srp dosis unica,2012-12-01,0,22,0,22,22
SAN JAVIER(STC),vacunaciones en ninos de 12 a 23 meses,l 18.1       srp dosis unica,2012-12-01,23,3,23,3,26
SAN JOAQUIN,vacunaciones en ninos de 12 a 23 meses,l 18.1       srp dosis unica,2012-12-01,8,16,8,16,24
SAN JOSE DE CHIQUITOS,vacunaciones en ninos de 12 a 23 meses,l 18.1       srp dosis unica,2012-12-01,26,98,26,98,124
SAN JUAN DE YAPACANI,vacunaciones en ninos de 12 a 23 meses,l 18.1       srp dosis unica,2012-12-01,10,7,10,7,17
SAN JULIAN,vacunaciones en ninos de 12 a 23 meses,l 18.1       srp dosis unica,2012-12-01,22,11,22,11,33
SAN LORENZO(PND),vacunaciones en ninos de 12 a 23 meses,l 18.1       srp dosis unica,2012-12-01,1,7,1,7,8
SAN LORENZO(TJA),vacunaciones en ninos de 12 a 23 meses,l 18.1       srp dosis unica,2012-12-01,19,13,19,13,32
SAN LUCAS,vacunaciones en ninos de 12 a 23 meses,l 18.1       srp dosis unica,2012-12-01,31,27,31,27,58
SAN MATIAS,vacunaciones en ninos de 12 a 23 meses,l 18.1       srp dosis unica,2012-12-01,13,13,13,13,26
SAN MIGUEL DE VELASCO,vacunaciones en ninos de 12 a 23 meses,l 18.1       srp dosis unica,2012-12-01,21,14,21,14,35
SAN PEDRO,vacunaciones en ninos de 12 a 23 meses,l 18.1       srp dosis unica,2012-12-01,31,3,31,3,34
SAN PEDRO DE BUENA VISTA,vacunaciones en ninos de 12 a 23 meses,l 18.1       srp dosis unica,2012-12-01,40,60,40,60,100
SAN PEDRO DE CURAHUARA,vacunaciones en ninos de 12 a 23 meses,l 18.1       srp dosis unica,2012-12-01,6,4,6,4,10
SAN PEDRO DE QUEMES,vacunaciones en ninos de 12 a 23 meses,l 18.1       srp dosis unica,2012-12-01,0,2,0,2,2
SAN PEDRO DE TIQUINA,vacunaciones en ninos de 12 a 23 meses,l 18.1       srp dosis unica,2012-12-01,3,3,3,3,6
SAN RAFAEL,vacunaciones en ninos de 12 a 23 meses,l 18.1       srp dosis unica,2012-12-01,2,16,2,16,18
SAN RAMON BENI,vacunaciones en ninos de 12 a 23 meses,l 18.1       srp dosis unica,2012-12-01,2,9,2,9,11
SAN RAMON SCZ,vacunaciones en ninos de 12 a 23 meses,l 18.1       srp dosis unica,2012-12-01,10,2,10,2,12
SANTA ANA,vacunaciones en ninos de 12 a 23 meses,l 18.1       srp dosis unica,2012-12-01,21,26,21,26,47
SANTA CRUZ DE LA SIERRA,vacunaciones en ninos de 12 a 23 meses,l 18.1       srp dosis unica,2012-12-01,1812,359,1812,359,2171
SANTA ROSA DEL SARA,vacunaciones en ninos de 12 a 23 meses,l 18.1       srp dosis unica,2012-12-01,25,11,25,11,36
SANTIAGO DE CALLAPA,vacunaciones en ninos de 12 a 23 meses,l 18.1       srp dosis unica,2012-12-01,2,5,2,5,7
SANTIAGO DE HUARI,vacunaciones en ninos de 12 a 23 meses,l 18.1       srp dosis unica,2012-12-01,8,11,8,11,19
SANTIAGO DE HUATA,vacunaciones en ninos de 12 a 23 meses,l 18.1       srp dosis unica,2012-12-01,4,9,4,9,13
SANTIAGO DE MACHACA,vacunaciones en ninos de 12 a 23 meses,l 18.1       srp dosis unica,2012-12-01,3,1,3,1,4
SANTIVAÑES,vacunaciones en ninos de 12 a 23 meses,l 18.1       srp dosis unica,2012-12-01,7,0,7,0,7
SANTUARIO DE QUILLACAS,vacunaciones en ninos de 12 a 23 meses,l 18.1       srp dosis unica,2012-12-01,1,4,1,4,5
SAPAHAQUI,vacunaciones en ninos de 12 a 23 meses,l 18.1       srp dosis unica,2012-12-01,4,10,4,10,14
SENA,vacunaciones en ninos de 12 a 23 meses,l 18.1       srp dosis unica,2012-12-01,3,0,3,0,3
SHINAOTA,vacunaciones en ninos de 12 a 23 meses,l 18.1       srp dosis unica,2012-12-01,38,5,38,5,43
SICA SICA (VILLA AROMA),vacunaciones en ninos de 12 a 23 meses,l 18.1       srp dosis unica,2012-12-01,10,7,10,7,17
SICAYA,vacunaciones en ninos de 12 a 23 meses,l 18.1       srp dosis unica,2012-12-01,3,0,3,0,3
SIPE SIPE,vacunaciones en ninos de 12 a 23 meses,l 18.1       srp dosis unica,2012-12-01,54,6,54,6,60
SOPACHUY,vacunaciones en ninos de 12 a 23 meses,l 18.1       srp dosis unica,2012-12-01,16,16,16,16,32
SORACACHI,vacunaciones en ninos de 12 a 23 meses,l 18.1       srp dosis unica,2012-12-01,3,12,3,12,15
SORATA,vacunaciones en ninos de 12 a 23 meses,l 18.1       srp dosis unica,2012-12-01,16,16,16,16,32
SUCRE,vacunaciones en ninos de 12 a 23 meses,l 18.1       srp dosis unica,2012-12-01,330,55,330,55,385
TACACHI,vacunaciones en ninos de 12 a 23 meses,l 18.1       srp dosis unica,2012-12-01,2,1,2,1,3
TACACOMA,vacunaciones en ninos de 12 a 23 meses,l 18.1       srp dosis unica,2012-12-01,3,0,3,0,3
TACOBAMBA,vacunaciones en ninos de 12 a 23 meses,l 18.1       srp dosis unica,2012-12-01,9,11,9,11,20
TACOPAYA,vacunaciones en ninos de 12 a 23 meses,l 18.1       srp dosis unica,2012-12-01,21,8,21,8,29
TAHUA,vacunaciones en ninos de 12 a 23 meses,l 18.1       srp dosis unica,2012-12-01,7,0,7,0,7
TAPACARI,vacunaciones en ninos de 12 a 23 meses,l 18.1       srp dosis unica,2012-12-01,28,26,28,26,54
TARABUCO,vacunaciones en ninos de 12 a 23 meses,l 18.1       srp dosis unica,2012-12-01,9,22,9,22,31
TARACO,vacunaciones en ninos de 12 a 23 meses,l 18.1       srp dosis unica,2012-12-01,2,1,2,1,3
TARATA,vacunaciones en ninos de 12 a 23 meses,l 18.1       srp dosis unica,2012-12-01,12,1,12,1,13
TARIJA,vacunaciones en ninos de 12 a 23 meses,l 18.1       srp dosis unica,2012-12-01,295,27,295,27,322
TARVITA,vacunaciones en ninos de 12 a 23 meses,l 18.1       srp dosis unica,2012-12-01,17,8,17,8,25
TEOPONTE,vacunaciones en ninos de 12 a 23 meses,l 18.1       srp dosis unica,2012-12-01,11,6,11,6,17
TIAWANACU,vacunaciones en ninos de 12 a 23 meses,l 18.1       srp dosis unica,2012-12-01,28,14,28,14,42
TINGUIPAYA,vacunaciones en ninos de 12 a 23 meses,l 18.1       srp dosis unica,2012-12-01,29,24,29,24,53
TIPUANI,vacunaciones en ninos de 12 a 23 meses,l 18.1       srp dosis unica,2012-12-01,3,13,3,13,16
TIQUIPAYA,vacunaciones en ninos de 12 a 23 meses,l 18.1       srp dosis unica,2012-12-01,69,22,69,22,91
TIRAQUE (CBBA),vacunaciones en ninos de 12 a 23 meses,l 18.1       srp dosis unica,2012-12-01,35,29,35,29,64
TOCO,vacunaciones en ninos de 12 a 23 meses,l 18.1       srp dosis unica,2012-12-01,2,9,2,9,11
TOLATA,vacunaciones en ninos de 12 a 23 meses,l 18.1       srp dosis unica,2012-12-01,9,1,9,1,10
TOLEDO,vacunaciones en ninos de 12 a 23 meses,l 18.1       srp dosis unica,2012-12-01,5,0,5,0,5
TOMAVE,vacunaciones en ninos de 12 a 23 meses,l 18.1       srp dosis unica,2012-12-01,11,26,11,26,37
TOMINA,vacunaciones en ninos de 12 a 23 meses,l 18.1       srp dosis unica,2012-12-01,8,10,8,10,18
TORO TORO,vacunaciones en ninos de 12 a 23 meses,l 18.1       srp dosis unica,2012-12-01,5,15,5,15,20
TOTORA(CBBA),vacunaciones en ninos de 12 a 23 meses,l 18.1       srp dosis unica,2012-12-01,26,2,26,2,28
TOTORA(ORR),vacunaciones en ninos de 12 a 23 meses,l 18.1       srp dosis unica,2012-12-01,5,1,5,1,6
TRINIDAD,vacunaciones en ninos de 12 a 23 meses,l 18.1       srp dosis unica,2012-12-01,122,36,122,36,158
TUPIZA,vacunaciones en ninos de 12 a 23 meses,l 18.1       srp dosis unica,2012-12-01,64,30,64,30,94
TURCO,vacunaciones en ninos de 12 a 23 meses,l 18.1       srp dosis unica,2012-12-01,2,2,2,2,4
UMALA,vacunaciones en ninos de 12 a 23 meses,l 18.1       srp dosis unica,2012-12-01,2,7,2,7,9
UNCIA,vacunaciones en ninos de 12 a 23 meses,l 18.1       srp dosis unica,2012-12-01,18,25,18,25,43
URIONDO (A. CONCEPCION),vacunaciones en ninos de 12 a 23 meses,l 18.1       srp dosis unica,2012-12-01,16,5,16,5,21
URUBICHA,vacunaciones en ninos de 12 a 23 meses,l 18.1       srp dosis unica,2012-12-01,11,7,11,7,18
UYUNI,vacunaciones en ninos de 12 a 23 meses,l 18.1       srp dosis unica,2012-12-01,33,9,33,9,42
VACAS,vacunaciones en ninos de 12 a 23 meses,l 18.1       srp dosis unica,2012-12-01,2,15,2,15,17
VALLEGRANDE,vacunaciones en ninos de 12 a 23 meses,l 18.1       srp dosis unica,2012-12-01,17,5,17,5,22
VIACHA,vacunaciones en ninos de 12 a 23 meses,l 18.1       srp dosis unica,2012-12-01,79,13,79,13,92
VILA VILA,vacunaciones en ninos de 12 a 23 meses,l 18.1       srp dosis unica,2012-12-01,0,3,0,3,3
VILLA CHARCAS,vacunaciones en ninos de 12 a 23 meses,l 18.1       srp dosis unica,2012-12-01,13,17,13,17,30
VILLA MONTES,vacunaciones en ninos de 12 a 23 meses,l 18.1       srp dosis unica,2012-12-01,66,20,66,20,86
VILLA NUEVA (LOMA ALTA),vacunaciones en ninos de 12 a 23 meses,l 18.1       srp dosis unica,2012-12-01,0,6,0,6,6
VILLA RIVERO,vacunaciones en ninos de 12 a 23 meses,l 18.1       srp dosis unica,2012-12-01,4,1,4,1,5
VILLA SERRANO,vacunaciones en ninos de 12 a 23 meses,l 18.1       srp dosis unica,2012-12-01,5,19,5,19,24
VILLA TUNARI,vacunaciones en ninos de 12 a 23 meses,l 18.1       srp dosis unica,2012-12-01,80,19,80,19,99
VILLA VACA GUZMAN (MUYUPAMPA),vacunaciones en ninos de 12 a 23 meses,l 18.1       srp dosis unica,2012-12-01,18,5,18,5,23
VILLAZON,vacunaciones en ninos de 12 a 23 meses,l 18.1       srp dosis unica,2012-12-01,54,11,54,11,65
VINTO,vacunaciones en ninos de 12 a 23 meses,l 18.1       srp dosis unica,2012-12-01,103,9,103,9,112
VITICHI,vacunaciones en ninos de 12 a 23 meses,l 18.1       srp dosis unica,2012-12-01,10,8,10,8,18
WALDO BALLIVIAN,vacunaciones en ninos de 12 a 23 meses,l 18.1       srp dosis unica,2012-12-01,2,1,2,1,3
WARNES,vacunaciones en ninos de 12 a 23 meses,l 18.1       srp dosis unica,2012-12-01,147,22,147,22,169
YACO,vacunaciones en ninos de 12 a 23 meses,l 18.1       srp dosis unica,2012-12-01,2,7,2,7,9
YACUIBA,vacunaciones en ninos de 12 a 23 meses,l 18.1       srp dosis unica,2012-12-01,111,51,111,51,162
YAMPARAEZ,vacunaciones en ninos de 12 a 23 meses,l 18.1       srp dosis unica,2012-12-01,8,6,8,6,14
YANACACHI,vacunaciones en ninos de 12 a 23 meses,l 18.1       srp dosis unica,2012-12-01,3,5,3,5,8
YAPACANI,vacunaciones en ninos de 12 a 23 meses,l 18.1       srp dosis unica,2012-12-01,41,15,41,15,56
YOCALLA,vacunaciones en ninos de 12 a 23 meses,l 18.1       srp dosis unica,2012-12-01,16,4,16,4,20
YOTALA,vacunaciones en ninos de 12 a 23 meses,l 18.1       srp dosis unica,2012-12-01,12,21,12,21,33
YUNCHARA,vacunaciones en ninos de 12 a 23 meses,l 18.1       srp dosis unica,2012-12-01,5,6,5,6,11
ZUDAÑEZ,vacunaciones en ninos de 12 a 23 meses,l 18.1       srp dosis unica,2012-12-01,2,4,2,4,6
