department,municipality_id,municipality,year,month,population,value
Cochabamba,30201,Aiquile,2024,1,3. NACIDOS VIVOS CON PESO MENOR A 2500G SERV/DOM / SERVICIO,0
Tarija,60202,Bermejo,2024,1,3. NACIDOS VIVOS CON PESO MENOR A 2500G SERV/DOM / SERVICIO,1
Santa Cruz,70703,Cabezas,2024,1,3. NACIDOS VIVOS CON PESO MENOR A 2500G SERV/DOM / SERVICIO,1
La Paz,20303,Calacoto,2024,1,3. NACIDOS VIVOS CON PESO MENOR A 2500G SERV/DOM / SERVICIO,0
Chuquisaca,10701,Camargo,2024,1,3. NACIDOS VIVOS CON PESO MENOR A 2500G SERV/DOM / SERVICIO,1
Santa Cruz,70706,Camiri,2024,1,3. NACIDOS VIVOS CON PESO MENOR A 2500G SERV/DOM / SERVICIO,1
Cochabamba,30701,Capinota,2024,1,3. NACIDOS VIVOS CON PESO MENOR A 2500G SERV/DOM / SERVICIO,2
La Paz,22001,Caranavi,2024,1,3. NACIDOS VIVOS CON PESO MENOR A 2500G SERV/DOM / SERVICIO,1
Oruro,40201,Challapata,2024,1,3. NACIDOS VIVOS CON PESO MENOR A 2500G SERV/DOM / SERVICIO,2
Santa Cruz,70702,Charagua,2024,1,3. NACIDOS VIVOS CON PESO MENOR A 2500G SERV/DOM / SERVICIO,2
Pando,90101,Cobija,2024,1,3. NACIDOS VIVOS CON PESO MENOR A 2500G SERV/DOM / SERVICIO,7
Cochabamba,30101,Cochabamba,2024,1,3. NACIDOS VIVOS CON PESO MENOR A 2500G SERV/DOM / SERVICIO,76
Cochabamba,30905,Colcapirhua,2024,1,3. NACIDOS VIVOS CON PESO MENOR A 2500G SERV/DOM / SERVICIO,2
Potosí,50901,"Colcha ""k""",2024,1,3. NACIDOS VIVOS CON PESO MENOR A 2500G SERV/DOM / SERVICIO,0
Santa Cruz,71301,Comarapa,2024,1,3. NACIDOS VIVOS CON PESO MENOR A 2500G SERV/DOM / SERVICIO,1
La Paz,21402,Coripata,2024,1,3. NACIDOS VIVOS CON PESO MENOR A 2500G SERV/DOM / SERVICIO,1
La Paz,20804,Desaguadero,2024,1,3. NACIDOS VIVOS CON PESO MENOR A 2500G SERV/DOM / SERVICIO,0
La Paz,20105,El Alto,2024,1,3. NACIDOS VIVOS CON PESO MENOR A 2500G SERV/DOM / SERVICIO,78
Santa Cruz,70105,El Torno,2024,1,3. NACIDOS VIVOS CON PESO MENOR A 2500G SERV/DOM / SERVICIO,1
Cochabamba,31206,Entre Rios Cbba,2024,1,3. NACIDOS VIVOS CON PESO MENOR A 2500G SERV/DOM / SERVICIO,2
Beni,80202,Guayaramerin,2024,1,3. NACIDOS VIVOS CON PESO MENOR A 2500G SERV/DOM / SERVICIO,4
La Paz,21102,Irupana (villa De Lanza),2024,1,3. NACIDOS VIVOS CON PESO MENOR A 2500G SERV/DOM / SERVICIO,0
La Paz,21105,La Asunta,2024,1,3. NACIDOS VIVOS CON PESO MENOR A 2500G SERV/DOM / SERVICIO,1
La Paz,20101,La Paz,2024,1,3. NACIDOS VIVOS CON PESO MENOR A 2500G SERV/DOM / SERVICIO,141
Potosí,50203,Llallagua,2024,1,3. NACIDOS VIVOS CON PESO MENOR A 2500G SERV/DOM / SERVICIO,3
Beni,80801,Magdalena,2024,1,3. NACIDOS VIVOS CON PESO MENOR A 2500G SERV/DOM / SERVICIO,1
Cochabamba,31301,Mizque,2024,1,3. NACIDOS VIVOS CON PESO MENOR A 2500G SERV/DOM / SERVICIO,12
Chuquisaca,10501,Monteagudo,2024,1,3. NACIDOS VIVOS CON PESO MENOR A 2500G SERV/DOM / SERVICIO,1
Santa Cruz,71001,Montero,2024,1,3. NACIDOS VIVOS CON PESO MENOR A 2500G SERV/DOM / SERVICIO,3
Potosí,50404,Ocuri,2024,1,3. NACIDOS VIVOS CON PESO MENOR A 2500G SERV/DOM / SERVICIO,1
Oruro,40101,Oruro,2024,1,3. NACIDOS VIVOS CON PESO MENOR A 2500G SERV/DOM / SERVICIO,45
La Paz,21104,Palos Blancos,2024,1,3. NACIDOS VIVOS CON PESO MENOR A 2500G SERV/DOM / SERVICIO,0
La Paz,21305,Patacamaya,2024,1,3. NACIDOS VIVOS CON PESO MENOR A 2500G SERV/DOM / SERVICIO,2
Potosí,51203,Porco,2024,1,3. NACIDOS VIVOS CON PESO MENOR A 2500G SERV/DOM / SERVICIO,1
Santa Cruz,70601,Portachuelo,2024,1,3. NACIDOS VIVOS CON PESO MENOR A 2500G SERV/DOM / SERVICIO,1
Potosí,50101,Potosi,2024,1,3. NACIDOS VIVOS CON PESO MENOR A 2500G SERV/DOM / SERVICIO,40
Chuquisaca,10302,Presto,2024,1,3. NACIDOS VIVOS CON PESO MENOR A 2500G SERV/DOM / SERVICIO,0
Santa Cruz,71402,Puerto Quijarro,2024,1,3. NACIDOS VIVOS CON PESO MENOR A 2500G SERV/DOM / SERVICIO,3
Cochabamba,31205,Puerto Villarroel,2024,1,3. NACIDOS VIVOS CON PESO MENOR A 2500G SERV/DOM / SERVICIO,6
Cochabamba,31401,Punata,2024,1,3. NACIDOS VIVOS CON PESO MENOR A 2500G SERV/DOM / SERVICIO,1
Cochabamba,30901,Quillacollo,2024,1,3. NACIDOS VIVOS CON PESO MENOR A 2500G SERV/DOM / SERVICIO,2
Beni,80201,Riberalta,2024,1,3. NACIDOS VIVOS CON PESO MENOR A 2500G SERV/DOM / SERVICIO,24
Santa Cruz,70503,Robore,2024,1,3. NACIDOS VIVOS CON PESO MENOR A 2500G SERV/DOM / SERVICIO,1
Cochabamba,31001,Sacaba,2024,1,3. NACIDOS VIVOS CON PESO MENOR A 2500G SERV/DOM / SERVICIO,1
Santa Cruz,70901,Samaipata,2024,1,3. NACIDOS VIVOS CON PESO MENOR A 2500G SERV/DOM / SERVICIO,1
Santa Cruz,71105,San Antonio De Lomerio,2024,1,3. NACIDOS VIVOS CON PESO MENOR A 2500G SERV/DOM / SERVICIO,0
Beni,80302,San Borja,2024,1,3. NACIDOS VIVOS CON PESO MENOR A 2500G SERV/DOM / SERVICIO,3
La Paz,21502,San Buena Ventura,2024,1,3. NACIDOS VIVOS CON PESO MENOR A 2500G SERV/DOM / SERVICIO,4
Santa Cruz,70402,San Carlos,2024,1,3. NACIDOS VIVOS CON PESO MENOR A 2500G SERV/DOM / SERVICIO,1
Beni,80501,San Ignacio,2024,1,3. NACIDOS VIVOS CON PESO MENOR A 2500G SERV/DOM / SERVICIO,1
Santa Cruz,70301,San Ignacio De Velasco,2024,1,3. NACIDOS VIVOS CON PESO MENOR A 2500G SERV/DOM / SERVICIO,6
Santa Cruz,71102,San Javier(stc),2024,1,3. NACIDOS VIVOS CON PESO MENOR A 2500G SERV/DOM / SERVICIO,1
Santa Cruz,70501,San Jose De Chiquitos,2024,1,3. NACIDOS VIVOS CON PESO MENOR A 2500G SERV/DOM / SERVICIO,1
Chuquisaca,10702,San Lucas,2024,1,3. NACIDOS VIVOS CON PESO MENOR A 2500G SERV/DOM / SERVICIO,3
Santa Cruz,70302,San Miguel De Velasco,2024,1,3. NACIDOS VIVOS CON PESO MENOR A 2500G SERV/DOM / SERVICIO,0
Santa Cruz,71005,San Pedro,2024,1,3. NACIDOS VIVOS CON PESO MENOR A 2500G SERV/DOM / SERVICIO,2
Beni,80401,Santa Ana,2024,1,3. NACIDOS VIVOS CON PESO MENOR A 2500G SERV/DOM / SERVICIO,2
Santa Cruz,70101,Santa Cruz De La Sierra,2024,1,3. NACIDOS VIVOS CON PESO MENOR A 2500G SERV/DOM / SERVICIO,78
Cochabamba,31602,Shinaota,2024,1,3. NACIDOS VIVOS CON PESO MENOR A 2500G SERV/DOM / SERVICIO,1
La Paz,20601,Sorata,2024,1,3. NACIDOS VIVOS CON PESO MENOR A 2500G SERV/DOM / SERVICIO,0
Chuquisaca,10101,Sucre,2024,1,3. NACIDOS VIVOS CON PESO MENOR A 2500G SERV/DOM / SERVICIO,37
Chuquisaca,10601,Tarabuco,2024,1,3. NACIDOS VIVOS CON PESO MENOR A 2500G SERV/DOM / SERVICIO,2
La Paz,20807,Taraco,2024,1,3. NACIDOS VIVOS CON PESO MENOR A 2500G SERV/DOM / SERVICIO,0
Tarija,60101,Tarija,2024,1,3. NACIDOS VIVOS CON PESO MENOR A 2500G SERV/DOM / SERVICIO,8
Potosí,50102,Tinguipaya,2024,1,3. NACIDOS VIVOS CON PESO MENOR A 2500G SERV/DOM / SERVICIO,0
Cochabamba,30903,Tiquipaya,2024,1,3. NACIDOS VIVOS CON PESO MENOR A 2500G SERV/DOM / SERVICIO,3
Potosí,50502,Toro Toro,2024,1,3. NACIDOS VIVOS CON PESO MENOR A 2500G SERV/DOM / SERVICIO,1
Beni,80101,Trinidad,2024,1,3. NACIDOS VIVOS CON PESO MENOR A 2500G SERV/DOM / SERVICIO,28
Potosí,50801,Tupiza,2024,1,3. NACIDOS VIVOS CON PESO MENOR A 2500G SERV/DOM / SERVICIO,1
Potosí,50201,Uncia,2024,1,3. NACIDOS VIVOS CON PESO MENOR A 2500G SERV/DOM / SERVICIO,1
Santa Cruz,70801,Vallegrande,2024,1,3. NACIDOS VIVOS CON PESO MENOR A 2500G SERV/DOM / SERVICIO,4
La Paz,20801,Viacha,2024,1,3. NACIDOS VIVOS CON PESO MENOR A 2500G SERV/DOM / SERVICIO,3
Tarija,60303,Villa Montes,2024,1,3. NACIDOS VIVOS CON PESO MENOR A 2500G SERV/DOM / SERVICIO,1
Cochabamba,31003,Villa Tunari,2024,1,3. NACIDOS VIVOS CON PESO MENOR A 2500G SERV/DOM / SERVICIO,9
Potosí,51501,Villazon,2024,1,3. NACIDOS VIVOS CON PESO MENOR A 2500G SERV/DOM / SERVICIO,1
Cochabamba,30904,Vinto,2024,1,3. NACIDOS VIVOS CON PESO MENOR A 2500G SERV/DOM / SERVICIO,1
Tarija,60301,Yacuiba,2024,1,3. NACIDOS VIVOS CON PESO MENOR A 2500G SERV/DOM / SERVICIO,6
Santa Cruz,70403,Yapacani,2024,1,3. NACIDOS VIVOS CON PESO MENOR A 2500G SERV/DOM / SERVICIO,1
La Paz,20201,Achacachi,2024,2,3. NACIDOS VIVOS CON PESO MENOR A 2500G SERV/DOM / SERVICIO,2
Cochabamba,31303,Alalay,2024,2,3. NACIDOS VIVOS CON PESO MENOR A 2500G SERV/DOM / SERVICIO,0
Potosí,51301,Arampampa,2024,2,3. NACIDOS VIVOS CON PESO MENOR A 2500G SERV/DOM / SERVICIO,0
Santa Cruz,71501,Ascencion De Guarayos,2024,2,3. NACIDOS VIVOS CON PESO MENOR A 2500G SERV/DOM / SERVICIO,3
Cochabamba,30301,Ayopaya (v. De Independencia),2024,2,3. NACIDOS VIVOS CON PESO MENOR A 2500G SERV/DOM / SERVICIO,1
La Paz,21203,Batallas,2024,2,3. NACIDOS VIVOS CON PESO MENOR A 2500G SERV/DOM / SERVICIO,1
Tarija,60202,Bermejo,2024,2,3. NACIDOS VIVOS CON PESO MENOR A 2500G SERV/DOM / SERVICIO,1
Chuquisaca,10701,Camargo,2024,2,3. NACIDOS VIVOS CON PESO MENOR A 2500G SERV/DOM / SERVICIO,1
Oruro,40102,Caracollo,2024,2,3. NACIDOS VIVOS CON PESO MENOR A 2500G SERV/DOM / SERVICIO,2
La Paz,22001,Caranavi,2024,2,3. NACIDOS VIVOS CON PESO MENOR A 2500G SERV/DOM / SERVICIO,2
Tarija,60302,Carapari,2024,2,3. NACIDOS VIVOS CON PESO MENOR A 2500G SERV/DOM / SERVICIO,1
Santa Cruz,71403,Carmen Rivero Torrez,2024,2,3. NACIDOS VIVOS CON PESO MENOR A 2500G SERV/DOM / SERVICIO,1
Oruro,40201,Challapata,2024,2,3. NACIDOS VIVOS CON PESO MENOR A 2500G SERV/DOM / SERVICIO,2
La Paz,20203,Chua Cocani,2024,2,3. NACIDOS VIVOS CON PESO MENOR A 2500G SERV/DOM / SERVICIO,1
Pando,90101,Cobija,2024,2,3. NACIDOS VIVOS CON PESO MENOR A 2500G SERV/DOM / SERVICIO,2
Cochabamba,30101,Cochabamba,2024,2,3. NACIDOS VIVOS CON PESO MENOR A 2500G SERV/DOM / SERVICIO,90
Potosí,50401,Colquechaca,2024,2,3. NACIDOS VIVOS CON PESO MENOR A 2500G SERV/DOM / SERVICIO,0
Santa Cruz,71101,Concepcion,2024,2,3. NACIDOS VIVOS CON PESO MENOR A 2500G SERV/DOM / SERVICIO,1
La Paz,20301,Coro Coro,2024,2,3. NACIDOS VIVOS CON PESO MENOR A 2500G SERV/DOM / SERVICIO,1
La Paz,21401,Coroico,2024,2,3. NACIDOS VIVOS CON PESO MENOR A 2500G SERV/DOM / SERVICIO,1
Oruro,40301,Corque,2024,2,3. NACIDOS VIVOS CON PESO MENOR A 2500G SERV/DOM / SERVICIO,0
Chuquisaca,10902,Culpina,2024,2,3. NACIDOS VIVOS CON PESO MENOR A 2500G SERV/DOM / SERVICIO,1
La Paz,20105,El Alto,2024,2,3. NACIDOS VIVOS CON PESO MENOR A 2500G SERV/DOM / SERVICIO,79
Santa Cruz,70105,El Torno,2024,2,3. NACIDOS VIVOS CON PESO MENOR A 2500G SERV/DOM / SERVICIO,1
Cochabamba,31206,Entre Rios Cbba,2024,2,3. NACIDOS VIVOS CON PESO MENOR A 2500G SERV/DOM / SERVICIO,2
Santa Cruz,71004,Fernandez Alonso,2024,2,3. NACIDOS VIVOS CON PESO MENOR A 2500G SERV/DOM / SERVICIO,1
Beni,80202,Guayaramerin,2024,2,3. NACIDOS VIVOS CON PESO MENOR A 2500G SERV/DOM / SERVICIO,5
Oruro,40701,Huanuni,2024,2,3. NACIDOS VIVOS CON PESO MENOR A 2500G SERV/DOM / SERVICIO,2
La Paz,20204,Huarina,2024,2,3. NACIDOS VIVOS CON PESO MENOR A 2500G SERV/DOM / SERVICIO,1
Chuquisaca,10703,Incahuasi,2024,2,3. NACIDOS VIVOS CON PESO MENOR A 2500G SERV/DOM / SERVICIO,0
La Paz,21105,La Asunta,2024,2,3. NACIDOS VIVOS CON PESO MENOR A 2500G SERV/DOM / SERVICIO,2
Santa Cruz,70104,La Guardia,2024,2,3. NACIDOS VIVOS CON PESO MENOR A 2500G SERV/DOM / SERVICIO,2
La Paz,20101,La Paz,2024,2,3. NACIDOS VIVOS CON PESO MENOR A 2500G SERV/DOM / SERVICIO,127
Potosí,50203,Llallagua,2024,2,3. NACIDOS VIVOS CON PESO MENOR A 2500G SERV/DOM / SERVICIO,4
Beni,80601,Loreto,2024,2,3. NACIDOS VIVOS CON PESO MENOR A 2500G SERV/DOM / SERVICIO,0
Santa Cruz,71003,Mineros,2024,2,3. NACIDOS VIVOS CON PESO MENOR A 2500G SERV/DOM / SERVICIO,1
Santa Cruz,71001,Montero,2024,2,3. NACIDOS VIVOS CON PESO MENOR A 2500G SERV/DOM / SERVICIO,8
Potosí,50404,Ocuri,2024,2,3. NACIDOS VIVOS CON PESO MENOR A 2500G SERV/DOM / SERVICIO,1
Oruro,40101,Oruro,2024,2,3. NACIDOS VIVOS CON PESO MENOR A 2500G SERV/DOM / SERVICIO,33
La Paz,21104,Palos Blancos,2024,2,3. NACIDOS VIVOS CON PESO MENOR A 2500G SERV/DOM / SERVICIO,1
La Paz,21305,Patacamaya,2024,2,3. NACIDOS VIVOS CON PESO MENOR A 2500G SERV/DOM / SERVICIO,1
Santa Cruz,70804,Postrer Valle,2024,2,3. NACIDOS VIVOS CON PESO MENOR A 2500G SERV/DOM / SERVICIO,1
Potosí,50101,Potosi,2024,2,3. NACIDOS VIVOS CON PESO MENOR A 2500G SERV/DOM / SERVICIO,34
Pando,90301,Puerto Gonzalo Moreno,2024,2,3. NACIDOS VIVOS CON PESO MENOR A 2500G SERV/DOM / SERVICIO,1
Cochabamba,31205,Puerto Villarroel,2024,2,3. NACIDOS VIVOS CON PESO MENOR A 2500G SERV/DOM / SERVICIO,3
Cochabamba,31401,Punata,2024,2,3. NACIDOS VIVOS CON PESO MENOR A 2500G SERV/DOM / SERVICIO,2
Cochabamba,30901,Quillacollo,2024,2,3. NACIDOS VIVOS CON PESO MENOR A 2500G SERV/DOM / SERVICIO,3
Potosí,50402,Ravelo,2024,2,3. NACIDOS VIVOS CON PESO MENOR A 2500G SERV/DOM / SERVICIO,1
Beni,80201,Riberalta,2024,2,3. NACIDOS VIVOS CON PESO MENOR A 2500G SERV/DOM / SERVICIO,16
Santa Cruz,70503,Robore,2024,2,3. NACIDOS VIVOS CON PESO MENOR A 2500G SERV/DOM / SERVICIO,2
Cochabamba,31001,Sacaba,2024,2,3. NACIDOS VIVOS CON PESO MENOR A 2500G SERV/DOM / SERVICIO,6
Beni,80602,San Andres,2024,2,3. NACIDOS VIVOS CON PESO MENOR A 2500G SERV/DOM / SERVICIO,1
Santa Cruz,71105,San Antonio De Lomerio,2024,2,3. NACIDOS VIVOS CON PESO MENOR A 2500G SERV/DOM / SERVICIO,2
Beni,80302,San Borja,2024,2,3. NACIDOS VIVOS CON PESO MENOR A 2500G SERV/DOM / SERVICIO,2
La Paz,21502,San Buena Ventura,2024,2,3. NACIDOS VIVOS CON PESO MENOR A 2500G SERV/DOM / SERVICIO,1
Santa Cruz,70402,San Carlos,2024,2,3. NACIDOS VIVOS CON PESO MENOR A 2500G SERV/DOM / SERVICIO,2
Beni,80501,San Ignacio,2024,2,3. NACIDOS VIVOS CON PESO MENOR A 2500G SERV/DOM / SERVICIO,1
Santa Cruz,70301,San Ignacio De Velasco,2024,2,3. NACIDOS VIVOS CON PESO MENOR A 2500G SERV/DOM / SERVICIO,3
Santa Cruz,71102,San Javier(stc),2024,2,3. NACIDOS VIVOS CON PESO MENOR A 2500G SERV/DOM / SERVICIO,1
Chuquisaca,10702,San Lucas,2024,2,3. NACIDOS VIVOS CON PESO MENOR A 2500G SERV/DOM / SERVICIO,1
Santa Cruz,70302,San Miguel De Velasco,2024,2,3. NACIDOS VIVOS CON PESO MENOR A 2500G SERV/DOM / SERVICIO,1
Beni,80401,Santa Ana,2024,2,3. NACIDOS VIVOS CON PESO MENOR A 2500G SERV/DOM / SERVICIO,2
Santa Cruz,70101,Santa Cruz De La Sierra,2024,2,3. NACIDOS VIVOS CON PESO MENOR A 2500G SERV/DOM / SERVICIO,309
La Paz,20308,Santiago De Callapa,2024,2,3. NACIDOS VIVOS CON PESO MENOR A 2500G SERV/DOM / SERVICIO,0
Chuquisaca,10101,Sucre,2024,2,3. NACIDOS VIVOS CON PESO MENOR A 2500G SERV/DOM / SERVICIO,29
Tarija,60101,Tarija,2024,2,3. NACIDOS VIVOS CON PESO MENOR A 2500G SERV/DOM / SERVICIO,13
Chuquisaca,10202,Tarvita,2024,2,3. NACIDOS VIVOS CON PESO MENOR A 2500G SERV/DOM / SERVICIO,2
Cochabamba,30903,Tiquipaya,2024,2,3. NACIDOS VIVOS CON PESO MENOR A 2500G SERV/DOM / SERVICIO,5
Beni,80101,Trinidad,2024,2,3. NACIDOS VIVOS CON PESO MENOR A 2500G SERV/DOM / SERVICIO,20
Potosí,50801,Tupiza,2024,2,3. NACIDOS VIVOS CON PESO MENOR A 2500G SERV/DOM / SERVICIO,4
Potosí,50201,Uncia,2024,2,3. NACIDOS VIVOS CON PESO MENOR A 2500G SERV/DOM / SERVICIO,0
Potosí,51201,Uyuni,2024,2,3. NACIDOS VIVOS CON PESO MENOR A 2500G SERV/DOM / SERVICIO,1
La Paz,20801,Viacha,2024,2,3. NACIDOS VIVOS CON PESO MENOR A 2500G SERV/DOM / SERVICIO,7
Chuquisaca,10704,Villa Charcas,2024,2,3. NACIDOS VIVOS CON PESO MENOR A 2500G SERV/DOM / SERVICIO,1
Tarija,60303,Villa Montes,2024,2,3. NACIDOS VIVOS CON PESO MENOR A 2500G SERV/DOM / SERVICIO,2
Cochabamba,31003,Villa Tunari,2024,2,3. NACIDOS VIVOS CON PESO MENOR A 2500G SERV/DOM / SERVICIO,8
Chuquisaca,11001,Villa Vaca Guzman (muyupampa),2024,2,3. NACIDOS VIVOS CON PESO MENOR A 2500G SERV/DOM / SERVICIO,0
Potosí,51501,Villazon,2024,2,3. NACIDOS VIVOS CON PESO MENOR A 2500G SERV/DOM / SERVICIO,2
Cochabamba,30904,Vinto,2024,2,3. NACIDOS VIVOS CON PESO MENOR A 2500G SERV/DOM / SERVICIO,1
Santa Cruz,70201,Warnes,2024,2,3. NACIDOS VIVOS CON PESO MENOR A 2500G SERV/DOM / SERVICIO,2
Tarija,60301,Yacuiba,2024,2,3. NACIDOS VIVOS CON PESO MENOR A 2500G SERV/DOM / SERVICIO,4
Santa Cruz,70403,Yapacani,2024,2,3. NACIDOS VIVOS CON PESO MENOR A 2500G SERV/DOM / SERVICIO,2
La Paz,20201,Achacachi,2024,3,3. NACIDOS VIVOS CON PESO MENOR A 2500G SERV/DOM / SERVICIO,1
La Paz,20104,Achocalla,2024,3,3. NACIDOS VIVOS CON PESO MENOR A 2500G SERV/DOM / SERVICIO,0
Cochabamba,30201,Aiquile,2024,3,3. NACIDOS VIVOS CON PESO MENOR A 2500G SERV/DOM / SERVICIO,1
Cochabamba,30403,Arbieto,2024,3,3. NACIDOS VIVOS CON PESO MENOR A 2500G SERV/DOM / SERVICIO,1
Cochabamba,30601,Arque,2024,3,3. NACIDOS VIVOS CON PESO MENOR A 2500G SERV/DOM / SERVICIO,0
Santa Cruz,71501,Ascencion De Guarayos,2024,3,3. NACIDOS VIVOS CON PESO MENOR A 2500G SERV/DOM / SERVICIO,0
Potosí,50802,Atocha,2024,3,3. NACIDOS VIVOS CON PESO MENOR A 2500G SERV/DOM / SERVICIO,1
La Paz,21303,Ayo Ayo,2024,3,3. NACIDOS VIVOS CON PESO MENOR A 2500G SERV/DOM / SERVICIO,0
Chuquisaca,10201,Azurduy,2024,3,3. NACIDOS VIVOS CON PESO MENOR A 2500G SERV/DOM / SERVICIO,1
La Paz,21203,Batallas,2024,3,3. NACIDOS VIVOS CON PESO MENOR A 2500G SERV/DOM / SERVICIO,6
Tarija,60202,Bermejo,2024,3,3. NACIDOS VIVOS CON PESO MENOR A 2500G SERV/DOM / SERVICIO,2
Pando,90103,Bolpebra,2024,3,3. NACIDOS VIVOS CON PESO MENOR A 2500G SERV/DOM / SERVICIO,0
La Paz,20303,Calacoto,2024,3,3. NACIDOS VIVOS CON PESO MENOR A 2500G SERV/DOM / SERVICIO,0
Chuquisaca,10701,Camargo,2024,3,3. NACIDOS VIVOS CON PESO MENOR A 2500G SERV/DOM / SERVICIO,3
Chuquisaca,10901,Camataqui (c. Villa Abecia),2024,3,3. NACIDOS VIVOS CON PESO MENOR A 2500G SERV/DOM / SERVICIO,1
Santa Cruz,70706,Camiri,2024,3,3. NACIDOS VIVOS CON PESO MENOR A 2500G SERV/DOM / SERVICIO,1
Oruro,40102,Caracollo,2024,3,3. NACIDOS VIVOS CON PESO MENOR A 2500G SERV/DOM / SERVICIO,1
La Paz,22001,Caranavi,2024,3,3. NACIDOS VIVOS CON PESO MENOR A 2500G SERV/DOM / SERVICIO,2
Oruro,40201,Challapata,2024,3,3. NACIDOS VIVOS CON PESO MENOR A 2500G SERV/DOM / SERVICIO,1
Cochabamba,31204,Chimore,2024,3,3. NACIDOS VIVOS CON PESO MENOR A 2500G SERV/DOM / SERVICIO,1
La Paz,20203,Chua Cocani,2024,3,3. NACIDOS VIVOS CON PESO MENOR A 2500G SERV/DOM / SERVICIO,1
La Paz,21101,Chulumani (v. De La Libertad),2024,3,3. NACIDOS VIVOS CON PESO MENOR A 2500G SERV/DOM / SERVICIO,6
Pando,90101,Cobija,2024,3,3. NACIDOS VIVOS CON PESO MENOR A 2500G SERV/DOM / SERVICIO,3
Cochabamba,30101,Cochabamba,2024,3,3. NACIDOS VIVOS CON PESO MENOR A 2500G SERV/DOM / SERVICIO,82
Cochabamba,30905,Colcapirhua,2024,3,3. NACIDOS VIVOS CON PESO MENOR A 2500G SERV/DOM / SERVICIO,1
Cochabamba,31002,Colomi,2024,3,3. NACIDOS VIVOS CON PESO MENOR A 2500G SERV/DOM / SERVICIO,2
Santa Cruz,71101,Concepcion,2024,3,3. NACIDOS VIVOS CON PESO MENOR A 2500G SERV/DOM / SERVICIO,0
La Paz,21402,Coripata,2024,3,3. NACIDOS VIVOS CON PESO MENOR A 2500G SERV/DOM / SERVICIO,1
La Paz,21401,Coroico,2024,3,3. NACIDOS VIVOS CON PESO MENOR A 2500G SERV/DOM / SERVICIO,1
Potosí,50601,Cotagaita,2024,3,3. NACIDOS VIVOS CON PESO MENOR A 2500G SERV/DOM / SERVICIO,1
Santa Cruz,70102,Cotoca,2024,3,3. NACIDOS VIVOS CON PESO MENOR A 2500G SERV/DOM / SERVICIO,0
Santa Cruz,71106,Cuatro Cañadas,2024,3,3. NACIDOS VIVOS CON PESO MENOR A 2500G SERV/DOM / SERVICIO,3
La Paz,20105,El Alto,2024,3,3. NACIDOS VIVOS CON PESO MENOR A 2500G SERV/DOM / SERVICIO,70
La Paz,20405,Escoma,2024,3,3. NACIDOS VIVOS CON PESO MENOR A 2500G SERV/DOM / SERVICIO,0
Beni,80202,Guayaramerin,2024,3,3. NACIDOS VIVOS CON PESO MENOR A 2500G SERV/DOM / SERVICIO,5
Santa Cruz,70705,Gutierrez,2024,3,3. NACIDOS VIVOS CON PESO MENOR A 2500G SERV/DOM / SERVICIO,1
Oruro,40701,Huanuni,2024,3,3. NACIDOS VIVOS CON PESO MENOR A 2500G SERV/DOM / SERVICIO,2
Oruro,41601,Huayllamarca,2024,3,3. NACIDOS VIVOS CON PESO MENOR A 2500G SERV/DOM / SERVICIO,0
Santa Cruz,70104,La Guardia,2024,3,3. NACIDOS VIVOS CON PESO MENOR A 2500G SERV/DOM / SERVICIO,1
La Paz,20101,La Paz,2024,3,3. NACIDOS VIVOS CON PESO MENOR A 2500G SERV/DOM / SERVICIO,111
Oruro,41501,La Rivera,2024,3,3. NACIDOS VIVOS CON PESO MENOR A 2500G SERV/DOM / SERVICIO,1
Potosí,50203,Llallagua,2024,3,3. NACIDOS VIVOS CON PESO MENOR A 2500G SERV/DOM / SERVICIO,1
Beni,80601,Loreto,2024,3,3. NACIDOS VIVOS CON PESO MENOR A 2500G SERV/DOM / SERVICIO,0
Beni,80801,Magdalena,2024,3,3. NACIDOS VIVOS CON PESO MENOR A 2500G SERV/DOM / SERVICIO,1
Santa Cruz,70903,Mairana,2024,3,3. NACIDOS VIVOS CON PESO MENOR A 2500G SERV/DOM / SERVICIO,1
La Paz,20402,Mocomoco,2024,3,3. NACIDOS VIVOS CON PESO MENOR A 2500G SERV/DOM / SERVICIO,0
Chuquisaca,10501,Monteagudo,2024,3,3. NACIDOS VIVOS CON PESO MENOR A 2500G SERV/DOM / SERVICIO,1
Santa Cruz,71001,Montero,2024,3,3. NACIDOS VIVOS CON PESO MENOR A 2500G SERV/DOM / SERVICIO,3
Cochabamba,30302,Morochata,2024,3,3. NACIDOS VIVOS CON PESO MENOR A 2500G SERV/DOM / SERVICIO,0
Oruro,40101,Oruro,2024,3,3. NACIDOS VIVOS CON PESO MENOR A 2500G SERV/DOM / SERVICIO,51
Chuquisaca,10401,Padilla,2024,3,3. NACIDOS VIVOS CON PESO MENOR A 2500G SERV/DOM / SERVICIO,1
Santa Cruz,70502,Pailon,2024,3,3. NACIDOS VIVOS CON PESO MENOR A 2500G SERV/DOM / SERVICIO,2
La Paz,21104,Palos Blancos,2024,3,3. NACIDOS VIVOS CON PESO MENOR A 2500G SERV/DOM / SERVICIO,0
La Paz,21305,Patacamaya,2024,3,3. NACIDOS VIVOS CON PESO MENOR A 2500G SERV/DOM / SERVICIO,1
Oruro,40602,Pazña,2024,3,3. NACIDOS VIVOS CON PESO MENOR A 2500G SERV/DOM / SERVICIO,1
Cochabamba,31203,Pocona,2024,3,3. NACIDOS VIVOS CON PESO MENOR A 2500G SERV/DOM / SERVICIO,1
Potosí,50101,Potosi,2024,3,3. NACIDOS VIVOS CON PESO MENOR A 2500G SERV/DOM / SERVICIO,40
Santa Cruz,71401,Puerto Suarez,2024,3,3. NACIDOS VIVOS CON PESO MENOR A 2500G SERV/DOM / SERVICIO,1
Cochabamba,31205,Puerto Villarroel,2024,3,3. NACIDOS VIVOS CON PESO MENOR A 2500G SERV/DOM / SERVICIO,5
Cochabamba,30901,Quillacollo,2024,3,3. NACIDOS VIVOS CON PESO MENOR A 2500G SERV/DOM / SERVICIO,3
Beni,80201,Riberalta,2024,3,3. NACIDOS VIVOS CON PESO MENOR A 2500G SERV/DOM / SERVICIO,10
Beni,80304,Rurrenabaque,2024,3,3. NACIDOS VIVOS CON PESO MENOR A 2500G SERV/DOM / SERVICIO,1
Cochabamba,31001,Sacaba,2024,3,3. NACIDOS VIVOS CON PESO MENOR A 2500G SERV/DOM / SERVICIO,6
Potosí,50701,Sacaca,2024,3,3. NACIDOS VIVOS CON PESO MENOR A 2500G SERV/DOM / SERVICIO,2
Santa Cruz,71105,San Antonio De Lomerio,2024,3,3. NACIDOS VIVOS CON PESO MENOR A 2500G SERV/DOM / SERVICIO,1
Beni,80302,San Borja,2024,3,3. NACIDOS VIVOS CON PESO MENOR A 2500G SERV/DOM / SERVICIO,2
Santa Cruz,70301,San Ignacio De Velasco,2024,3,3. NACIDOS VIVOS CON PESO MENOR A 2500G SERV/DOM / SERVICIO,4
Santa Cruz,71102,San Javier(stc),2024,3,3. NACIDOS VIVOS CON PESO MENOR A 2500G SERV/DOM / SERVICIO,1
Chuquisaca,10702,San Lucas,2024,3,3. NACIDOS VIVOS CON PESO MENOR A 2500G SERV/DOM / SERVICIO,1
Santa Cruz,70101,Santa Cruz De La Sierra,2024,3,3. NACIDOS VIVOS CON PESO MENOR A 2500G SERV/DOM / SERVICIO,98
Cochabamba,31602,Shinaota,2024,3,3. NACIDOS VIVOS CON PESO MENOR A 2500G SERV/DOM / SERVICIO,1
La Paz,20601,Sorata,2024,3,3. NACIDOS VIVOS CON PESO MENOR A 2500G SERV/DOM / SERVICIO,0
Chuquisaca,10101,Sucre,2024,3,3. NACIDOS VIVOS CON PESO MENOR A 2500G SERV/DOM / SERVICIO,27
Cochabamba,31101,Tapacari,2024,3,3. NACIDOS VIVOS CON PESO MENOR A 2500G SERV/DOM / SERVICIO,0
Chuquisaca,10601,Tarabuco,2024,3,3. NACIDOS VIVOS CON PESO MENOR A 2500G SERV/DOM / SERVICIO,1
Cochabamba,30401,Tarata,2024,3,3. NACIDOS VIVOS CON PESO MENOR A 2500G SERV/DOM / SERVICIO,3
Tarija,60101,Tarija,2024,3,3. NACIDOS VIVOS CON PESO MENOR A 2500G SERV/DOM / SERVICIO,19
Potosí,50102,Tinguipaya,2024,3,3. NACIDOS VIVOS CON PESO MENOR A 2500G SERV/DOM / SERVICIO,0
Cochabamba,30903,Tiquipaya,2024,3,3. NACIDOS VIVOS CON PESO MENOR A 2500G SERV/DOM / SERVICIO,1
Potosí,50502,Toro Toro,2024,3,3. NACIDOS VIVOS CON PESO MENOR A 2500G SERV/DOM / SERVICIO,0
Beni,80101,Trinidad,2024,3,3. NACIDOS VIVOS CON PESO MENOR A 2500G SERV/DOM / SERVICIO,14
Potosí,50801,Tupiza,2024,3,3. NACIDOS VIVOS CON PESO MENOR A 2500G SERV/DOM / SERVICIO,3
La Paz,20801,Viacha,2024,3,3. NACIDOS VIVOS CON PESO MENOR A 2500G SERV/DOM / SERVICIO,1
Tarija,60303,Villa Montes,2024,3,3. NACIDOS VIVOS CON PESO MENOR A 2500G SERV/DOM / SERVICIO,2
Cochabamba,31003,Villa Tunari,2024,3,3. NACIDOS VIVOS CON PESO MENOR A 2500G SERV/DOM / SERVICIO,8
Potosí,51501,Villazon,2024,3,3. NACIDOS VIVOS CON PESO MENOR A 2500G SERV/DOM / SERVICIO,6
Tarija,60301,Yacuiba,2024,3,3. NACIDOS VIVOS CON PESO MENOR A 2500G SERV/DOM / SERVICIO,3
Chuquisaca,10602,Yamparaez,2024,3,3. NACIDOS VIVOS CON PESO MENOR A 2500G SERV/DOM / SERVICIO,1
La Paz,20201,Achacachi,2024,4,3. NACIDOS VIVOS CON PESO MENOR A 2500G SERV/DOM / SERVICIO,2
Potosí,51301,Arampampa,2024,4,3. NACIDOS VIVOS CON PESO MENOR A 2500G SERV/DOM / SERVICIO,1
La Paz,20503,Aucapata,2024,4,3. NACIDOS VIVOS CON PESO MENOR A 2500G SERV/DOM / SERVICIO,0
La Paz,21203,Batallas,2024,4,3. NACIDOS VIVOS CON PESO MENOR A 2500G SERV/DOM / SERVICIO,0
Tarija,60202,Bermejo,2024,4,3. NACIDOS VIVOS CON PESO MENOR A 2500G SERV/DOM / SERVICIO,1
La Paz,21003,Cajuata,2024,4,3. NACIDOS VIVOS CON PESO MENOR A 2500G SERV/DOM / SERVICIO,1
Oruro,40102,Caracollo,2024,4,3. NACIDOS VIVOS CON PESO MENOR A 2500G SERV/DOM / SERVICIO,0
La Paz,22001,Caranavi,2024,4,3. NACIDOS VIVOS CON PESO MENOR A 2500G SERV/DOM / SERVICIO,0
Oruro,40201,Challapata,2024,4,3. NACIDOS VIVOS CON PESO MENOR A 2500G SERV/DOM / SERVICIO,2
La Paz,21101,Chulumani (v. De La Libertad),2024,4,3. NACIDOS VIVOS CON PESO MENOR A 2500G SERV/DOM / SERVICIO,3
Pando,90101,Cobija,2024,4,3. NACIDOS VIVOS CON PESO MENOR A 2500G SERV/DOM / SERVICIO,9
Cochabamba,30101,Cochabamba,2024,4,3. NACIDOS VIVOS CON PESO MENOR A 2500G SERV/DOM / SERVICIO,91
Cochabamba,30905,Colcapirhua,2024,4,3. NACIDOS VIVOS CON PESO MENOR A 2500G SERV/DOM / SERVICIO,1
Santa Cruz,71101,Concepcion,2024,4,3. NACIDOS VIVOS CON PESO MENOR A 2500G SERV/DOM / SERVICIO,0
La Paz,21402,Coripata,2024,4,3. NACIDOS VIVOS CON PESO MENOR A 2500G SERV/DOM / SERVICIO,1
La Paz,20301,Coro Coro,2024,4,3. NACIDOS VIVOS CON PESO MENOR A 2500G SERV/DOM / SERVICIO,0
Chuquisaca,10902,Culpina,2024,4,3. NACIDOS VIVOS CON PESO MENOR A 2500G SERV/DOM / SERVICIO,2
La Paz,20105,El Alto,2024,4,3. NACIDOS VIVOS CON PESO MENOR A 2500G SERV/DOM / SERVICIO,91
Tarija,60601,Entre Rios Trj,2024,4,3. NACIDOS VIVOS CON PESO MENOR A 2500G SERV/DOM / SERVICIO,1
La Paz,20802,Guaqui,2024,4,3. NACIDOS VIVOS CON PESO MENOR A 2500G SERV/DOM / SERVICIO,0
Beni,80202,Guayaramerin,2024,4,3. NACIDOS VIVOS CON PESO MENOR A 2500G SERV/DOM / SERVICIO,12
Oruro,40701,Huanuni,2024,4,3. NACIDOS VIVOS CON PESO MENOR A 2500G SERV/DOM / SERVICIO,4
La Paz,21001,Inquisivi,2024,4,3. NACIDOS VIVOS CON PESO MENOR A 2500G SERV/DOM / SERVICIO,1
La Paz,21501,Ixiamas,2024,4,3. NACIDOS VIVOS CON PESO MENOR A 2500G SERV/DOM / SERVICIO,1
La Paz,21105,La Asunta,2024,4,3. NACIDOS VIVOS CON PESO MENOR A 2500G SERV/DOM / SERVICIO,1
Santa Cruz,70104,La Guardia,2024,4,3. NACIDOS VIVOS CON PESO MENOR A 2500G SERV/DOM / SERVICIO,1
La Paz,20101,La Paz,2024,4,3. NACIDOS VIVOS CON PESO MENOR A 2500G SERV/DOM / SERVICIO,117
Potosí,50203,Llallagua,2024,4,3. NACIDOS VIVOS CON PESO MENOR A 2500G SERV/DOM / SERVICIO,5
Beni,80801,Magdalena,2024,4,3. NACIDOS VIVOS CON PESO MENOR A 2500G SERV/DOM / SERVICIO,0
Santa Cruz,71003,Mineros,2024,4,3. NACIDOS VIVOS CON PESO MENOR A 2500G SERV/DOM / SERVICIO,1
Chuquisaca,10501,Monteagudo,2024,4,3. NACIDOS VIVOS CON PESO MENOR A 2500G SERV/DOM / SERVICIO,1
Santa Cruz,71001,Montero,2024,4,3. NACIDOS VIVOS CON PESO MENOR A 2500G SERV/DOM / SERVICIO,49
Potosí,50404,Ocuri,2024,4,3. NACIDOS VIVOS CON PESO MENOR A 2500G SERV/DOM / SERVICIO,1
Oruro,40101,Oruro,2024,4,3. NACIDOS VIVOS CON PESO MENOR A 2500G SERV/DOM / SERVICIO,72
Tarija,60201,Padcaya,2024,4,3. NACIDOS VIVOS CON PESO MENOR A 2500G SERV/DOM / SERVICIO,0
Chuquisaca,10401,Padilla,2024,4,3. NACIDOS VIVOS CON PESO MENOR A 2500G SERV/DOM / SERVICIO,1
La Paz,21305,Patacamaya,2024,4,3. NACIDOS VIVOS CON PESO MENOR A 2500G SERV/DOM / SERVICIO,1
Potosí,51203,Porco,2024,4,3. NACIDOS VIVOS CON PESO MENOR A 2500G SERV/DOM / SERVICIO,1
Potosí,50101,Potosi,2024,4,3. NACIDOS VIVOS CON PESO MENOR A 2500G SERV/DOM / SERVICIO,37
La Paz,21201,Pucarani,2024,4,3. NACIDOS VIVOS CON PESO MENOR A 2500G SERV/DOM / SERVICIO,1
Pando,90301,Puerto Gonzalo Moreno,2024,4,3. NACIDOS VIVOS CON PESO MENOR A 2500G SERV/DOM / SERVICIO,1
Pando,90201,Puerto Rico,2024,4,3. NACIDOS VIVOS CON PESO MENOR A 2500G SERV/DOM / SERVICIO,0
Beni,80703,Puerto Siles,2024,4,3. NACIDOS VIVOS CON PESO MENOR A 2500G SERV/DOM / SERVICIO,1
Cochabamba,31205,Puerto Villarroel,2024,4,3. NACIDOS VIVOS CON PESO MENOR A 2500G SERV/DOM / SERVICIO,2
Cochabamba,31401,Punata,2024,4,3. NACIDOS VIVOS CON PESO MENOR A 2500G SERV/DOM / SERVICIO,1
Cochabamba,30901,Quillacollo,2024,4,3. NACIDOS VIVOS CON PESO MENOR A 2500G SERV/DOM / SERVICIO,2
Potosí,50402,Ravelo,2024,4,3. NACIDOS VIVOS CON PESO MENOR A 2500G SERV/DOM / SERVICIO,1
Beni,80301,Reyes,2024,4,3. NACIDOS VIVOS CON PESO MENOR A 2500G SERV/DOM / SERVICIO,1
Beni,80201,Riberalta,2024,4,3. NACIDOS VIVOS CON PESO MENOR A 2500G SERV/DOM / SERVICIO,9
Beni,80304,Rurrenabaque,2024,4,3. NACIDOS VIVOS CON PESO MENOR A 2500G SERV/DOM / SERVICIO,1
Potosí,50701,Sacaca,2024,4,3. NACIDOS VIVOS CON PESO MENOR A 2500G SERV/DOM / SERVICIO,1
Beni,80602,San Andres,2024,4,3. NACIDOS VIVOS CON PESO MENOR A 2500G SERV/DOM / SERVICIO,0
Beni,80302,San Borja,2024,4,3. NACIDOS VIVOS CON PESO MENOR A 2500G SERV/DOM / SERVICIO,3
Beni,80501,San Ignacio,2024,4,3. NACIDOS VIVOS CON PESO MENOR A 2500G SERV/DOM / SERVICIO,1
Santa Cruz,70301,San Ignacio De Velasco,2024,4,3. NACIDOS VIVOS CON PESO MENOR A 2500G SERV/DOM / SERVICIO,9
Santa Cruz,71102,San Javier(stc),2024,4,3. NACIDOS VIVOS CON PESO MENOR A 2500G SERV/DOM / SERVICIO,1
Chuquisaca,10702,San Lucas,2024,4,3. NACIDOS VIVOS CON PESO MENOR A 2500G SERV/DOM / SERVICIO,1
Santa Cruz,71201,San Matias,2024,4,3. NACIDOS VIVOS CON PESO MENOR A 2500G SERV/DOM / SERVICIO,0
Santa Cruz,70303,San Rafael,2024,4,3. NACIDOS VIVOS CON PESO MENOR A 2500G SERV/DOM / SERVICIO,1
Santa Cruz,70101,Santa Cruz De La Sierra,2024,4,3. NACIDOS VIVOS CON PESO MENOR A 2500G SERV/DOM / SERVICIO,75
La Paz,20308,Santiago De Callapa,2024,4,3. NACIDOS VIVOS CON PESO MENOR A 2500G SERV/DOM / SERVICIO,0
Cochabamba,31602,Shinaota,2024,4,3. NACIDOS VIVOS CON PESO MENOR A 2500G SERV/DOM / SERVICIO,1
Chuquisaca,10101,Sucre,2024,4,3. NACIDOS VIVOS CON PESO MENOR A 2500G SERV/DOM / SERVICIO,28
Cochabamba,31101,Tapacari,2024,4,3. NACIDOS VIVOS CON PESO MENOR A 2500G SERV/DOM / SERVICIO,0
Tarija,60101,Tarija,2024,4,3. NACIDOS VIVOS CON PESO MENOR A 2500G SERV/DOM / SERVICIO,62
Chuquisaca,10202,Tarvita,2024,4,3. NACIDOS VIVOS CON PESO MENOR A 2500G SERV/DOM / SERVICIO,0
Potosí,50102,Tinguipaya,2024,4,3. NACIDOS VIVOS CON PESO MENOR A 2500G SERV/DOM / SERVICIO,0
Cochabamba,30903,Tiquipaya,2024,4,3. NACIDOS VIVOS CON PESO MENOR A 2500G SERV/DOM / SERVICIO,3
Oruro,41001,Toledo,2024,4,3. NACIDOS VIVOS CON PESO MENOR A 2500G SERV/DOM / SERVICIO,1
Beni,80101,Trinidad,2024,4,3. NACIDOS VIVOS CON PESO MENOR A 2500G SERV/DOM / SERVICIO,17
Potosí,50801,Tupiza,2024,4,3. NACIDOS VIVOS CON PESO MENOR A 2500G SERV/DOM / SERVICIO,1
Potosí,50201,Uncia,2024,4,3. NACIDOS VIVOS CON PESO MENOR A 2500G SERV/DOM / SERVICIO,1
Potosí,51201,Uyuni,2024,4,3. NACIDOS VIVOS CON PESO MENOR A 2500G SERV/DOM / SERVICIO,1
Santa Cruz,70801,Vallegrande,2024,4,3. NACIDOS VIVOS CON PESO MENOR A 2500G SERV/DOM / SERVICIO,2
La Paz,20801,Viacha,2024,4,3. NACIDOS VIVOS CON PESO MENOR A 2500G SERV/DOM / SERVICIO,5
Chuquisaca,10704,Villa Charcas,2024,4,3. NACIDOS VIVOS CON PESO MENOR A 2500G SERV/DOM / SERVICIO,0
Tarija,60303,Villa Montes,2024,4,3. NACIDOS VIVOS CON PESO MENOR A 2500G SERV/DOM / SERVICIO,5
Cochabamba,31003,Villa Tunari,2024,4,3. NACIDOS VIVOS CON PESO MENOR A 2500G SERV/DOM / SERVICIO,9
Chuquisaca,11001,Villa Vaca Guzman (muyupampa),2024,4,3. NACIDOS VIVOS CON PESO MENOR A 2500G SERV/DOM / SERVICIO,1
Potosí,51501,Villazon,2024,4,3. NACIDOS VIVOS CON PESO MENOR A 2500G SERV/DOM / SERVICIO,6
Cochabamba,30904,Vinto,2024,4,3. NACIDOS VIVOS CON PESO MENOR A 2500G SERV/DOM / SERVICIO,3
Santa Cruz,70201,Warnes,2024,4,3. NACIDOS VIVOS CON PESO MENOR A 2500G SERV/DOM / SERVICIO,1
Tarija,60301,Yacuiba,2024,4,3. NACIDOS VIVOS CON PESO MENOR A 2500G SERV/DOM / SERVICIO,7
Santa Cruz,70403,Yapacani,2024,4,3. NACIDOS VIVOS CON PESO MENOR A 2500G SERV/DOM / SERVICIO,2
Chuquisaca,10301,Zudañez,2024,4,3. NACIDOS VIVOS CON PESO MENOR A 2500G SERV/DOM / SERVICIO,0
La Paz,20201,Achacachi,2024,5,3. NACIDOS VIVOS CON PESO MENOR A 2500G SERV/DOM / SERVICIO,2
Cochabamba,30201,Aiquile,2024,5,3. NACIDOS VIVOS CON PESO MENOR A 2500G SERV/DOM / SERVICIO,1
Potosí,50802,Atocha,2024,5,3. NACIDOS VIVOS CON PESO MENOR A 2500G SERV/DOM / SERVICIO,3
La Paz,20502,Ayata,2024,5,3. NACIDOS VIVOS CON PESO MENOR A 2500G SERV/DOM / SERVICIO,0
La Paz,21303,Ayo Ayo,2024,5,3. NACIDOS VIVOS CON PESO MENOR A 2500G SERV/DOM / SERVICIO,0
Cochabamba,30301,Ayopaya (v. De Independencia),2024,5,3. NACIDOS VIVOS CON PESO MENOR A 2500G SERV/DOM / SERVICIO,1
Santa Cruz,70706,Camiri,2024,5,3. NACIDOS VIVOS CON PESO MENOR A 2500G SERV/DOM / SERVICIO,1
Oruro,40102,Caracollo,2024,5,3. NACIDOS VIVOS CON PESO MENOR A 2500G SERV/DOM / SERVICIO,0
Santa Cruz,71403,Carmen Rivero Torrez,2024,5,3. NACIDOS VIVOS CON PESO MENOR A 2500G SERV/DOM / SERVICIO,1
Oruro,40201,Challapata,2024,5,3. NACIDOS VIVOS CON PESO MENOR A 2500G SERV/DOM / SERVICIO,1
Potosí,50202,Chayanta,2024,5,3. NACIDOS VIVOS CON PESO MENOR A 2500G SERV/DOM / SERVICIO,0
Cochabamba,31204,Chimore,2024,5,3. NACIDOS VIVOS CON PESO MENOR A 2500G SERV/DOM / SERVICIO,1
Pando,90101,Cobija,2024,5,3. NACIDOS VIVOS CON PESO MENOR A 2500G SERV/DOM / SERVICIO,7
Cochabamba,30101,Cochabamba,2024,5,3. NACIDOS VIVOS CON PESO MENOR A 2500G SERV/DOM / SERVICIO,71
Potosí,50401,Colquechaca,2024,5,3. NACIDOS VIVOS CON PESO MENOR A 2500G SERV/DOM / SERVICIO,0
La Paz,21306,Colquencha,2024,5,3. NACIDOS VIVOS CON PESO MENOR A 2500G SERV/DOM / SERVICIO,0
Chuquisaca,10902,Culpina,2024,5,3. NACIDOS VIVOS CON PESO MENOR A 2500G SERV/DOM / SERVICIO,0
La Paz,20105,El Alto,2024,5,3. NACIDOS VIVOS CON PESO MENOR A 2500G SERV/DOM / SERVICIO,71
Santa Cruz,70105,El Torno,2024,5,3. NACIDOS VIVOS CON PESO MENOR A 2500G SERV/DOM / SERVICIO,2
La Paz,20405,Escoma,2024,5,3. NACIDOS VIVOS CON PESO MENOR A 2500G SERV/DOM / SERVICIO,1
La Paz,20802,Guaqui,2024,5,3. NACIDOS VIVOS CON PESO MENOR A 2500G SERV/DOM / SERVICIO,1
Beni,80202,Guayaramerin,2024,5,3. NACIDOS VIVOS CON PESO MENOR A 2500G SERV/DOM / SERVICIO,4
Santa Cruz,70705,Gutierrez,2024,5,3. NACIDOS VIVOS CON PESO MENOR A 2500G SERV/DOM / SERVICIO,1
Oruro,40701,Huanuni,2024,5,3. NACIDOS VIVOS CON PESO MENOR A 2500G SERV/DOM / SERVICIO,2
La Paz,20101,La Paz,2024,5,3. NACIDOS VIVOS CON PESO MENOR A 2500G SERV/DOM / SERVICIO,117
Potosí,50203,Llallagua,2024,5,3. NACIDOS VIVOS CON PESO MENOR A 2500G SERV/DOM / SERVICIO,3
Beni,80601,Loreto,2024,5,3. NACIDOS VIVOS CON PESO MENOR A 2500G SERV/DOM / SERVICIO,0
Beni,80801,Magdalena,2024,5,3. NACIDOS VIVOS CON PESO MENOR A 2500G SERV/DOM / SERVICIO,12
La Paz,20607,Mapiri,2024,5,3. NACIDOS VIVOS CON PESO MENOR A 2500G SERV/DOM / SERVICIO,1
Cochabamba,31301,Mizque,2024,5,3. NACIDOS VIVOS CON PESO MENOR A 2500G SERV/DOM / SERVICIO,1
Chuquisaca,10501,Monteagudo,2024,5,3. NACIDOS VIVOS CON PESO MENOR A 2500G SERV/DOM / SERVICIO,1
Santa Cruz,71001,Montero,2024,5,3. NACIDOS VIVOS CON PESO MENOR A 2500G SERV/DOM / SERVICIO,2
Potosí,50404,Ocuri,2024,5,3. NACIDOS VIVOS CON PESO MENOR A 2500G SERV/DOM / SERVICIO,1
Oruro,40101,Oruro,2024,5,3. NACIDOS VIVOS CON PESO MENOR A 2500G SERV/DOM / SERVICIO,56
La Paz,21305,Patacamaya,2024,5,3. NACIDOS VIVOS CON PESO MENOR A 2500G SERV/DOM / SERVICIO,3
Chuquisaca,10103,Poroma,2024,5,3. NACIDOS VIVOS CON PESO MENOR A 2500G SERV/DOM / SERVICIO,1
Potosí,50101,Potosi,2024,5,3. NACIDOS VIVOS CON PESO MENOR A 2500G SERV/DOM / SERVICIO,28
Santa Cruz,70805,Pucara,2024,5,3. NACIDOS VIVOS CON PESO MENOR A 2500G SERV/DOM / SERVICIO,1
Santa Cruz,71402,Puerto Quijarro,2024,5,3. NACIDOS VIVOS CON PESO MENOR A 2500G SERV/DOM / SERVICIO,1
Beni,80703,Puerto Siles,2024,5,3. NACIDOS VIVOS CON PESO MENOR A 2500G SERV/DOM / SERVICIO,2
Cochabamba,31205,Puerto Villarroel,2024,5,3. NACIDOS VIVOS CON PESO MENOR A 2500G SERV/DOM / SERVICIO,6
Cochabamba,31401,Punata,2024,5,3. NACIDOS VIVOS CON PESO MENOR A 2500G SERV/DOM / SERVICIO,3
Cochabamba,30901,Quillacollo,2024,5,3. NACIDOS VIVOS CON PESO MENOR A 2500G SERV/DOM / SERVICIO,3
Beni,80301,Reyes,2024,5,3. NACIDOS VIVOS CON PESO MENOR A 2500G SERV/DOM / SERVICIO,1
Beni,80201,Riberalta,2024,5,3. NACIDOS VIVOS CON PESO MENOR A 2500G SERV/DOM / SERVICIO,16
Santa Cruz,70503,Robore,2024,5,3. NACIDOS VIVOS CON PESO MENOR A 2500G SERV/DOM / SERVICIO,23
Beni,80304,Rurrenabaque,2024,5,3. NACIDOS VIVOS CON PESO MENOR A 2500G SERV/DOM / SERVICIO,1
Cochabamba,31001,Sacaba,2024,5,3. NACIDOS VIVOS CON PESO MENOR A 2500G SERV/DOM / SERVICIO,4
Beni,80501,San Ignacio,2024,5,3. NACIDOS VIVOS CON PESO MENOR A 2500G SERV/DOM / SERVICIO,1
Santa Cruz,70301,San Ignacio De Velasco,2024,5,3. NACIDOS VIVOS CON PESO MENOR A 2500G SERV/DOM / SERVICIO,8
Santa Cruz,71201,San Matias,2024,5,3. NACIDOS VIVOS CON PESO MENOR A 2500G SERV/DOM / SERVICIO,2
La Paz,21801,San Pedro De Curahuara,2024,5,3. NACIDOS VIVOS CON PESO MENOR A 2500G SERV/DOM / SERVICIO,0
Santa Cruz,70303,San Rafael,2024,5,3. NACIDOS VIVOS CON PESO MENOR A 2500G SERV/DOM / SERVICIO,1
Santa Cruz,70101,Santa Cruz De La Sierra,2024,5,3. NACIDOS VIVOS CON PESO MENOR A 2500G SERV/DOM / SERVICIO,113
Santa Cruz,70602,Santa Rosa Del Sara,2024,5,3. NACIDOS VIVOS CON PESO MENOR A 2500G SERV/DOM / SERVICIO,1
La Paz,20902,Sapahaqui,2024,5,3. NACIDOS VIVOS CON PESO MENOR A 2500G SERV/DOM / SERVICIO,0
Pando,90303,Sena,2024,5,3. NACIDOS VIVOS CON PESO MENOR A 2500G SERV/DOM / SERVICIO,0
Cochabamba,30703,Sicaya,2024,5,3. NACIDOS VIVOS CON PESO MENOR A 2500G SERV/DOM / SERVICIO,1
Chuquisaca,10101,Sucre,2024,5,3. NACIDOS VIVOS CON PESO MENOR A 2500G SERV/DOM / SERVICIO,21
Potosí,50303,Tacobamba,2024,5,3. NACIDOS VIVOS CON PESO MENOR A 2500G SERV/DOM / SERVICIO,1
Cochabamba,31101,Tapacari,2024,5,3. NACIDOS VIVOS CON PESO MENOR A 2500G SERV/DOM / SERVICIO,0
Tarija,60101,Tarija,2024,5,3. NACIDOS VIVOS CON PESO MENOR A 2500G SERV/DOM / SERVICIO,17
La Paz,20803,Tiahuanacu,2024,5,3. NACIDOS VIVOS CON PESO MENOR A 2500G SERV/DOM / SERVICIO,0
Cochabamba,30903,Tiquipaya,2024,5,3. NACIDOS VIVOS CON PESO MENOR A 2500G SERV/DOM / SERVICIO,1
Beni,80101,Trinidad,2024,5,3. NACIDOS VIVOS CON PESO MENOR A 2500G SERV/DOM / SERVICIO,23
Potosí,50801,Tupiza,2024,5,3. NACIDOS VIVOS CON PESO MENOR A 2500G SERV/DOM / SERVICIO,3
La Paz,20801,Viacha,2024,5,3. NACIDOS VIVOS CON PESO MENOR A 2500G SERV/DOM / SERVICIO,2
Tarija,60303,Villa Montes,2024,5,3. NACIDOS VIVOS CON PESO MENOR A 2500G SERV/DOM / SERVICIO,2
Chuquisaca,10801,Villa Serrano,2024,5,3. NACIDOS VIVOS CON PESO MENOR A 2500G SERV/DOM / SERVICIO,1
Cochabamba,31003,Villa Tunari,2024,5,3. NACIDOS VIVOS CON PESO MENOR A 2500G SERV/DOM / SERVICIO,4
Potosí,51501,Villazon,2024,5,3. NACIDOS VIVOS CON PESO MENOR A 2500G SERV/DOM / SERVICIO,7
Cochabamba,30904,Vinto,2024,5,3. NACIDOS VIVOS CON PESO MENOR A 2500G SERV/DOM / SERVICIO,4
Potosí,50602,Vitichi,2024,5,3. NACIDOS VIVOS CON PESO MENOR A 2500G SERV/DOM / SERVICIO,2
Santa Cruz,70201,Warnes,2024,5,3. NACIDOS VIVOS CON PESO MENOR A 2500G SERV/DOM / SERVICIO,1
Tarija,60301,Yacuiba,2024,5,3. NACIDOS VIVOS CON PESO MENOR A 2500G SERV/DOM / SERVICIO,8
Chuquisaca,10602,Yamparaez,2024,5,3. NACIDOS VIVOS CON PESO MENOR A 2500G SERV/DOM / SERVICIO,0
Santa Cruz,70403,Yapacani,2024,5,3. NACIDOS VIVOS CON PESO MENOR A 2500G SERV/DOM / SERVICIO,1
Cochabamba,30201,Aiquile,2024,6,3. NACIDOS VIVOS CON PESO MENOR A 2500G SERV/DOM / SERVICIO,1
Santa Cruz,71501,Ascencion De Guarayos,2024,6,3. NACIDOS VIVOS CON PESO MENOR A 2500G SERV/DOM / SERVICIO,2
La Paz,20503,Aucapata,2024,6,3. NACIDOS VIVOS CON PESO MENOR A 2500G SERV/DOM / SERVICIO,1
Cochabamba,30301,Ayopaya (v. De Independencia),2024,6,3. NACIDOS VIVOS CON PESO MENOR A 2500G SERV/DOM / SERVICIO,0
Chuquisaca,10201,Azurduy,2024,6,3. NACIDOS VIVOS CON PESO MENOR A 2500G SERV/DOM / SERVICIO,1
La Paz,21203,Batallas,2024,6,3. NACIDOS VIVOS CON PESO MENOR A 2500G SERV/DOM / SERVICIO,0
Tarija,60202,Bermejo,2024,6,3. NACIDOS VIVOS CON PESO MENOR A 2500G SERV/DOM / SERVICIO,1
Potosí,50301,Betanzos,2024,6,3. NACIDOS VIVOS CON PESO MENOR A 2500G SERV/DOM / SERVICIO,1
Pando,90103,Bolpebra,2024,6,3. NACIDOS VIVOS CON PESO MENOR A 2500G SERV/DOM / SERVICIO,1
Santa Cruz,70703,Cabezas,2024,6,3. NACIDOS VIVOS CON PESO MENOR A 2500G SERV/DOM / SERVICIO,1
La Paz,21003,Cajuata,2024,6,3. NACIDOS VIVOS CON PESO MENOR A 2500G SERV/DOM / SERVICIO,1
Chuquisaca,10701,Camargo,2024,6,3. NACIDOS VIVOS CON PESO MENOR A 2500G SERV/DOM / SERVICIO,1
Santa Cruz,70706,Camiri,2024,6,3. NACIDOS VIVOS CON PESO MENOR A 2500G SERV/DOM / SERVICIO,1
Cochabamba,30701,Capinota,2024,6,3. NACIDOS VIVOS CON PESO MENOR A 2500G SERV/DOM / SERVICIO,3
Oruro,40102,Caracollo,2024,6,3. NACIDOS VIVOS CON PESO MENOR A 2500G SERV/DOM / SERVICIO,1
La Paz,22001,Caranavi,2024,6,3. NACIDOS VIVOS CON PESO MENOR A 2500G SERV/DOM / SERVICIO,1
Oruro,40201,Challapata,2024,6,3. NACIDOS VIVOS CON PESO MENOR A 2500G SERV/DOM / SERVICIO,1
Cochabamba,30801,Cliza,2024,6,3. NACIDOS VIVOS CON PESO MENOR A 2500G SERV/DOM / SERVICIO,2
Pando,90101,Cobija,2024,6,3. NACIDOS VIVOS CON PESO MENOR A 2500G SERV/DOM / SERVICIO,8
Cochabamba,30101,Cochabamba,2024,6,3. NACIDOS VIVOS CON PESO MENOR A 2500G SERV/DOM / SERVICIO,71
Cochabamba,30905,Colcapirhua,2024,6,3. NACIDOS VIVOS CON PESO MENOR A 2500G SERV/DOM / SERVICIO,1
Cochabamba,31002,Colomi,2024,6,3. NACIDOS VIVOS CON PESO MENOR A 2500G SERV/DOM / SERVICIO,1
Santa Cruz,71101,Concepcion,2024,6,3. NACIDOS VIVOS CON PESO MENOR A 2500G SERV/DOM / SERVICIO,1
Chuquisaca,10902,Culpina,2024,6,3. NACIDOS VIVOS CON PESO MENOR A 2500G SERV/DOM / SERVICIO,1
La Paz,20105,El Alto,2024,6,3. NACIDOS VIVOS CON PESO MENOR A 2500G SERV/DOM / SERVICIO,70
Tarija,60502,El Puente(tja),2024,6,3. NACIDOS VIVOS CON PESO MENOR A 2500G SERV/DOM / SERVICIO,1
Santa Cruz,70105,El Torno,2024,6,3. NACIDOS VIVOS CON PESO MENOR A 2500G SERV/DOM / SERVICIO,3
Santa Cruz,71004,Fernandez Alonso,2024,6,3. NACIDOS VIVOS CON PESO MENOR A 2500G SERV/DOM / SERVICIO,1
Beni,80202,Guayaramerin,2024,6,3. NACIDOS VIVOS CON PESO MENOR A 2500G SERV/DOM / SERVICIO,2
Oruro,40701,Huanuni,2024,6,3. NACIDOS VIVOS CON PESO MENOR A 2500G SERV/DOM / SERVICIO,2
La Paz,20204,Huarina,2024,6,3. NACIDOS VIVOS CON PESO MENOR A 2500G SERV/DOM / SERVICIO,0
La Paz,21102,Irupana (villa De Lanza),2024,6,3. NACIDOS VIVOS CON PESO MENOR A 2500G SERV/DOM / SERVICIO,0
La Paz,21105,La Asunta,2024,6,3. NACIDOS VIVOS CON PESO MENOR A 2500G SERV/DOM / SERVICIO,4
La Paz,20101,La Paz,2024,6,3. NACIDOS VIVOS CON PESO MENOR A 2500G SERV/DOM / SERVICIO,137
Potosí,50203,Llallagua,2024,6,3. NACIDOS VIVOS CON PESO MENOR A 2500G SERV/DOM / SERVICIO,3
Beni,80601,Loreto,2024,6,3. NACIDOS VIVOS CON PESO MENOR A 2500G SERV/DOM / SERVICIO,2
Santa Cruz,70903,Mairana,2024,6,3. NACIDOS VIVOS CON PESO MENOR A 2500G SERV/DOM / SERVICIO,0
Cochabamba,31301,Mizque,2024,6,3. NACIDOS VIVOS CON PESO MENOR A 2500G SERV/DOM / SERVICIO,1
Chuquisaca,10501,Monteagudo,2024,6,3. NACIDOS VIVOS CON PESO MENOR A 2500G SERV/DOM / SERVICIO,1
Cochabamba,30302,Morochata,2024,6,3. NACIDOS VIVOS CON PESO MENOR A 2500G SERV/DOM / SERVICIO,1
Oruro,40101,Oruro,2024,6,3. NACIDOS VIVOS CON PESO MENOR A 2500G SERV/DOM / SERVICIO,30
Chuquisaca,10401,Padilla,2024,6,3. NACIDOS VIVOS CON PESO MENOR A 2500G SERV/DOM / SERVICIO,1
La Paz,21305,Patacamaya,2024,6,3. NACIDOS VIVOS CON PESO MENOR A 2500G SERV/DOM / SERVICIO,1
Oruro,40601,Poopo,2024,6,3. NACIDOS VIVOS CON PESO MENOR A 2500G SERV/DOM / SERVICIO,1
Potosí,50101,Potosi,2024,6,3. NACIDOS VIVOS CON PESO MENOR A 2500G SERV/DOM / SERVICIO,32
Pando,90301,Puerto Gonzalo Moreno,2024,6,3. NACIDOS VIVOS CON PESO MENOR A 2500G SERV/DOM / SERVICIO,1
Santa Cruz,71402,Puerto Quijarro,2024,6,3. NACIDOS VIVOS CON PESO MENOR A 2500G SERV/DOM / SERVICIO,11
Cochabamba,31205,Puerto Villarroel,2024,6,3. NACIDOS VIVOS CON PESO MENOR A 2500G SERV/DOM / SERVICIO,2
La Paz,20604,Quiabaya,2024,6,3. NACIDOS VIVOS CON PESO MENOR A 2500G SERV/DOM / SERVICIO,1
Cochabamba,30901,Quillacollo,2024,6,3. NACIDOS VIVOS CON PESO MENOR A 2500G SERV/DOM / SERVICIO,5
Cochabamba,31304,Raqaypampa(eta),2024,6,3. NACIDOS VIVOS CON PESO MENOR A 2500G SERV/DOM / SERVICIO,2
Beni,80301,Reyes,2024,6,3. NACIDOS VIVOS CON PESO MENOR A 2500G SERV/DOM / SERVICIO,1
Beni,80201,Riberalta,2024,6,3. NACIDOS VIVOS CON PESO MENOR A 2500G SERV/DOM / SERVICIO,9
Santa Cruz,70503,Robore,2024,6,3. NACIDOS VIVOS CON PESO MENOR A 2500G SERV/DOM / SERVICIO,16
Cochabamba,31001,Sacaba,2024,6,3. NACIDOS VIVOS CON PESO MENOR A 2500G SERV/DOM / SERVICIO,5
Beni,80302,San Borja,2024,6,3. NACIDOS VIVOS CON PESO MENOR A 2500G SERV/DOM / SERVICIO,1
Santa Cruz,70301,San Ignacio De Velasco,2024,6,3. NACIDOS VIVOS CON PESO MENOR A 2500G SERV/DOM / SERVICIO,6
Santa Cruz,71102,San Javier(stc),2024,6,3. NACIDOS VIVOS CON PESO MENOR A 2500G SERV/DOM / SERVICIO,18
Santa Cruz,70501,San Jose De Chiquitos,2024,6,3. NACIDOS VIVOS CON PESO MENOR A 2500G SERV/DOM / SERVICIO,1
Santa Cruz,70302,San Miguel De Velasco,2024,6,3. NACIDOS VIVOS CON PESO MENOR A 2500G SERV/DOM / SERVICIO,1
Potosí,50501,San Pedro De Buena Vista,2024,6,3. NACIDOS VIVOS CON PESO MENOR A 2500G SERV/DOM / SERVICIO,0
Santa Cruz,70303,San Rafael,2024,6,3. NACIDOS VIVOS CON PESO MENOR A 2500G SERV/DOM / SERVICIO,1
Santa Cruz,70101,Santa Cruz De La Sierra,2024,6,3. NACIDOS VIVOS CON PESO MENOR A 2500G SERV/DOM / SERVICIO,60
Chuquisaca,10101,Sucre,2024,6,3. NACIDOS VIVOS CON PESO MENOR A 2500G SERV/DOM / SERVICIO,18
Potosí,50303,Tacobamba,2024,6,3. NACIDOS VIVOS CON PESO MENOR A 2500G SERV/DOM / SERVICIO,0
Cochabamba,31101,Tapacari,2024,6,3. NACIDOS VIVOS CON PESO MENOR A 2500G SERV/DOM / SERVICIO,0
Tarija,60101,Tarija,2024,6,3. NACIDOS VIVOS CON PESO MENOR A 2500G SERV/DOM / SERVICIO,11
La Paz,20803,Tiahuanacu,2024,6,3. NACIDOS VIVOS CON PESO MENOR A 2500G SERV/DOM / SERVICIO,1
Cochabamba,30903,Tiquipaya,2024,6,3. NACIDOS VIVOS CON PESO MENOR A 2500G SERV/DOM / SERVICIO,1
Beni,80101,Trinidad,2024,6,3. NACIDOS VIVOS CON PESO MENOR A 2500G SERV/DOM / SERVICIO,10
La Paz,20801,Viacha,2024,6,3. NACIDOS VIVOS CON PESO MENOR A 2500G SERV/DOM / SERVICIO,2
Pando,90502,Villa Nueva (loma Alta),2024,6,3. NACIDOS VIVOS CON PESO MENOR A 2500G SERV/DOM / SERVICIO,0
Cochabamba,31003,Villa Tunari,2024,6,3. NACIDOS VIVOS CON PESO MENOR A 2500G SERV/DOM / SERVICIO,9
Potosí,51501,Villazon,2024,6,3. NACIDOS VIVOS CON PESO MENOR A 2500G SERV/DOM / SERVICIO,3
Cochabamba,30904,Vinto,2024,6,3. NACIDOS VIVOS CON PESO MENOR A 2500G SERV/DOM / SERVICIO,3
Tarija,60301,Yacuiba,2024,6,3. NACIDOS VIVOS CON PESO MENOR A 2500G SERV/DOM / SERVICIO,3
La Paz,20201,Achacachi,2024,7,3. NACIDOS VIVOS CON PESO MENOR A 2500G SERV/DOM / SERVICIO,2
Cochabamba,30201,Aiquile,2024,7,3. NACIDOS VIVOS CON PESO MENOR A 2500G SERV/DOM / SERVICIO,1
Potosí,51301,Arampampa,2024,7,3. NACIDOS VIVOS CON PESO MENOR A 2500G SERV/DOM / SERVICIO,0
La Paz,20503,Aucapata,2024,7,3. NACIDOS VIVOS CON PESO MENOR A 2500G SERV/DOM / SERVICIO,1
La Paz,20502,Ayata,2024,7,3. NACIDOS VIVOS CON PESO MENOR A 2500G SERV/DOM / SERVICIO,0
Cochabamba,30301,Ayopaya (v. De Independencia),2024,7,3. NACIDOS VIVOS CON PESO MENOR A 2500G SERV/DOM / SERVICIO,0
Tarija,60202,Bermejo,2024,7,3. NACIDOS VIVOS CON PESO MENOR A 2500G SERV/DOM / SERVICIO,3
Potosí,50301,Betanzos,2024,7,3. NACIDOS VIVOS CON PESO MENOR A 2500G SERV/DOM / SERVICIO,1
Santa Cruz,70707,Boyuibe,2024,7,3. NACIDOS VIVOS CON PESO MENOR A 2500G SERV/DOM / SERVICIO,0
Chuquisaca,10701,Camargo,2024,7,3. NACIDOS VIVOS CON PESO MENOR A 2500G SERV/DOM / SERVICIO,1
Oruro,40102,Caracollo,2024,7,3. NACIDOS VIVOS CON PESO MENOR A 2500G SERV/DOM / SERVICIO,1
La Paz,22001,Caranavi,2024,7,3. NACIDOS VIVOS CON PESO MENOR A 2500G SERV/DOM / SERVICIO,0
Oruro,40201,Challapata,2024,7,3. NACIDOS VIVOS CON PESO MENOR A 2500G SERV/DOM / SERVICIO,1
Santa Cruz,70702,Charagua,2024,7,3. NACIDOS VIVOS CON PESO MENOR A 2500G SERV/DOM / SERVICIO,1
Cochabamba,30801,Cliza,2024,7,3. NACIDOS VIVOS CON PESO MENOR A 2500G SERV/DOM / SERVICIO,1
Pando,90101,Cobija,2024,7,3. NACIDOS VIVOS CON PESO MENOR A 2500G SERV/DOM / SERVICIO,12
Cochabamba,30101,Cochabamba,2024,7,3. NACIDOS VIVOS CON PESO MENOR A 2500G SERV/DOM / SERVICIO,82
Cochabamba,30905,Colcapirhua,2024,7,3. NACIDOS VIVOS CON PESO MENOR A 2500G SERV/DOM / SERVICIO,1
Cochabamba,31002,Colomi,2024,7,3. NACIDOS VIVOS CON PESO MENOR A 2500G SERV/DOM / SERVICIO,1
Potosí,50401,Colquechaca,2024,7,3. NACIDOS VIVOS CON PESO MENOR A 2500G SERV/DOM / SERVICIO,1
Santa Cruz,71101,Concepcion,2024,7,3. NACIDOS VIVOS CON PESO MENOR A 2500G SERV/DOM / SERVICIO,1
La Paz,21701,Copacabana,2024,7,3. NACIDOS VIVOS CON PESO MENOR A 2500G SERV/DOM / SERVICIO,1
La Paz,20301,Coro Coro,2024,7,3. NACIDOS VIVOS CON PESO MENOR A 2500G SERV/DOM / SERVICIO,0
Santa Cruz,70102,Cotoca,2024,7,3. NACIDOS VIVOS CON PESO MENOR A 2500G SERV/DOM / SERVICIO,1
Santa Cruz,71106,Cuatro Cañadas,2024,7,3. NACIDOS VIVOS CON PESO MENOR A 2500G SERV/DOM / SERVICIO,3
Chuquisaca,10902,Culpina,2024,7,3. NACIDOS VIVOS CON PESO MENOR A 2500G SERV/DOM / SERVICIO,0
La Paz,21602,Curva,2024,7,3. NACIDOS VIVOS CON PESO MENOR A 2500G SERV/DOM / SERVICIO,0
La Paz,20105,El Alto,2024,7,3. NACIDOS VIVOS CON PESO MENOR A 2500G SERV/DOM / SERVICIO,80
Tarija,60502,El Puente(tja),2024,7,3. NACIDOS VIVOS CON PESO MENOR A 2500G SERV/DOM / SERVICIO,1
Cochabamba,31206,Entre Rios Cbba,2024,7,3. NACIDOS VIVOS CON PESO MENOR A 2500G SERV/DOM / SERVICIO,1
La Paz,20405,Escoma,2024,7,3. NACIDOS VIVOS CON PESO MENOR A 2500G SERV/DOM / SERVICIO,1
Oruro,41101,Eucaliptus,2024,7,3. NACIDOS VIVOS CON PESO MENOR A 2500G SERV/DOM / SERVICIO,1
Beni,80202,Guayaramerin,2024,7,3. NACIDOS VIVOS CON PESO MENOR A 2500G SERV/DOM / SERVICIO,8
La Paz,21105,La Asunta,2024,7,3. NACIDOS VIVOS CON PESO MENOR A 2500G SERV/DOM / SERVICIO,1
La Paz,20101,La Paz,2024,7,3. NACIDOS VIVOS CON PESO MENOR A 2500G SERV/DOM / SERVICIO,125
Potosí,50203,Llallagua,2024,7,3. NACIDOS VIVOS CON PESO MENOR A 2500G SERV/DOM / SERVICIO,3
Chuquisaca,11003,Machareti,2024,7,3. NACIDOS VIVOS CON PESO MENOR A 2500G SERV/DOM / SERVICIO,0
Beni,80801,Magdalena,2024,7,3. NACIDOS VIVOS CON PESO MENOR A 2500G SERV/DOM / SERVICIO,7
Santa Cruz,71003,Mineros,2024,7,3. NACIDOS VIVOS CON PESO MENOR A 2500G SERV/DOM / SERVICIO,1
Chuquisaca,10501,Monteagudo,2024,7,3. NACIDOS VIVOS CON PESO MENOR A 2500G SERV/DOM / SERVICIO,1
Santa Cruz,71001,Montero,2024,7,3. NACIDOS VIVOS CON PESO MENOR A 2500G SERV/DOM / SERVICIO,7
Oruro,40101,Oruro,2024,7,3. NACIDOS VIVOS CON PESO MENOR A 2500G SERV/DOM / SERVICIO,38
La Paz,21305,Patacamaya,2024,7,3. NACIDOS VIVOS CON PESO MENOR A 2500G SERV/DOM / SERVICIO,1
Chuquisaca,10103,Poroma,2024,7,3. NACIDOS VIVOS CON PESO MENOR A 2500G SERV/DOM / SERVICIO,2
Potosí,50101,Potosi,2024,7,3. NACIDOS VIVOS CON PESO MENOR A 2500G SERV/DOM / SERVICIO,28
La Paz,21201,Pucarani,2024,7,3. NACIDOS VIVOS CON PESO MENOR A 2500G SERV/DOM / SERVICIO,1
Santa Cruz,71401,Puerto Suarez,2024,7,3. NACIDOS VIVOS CON PESO MENOR A 2500G SERV/DOM / SERVICIO,1
Cochabamba,31205,Puerto Villarroel,2024,7,3. NACIDOS VIVOS CON PESO MENOR A 2500G SERV/DOM / SERVICIO,1
Cochabamba,31401,Punata,2024,7,3. NACIDOS VIVOS CON PESO MENOR A 2500G SERV/DOM / SERVICIO,1
Cochabamba,30901,Quillacollo,2024,7,3. NACIDOS VIVOS CON PESO MENOR A 2500G SERV/DOM / SERVICIO,5
Beni,80201,Riberalta,2024,7,3. NACIDOS VIVOS CON PESO MENOR A 2500G SERV/DOM / SERVICIO,28
Beni,80304,Rurrenabaque,2024,7,3. NACIDOS VIVOS CON PESO MENOR A 2500G SERV/DOM / SERVICIO,2
Cochabamba,31001,Sacaba,2024,7,3. NACIDOS VIVOS CON PESO MENOR A 2500G SERV/DOM / SERVICIO,2
Beni,80302,San Borja,2024,7,3. NACIDOS VIVOS CON PESO MENOR A 2500G SERV/DOM / SERVICIO,4
Santa Cruz,70402,San Carlos,2024,7,3. NACIDOS VIVOS CON PESO MENOR A 2500G SERV/DOM / SERVICIO,1
Beni,80501,San Ignacio,2024,7,3. NACIDOS VIVOS CON PESO MENOR A 2500G SERV/DOM / SERVICIO,1
Santa Cruz,70301,San Ignacio De Velasco,2024,7,3. NACIDOS VIVOS CON PESO MENOR A 2500G SERV/DOM / SERVICIO,6
Santa Cruz,71104,San Julian,2024,7,3. NACIDOS VIVOS CON PESO MENOR A 2500G SERV/DOM / SERVICIO,1
Chuquisaca,10702,San Lucas,2024,7,3. NACIDOS VIVOS CON PESO MENOR A 2500G SERV/DOM / SERVICIO,3
Santa Cruz,71201,San Matias,2024,7,3. NACIDOS VIVOS CON PESO MENOR A 2500G SERV/DOM / SERVICIO,1
Santa Cruz,70302,San Miguel De Velasco,2024,7,3. NACIDOS VIVOS CON PESO MENOR A 2500G SERV/DOM / SERVICIO,1
Santa Cruz,70101,Santa Cruz De La Sierra,2024,7,3. NACIDOS VIVOS CON PESO MENOR A 2500G SERV/DOM / SERVICIO,51
Santa Cruz,70602,Santa Rosa Del Sara,2024,7,3. NACIDOS VIVOS CON PESO MENOR A 2500G SERV/DOM / SERVICIO,1
Cochabamba,30902,Sipe Sipe,2024,7,3. NACIDOS VIVOS CON PESO MENOR A 2500G SERV/DOM / SERVICIO,1
Chuquisaca,10403,Sopachuy,2024,7,3. NACIDOS VIVOS CON PESO MENOR A 2500G SERV/DOM / SERVICIO,1
Chuquisaca,10101,Sucre,2024,7,3. NACIDOS VIVOS CON PESO MENOR A 2500G SERV/DOM / SERVICIO,20
Cochabamba,31101,Tapacari,2024,7,3. NACIDOS VIVOS CON PESO MENOR A 2500G SERV/DOM / SERVICIO,0
Tarija,60101,Tarija,2024,7,3. NACIDOS VIVOS CON PESO MENOR A 2500G SERV/DOM / SERVICIO,18
Potosí,50102,Tinguipaya,2024,7,3. NACIDOS VIVOS CON PESO MENOR A 2500G SERV/DOM / SERVICIO,0
Cochabamba,30903,Tiquipaya,2024,7,3. NACIDOS VIVOS CON PESO MENOR A 2500G SERV/DOM / SERVICIO,2
Potosí,50502,Toro Toro,2024,7,3. NACIDOS VIVOS CON PESO MENOR A 2500G SERV/DOM / SERVICIO,1
Beni,80101,Trinidad,2024,7,3. NACIDOS VIVOS CON PESO MENOR A 2500G SERV/DOM / SERVICIO,14
Potosí,51201,Uyuni,2024,7,3. NACIDOS VIVOS CON PESO MENOR A 2500G SERV/DOM / SERVICIO,2
Santa Cruz,70801,Vallegrande,2024,7,3. NACIDOS VIVOS CON PESO MENOR A 2500G SERV/DOM / SERVICIO,5
La Paz,20801,Viacha,2024,7,3. NACIDOS VIVOS CON PESO MENOR A 2500G SERV/DOM / SERVICIO,3
Chuquisaca,10704,Villa Charcas,2024,7,3. NACIDOS VIVOS CON PESO MENOR A 2500G SERV/DOM / SERVICIO,1
Tarija,60303,Villa Montes,2024,7,3. NACIDOS VIVOS CON PESO MENOR A 2500G SERV/DOM / SERVICIO,2
Cochabamba,31003,Villa Tunari,2024,7,3. NACIDOS VIVOS CON PESO MENOR A 2500G SERV/DOM / SERVICIO,10
Potosí,51501,Villazon,2024,7,3. NACIDOS VIVOS CON PESO MENOR A 2500G SERV/DOM / SERVICIO,2
Cochabamba,30904,Vinto,2024,7,3. NACIDOS VIVOS CON PESO MENOR A 2500G SERV/DOM / SERVICIO,2
Tarija,60301,Yacuiba,2024,7,3. NACIDOS VIVOS CON PESO MENOR A 2500G SERV/DOM / SERVICIO,5
Santa Cruz,70403,Yapacani,2024,7,3. NACIDOS VIVOS CON PESO MENOR A 2500G SERV/DOM / SERVICIO,3
La Paz,20201,Achacachi,2024,8,3. NACIDOS VIVOS CON PESO MENOR A 2500G SERV/DOM / SERVICIO,4
Cochabamba,30301,Ayopaya (v. De Independencia),2024,8,3. NACIDOS VIVOS CON PESO MENOR A 2500G SERV/DOM / SERVICIO,0
Tarija,60202,Bermejo,2024,8,3. NACIDOS VIVOS CON PESO MENOR A 2500G SERV/DOM / SERVICIO,4
Santa Cruz,70706,Camiri,2024,8,3. NACIDOS VIVOS CON PESO MENOR A 2500G SERV/DOM / SERVICIO,2
Oruro,40102,Caracollo,2024,8,3. NACIDOS VIVOS CON PESO MENOR A 2500G SERV/DOM / SERVICIO,1
La Paz,22001,Caranavi,2024,8,3. NACIDOS VIVOS CON PESO MENOR A 2500G SERV/DOM / SERVICIO,2
Oruro,40201,Challapata,2024,8,3. NACIDOS VIVOS CON PESO MENOR A 2500G SERV/DOM / SERVICIO,5
Potosí,50302,Chaqui,2024,8,3. NACIDOS VIVOS CON PESO MENOR A 2500G SERV/DOM / SERVICIO,0
Potosí,50202,Chayanta,2024,8,3. NACIDOS VIVOS CON PESO MENOR A 2500G SERV/DOM / SERVICIO,0
Cochabamba,31204,Chimore,2024,8,3. NACIDOS VIVOS CON PESO MENOR A 2500G SERV/DOM / SERVICIO,1
Pando,90101,Cobija,2024,8,3. NACIDOS VIVOS CON PESO MENOR A 2500G SERV/DOM / SERVICIO,2
Cochabamba,30101,Cochabamba,2024,8,3. NACIDOS VIVOS CON PESO MENOR A 2500G SERV/DOM / SERVICIO,71
Cochabamba,30905,Colcapirhua,2024,8,3. NACIDOS VIVOS CON PESO MENOR A 2500G SERV/DOM / SERVICIO,2
Potosí,50401,Colquechaca,2024,8,3. NACIDOS VIVOS CON PESO MENOR A 2500G SERV/DOM / SERVICIO,1
La Paz,21004,Colquiri,2024,8,3. NACIDOS VIVOS CON PESO MENOR A 2500G SERV/DOM / SERVICIO,1
Santa Cruz,71101,Concepcion,2024,8,3. NACIDOS VIVOS CON PESO MENOR A 2500G SERV/DOM / SERVICIO,3
La Paz,21701,Copacabana,2024,8,3. NACIDOS VIVOS CON PESO MENOR A 2500G SERV/DOM / SERVICIO,1
La Paz,21402,Coripata,2024,8,3. NACIDOS VIVOS CON PESO MENOR A 2500G SERV/DOM / SERVICIO,1
La Paz,21401,Coroico,2024,8,3. NACIDOS VIVOS CON PESO MENOR A 2500G SERV/DOM / SERVICIO,1
Chuquisaca,10902,Culpina,2024,8,3. NACIDOS VIVOS CON PESO MENOR A 2500G SERV/DOM / SERVICIO,6
Oruro,40401,Curahuara De Carangas,2024,8,3. NACIDOS VIVOS CON PESO MENOR A 2500G SERV/DOM / SERVICIO,1
La Paz,20105,El Alto,2024,8,3. NACIDOS VIVOS CON PESO MENOR A 2500G SERV/DOM / SERVICIO,87
Beni,80202,Guayaramerin,2024,8,3. NACIDOS VIVOS CON PESO MENOR A 2500G SERV/DOM / SERVICIO,5
Oruro,40701,Huanuni,2024,8,3. NACIDOS VIVOS CON PESO MENOR A 2500G SERV/DOM / SERVICIO,2
La Paz,21105,La Asunta,2024,8,3. NACIDOS VIVOS CON PESO MENOR A 2500G SERV/DOM / SERVICIO,3
La Paz,20101,La Paz,2024,8,3. NACIDOS VIVOS CON PESO MENOR A 2500G SERV/DOM / SERVICIO,132
Santa Cruz,70701,Lagunillas,2024,8,3. NACIDOS VIVOS CON PESO MENOR A 2500G SERV/DOM / SERVICIO,1
Potosí,50203,Llallagua,2024,8,3. NACIDOS VIVOS CON PESO MENOR A 2500G SERV/DOM / SERVICIO,3
Chuquisaca,11003,Machareti,2024,8,3. NACIDOS VIVOS CON PESO MENOR A 2500G SERV/DOM / SERVICIO,3
Beni,80801,Magdalena,2024,8,3. NACIDOS VIVOS CON PESO MENOR A 2500G SERV/DOM / SERVICIO,1
La Paz,20103,Mecapaca,2024,8,3. NACIDOS VIVOS CON PESO MENOR A 2500G SERV/DOM / SERVICIO,1
Santa Cruz,71001,Montero,2024,8,3. NACIDOS VIVOS CON PESO MENOR A 2500G SERV/DOM / SERVICIO,4
Cochabamba,30302,Morochata,2024,8,3. NACIDOS VIVOS CON PESO MENOR A 2500G SERV/DOM / SERVICIO,0
Oruro,40101,Oruro,2024,8,3. NACIDOS VIVOS CON PESO MENOR A 2500G SERV/DOM / SERVICIO,34
Santa Cruz,70601,Portachuelo,2024,8,3. NACIDOS VIVOS CON PESO MENOR A 2500G SERV/DOM / SERVICIO,5
Potosí,50101,Potosi,2024,8,3. NACIDOS VIVOS CON PESO MENOR A 2500G SERV/DOM / SERVICIO,57
Santa Cruz,71402,Puerto Quijarro,2024,8,3. NACIDOS VIVOS CON PESO MENOR A 2500G SERV/DOM / SERVICIO,2
Santa Cruz,71401,Puerto Suarez,2024,8,3. NACIDOS VIVOS CON PESO MENOR A 2500G SERV/DOM / SERVICIO,1
Cochabamba,31205,Puerto Villarroel,2024,8,3. NACIDOS VIVOS CON PESO MENOR A 2500G SERV/DOM / SERVICIO,1
Cochabamba,31401,Punata,2024,8,3. NACIDOS VIVOS CON PESO MENOR A 2500G SERV/DOM / SERVICIO,2
Cochabamba,30901,Quillacollo,2024,8,3. NACIDOS VIVOS CON PESO MENOR A 2500G SERV/DOM / SERVICIO,4
Beni,80201,Riberalta,2024,8,3. NACIDOS VIVOS CON PESO MENOR A 2500G SERV/DOM / SERVICIO,13
Santa Cruz,70503,Robore,2024,8,3. NACIDOS VIVOS CON PESO MENOR A 2500G SERV/DOM / SERVICIO,1
Cochabamba,31001,Sacaba,2024,8,3. NACIDOS VIVOS CON PESO MENOR A 2500G SERV/DOM / SERVICIO,3
Potosí,50701,Sacaca,2024,8,3. NACIDOS VIVOS CON PESO MENOR A 2500G SERV/DOM / SERVICIO,0
Santa Cruz,71105,San Antonio De Lomerio,2024,8,3. NACIDOS VIVOS CON PESO MENOR A 2500G SERV/DOM / SERVICIO,1
Beni,80302,San Borja,2024,8,3. NACIDOS VIVOS CON PESO MENOR A 2500G SERV/DOM / SERVICIO,7
La Paz,21502,San Buena Ventura,2024,8,3. NACIDOS VIVOS CON PESO MENOR A 2500G SERV/DOM / SERVICIO,0
Beni,80501,San Ignacio,2024,8,3. NACIDOS VIVOS CON PESO MENOR A 2500G SERV/DOM / SERVICIO,4
Santa Cruz,70301,San Ignacio De Velasco,2024,8,3. NACIDOS VIVOS CON PESO MENOR A 2500G SERV/DOM / SERVICIO,1
Chuquisaca,10702,San Lucas,2024,8,3. NACIDOS VIVOS CON PESO MENOR A 2500G SERV/DOM / SERVICIO,3
Beni,80401,Santa Ana,2024,8,3. NACIDOS VIVOS CON PESO MENOR A 2500G SERV/DOM / SERVICIO,2
Santa Cruz,70101,Santa Cruz De La Sierra,2024,8,3. NACIDOS VIVOS CON PESO MENOR A 2500G SERV/DOM / SERVICIO,100
Pando,90303,Sena,2024,8,3. NACIDOS VIVOS CON PESO MENOR A 2500G SERV/DOM / SERVICIO,2
Cochabamba,31602,Shinaota,2024,8,3. NACIDOS VIVOS CON PESO MENOR A 2500G SERV/DOM / SERVICIO,1
Chuquisaca,10403,Sopachuy,2024,8,3. NACIDOS VIVOS CON PESO MENOR A 2500G SERV/DOM / SERVICIO,1
Chuquisaca,10101,Sucre,2024,8,3. NACIDOS VIVOS CON PESO MENOR A 2500G SERV/DOM / SERVICIO,28
Chuquisaca,10601,Tarabuco,2024,8,3. NACIDOS VIVOS CON PESO MENOR A 2500G SERV/DOM / SERVICIO,1
Tarija,60101,Tarija,2024,8,3. NACIDOS VIVOS CON PESO MENOR A 2500G SERV/DOM / SERVICIO,17
Beni,80101,Trinidad,2024,8,3. NACIDOS VIVOS CON PESO MENOR A 2500G SERV/DOM / SERVICIO,15
Potosí,50801,Tupiza,2024,8,3. NACIDOS VIVOS CON PESO MENOR A 2500G SERV/DOM / SERVICIO,7
Potosí,51201,Uyuni,2024,8,3. NACIDOS VIVOS CON PESO MENOR A 2500G SERV/DOM / SERVICIO,1
La Paz,20801,Viacha,2024,8,3. NACIDOS VIVOS CON PESO MENOR A 2500G SERV/DOM / SERVICIO,11
Chuquisaca,10704,Villa Charcas,2024,8,3. NACIDOS VIVOS CON PESO MENOR A 2500G SERV/DOM / SERVICIO,1
Tarija,60303,Villa Montes,2024,8,3. NACIDOS VIVOS CON PESO MENOR A 2500G SERV/DOM / SERVICIO,1
Cochabamba,31003,Villa Tunari,2024,8,3. NACIDOS VIVOS CON PESO MENOR A 2500G SERV/DOM / SERVICIO,13
Potosí,51501,Villazon,2024,8,3. NACIDOS VIVOS CON PESO MENOR A 2500G SERV/DOM / SERVICIO,5
Santa Cruz,70201,Warnes,2024,8,3. NACIDOS VIVOS CON PESO MENOR A 2500G SERV/DOM / SERVICIO,1
Tarija,60301,Yacuiba,2024,8,3. NACIDOS VIVOS CON PESO MENOR A 2500G SERV/DOM / SERVICIO,3
Santa Cruz,70403,Yapacani,2024,8,3. NACIDOS VIVOS CON PESO MENOR A 2500G SERV/DOM / SERVICIO,2
Tarija,60402,Yunchara,2024,8,3. NACIDOS VIVOS CON PESO MENOR A 2500G SERV/DOM / SERVICIO,1
Chuquisaca,10301,Zudañez,2024,8,3. NACIDOS VIVOS CON PESO MENOR A 2500G SERV/DOM / SERVICIO,1
La Paz,20201,Achacachi,2024,9,3. NACIDOS VIVOS CON PESO MENOR A 2500G SERV/DOM / SERVICIO,4
La Paz,20104,Achocalla,2024,9,3. NACIDOS VIVOS CON PESO MENOR A 2500G SERV/DOM / SERVICIO,1
Santa Cruz,71501,Ascencion De Guarayos,2024,9,3. NACIDOS VIVOS CON PESO MENOR A 2500G SERV/DOM / SERVICIO,1
Cochabamba,30301,Ayopaya (v. De Independencia),2024,9,3. NACIDOS VIVOS CON PESO MENOR A 2500G SERV/DOM / SERVICIO,0
Beni,80802,Baures,2024,9,3. NACIDOS VIVOS CON PESO MENOR A 2500G SERV/DOM / SERVICIO,1
Tarija,60202,Bermejo,2024,9,3. NACIDOS VIVOS CON PESO MENOR A 2500G SERV/DOM / SERVICIO,1
Santa Cruz,70703,Cabezas,2024,9,3. NACIDOS VIVOS CON PESO MENOR A 2500G SERV/DOM / SERVICIO,5
La Paz,20905,Cairoma,2024,9,3. NACIDOS VIVOS CON PESO MENOR A 2500G SERV/DOM / SERVICIO,1
Santa Cruz,70706,Camiri,2024,9,3. NACIDOS VIVOS CON PESO MENOR A 2500G SERV/DOM / SERVICIO,5
La Paz,22001,Caranavi,2024,9,3. NACIDOS VIVOS CON PESO MENOR A 2500G SERV/DOM / SERVICIO,3
Oruro,40201,Challapata,2024,9,3. NACIDOS VIVOS CON PESO MENOR A 2500G SERV/DOM / SERVICIO,1
Cochabamba,31204,Chimore,2024,9,3. NACIDOS VIVOS CON PESO MENOR A 2500G SERV/DOM / SERVICIO,0
La Paz,20203,Chua Cocani,2024,9,3. NACIDOS VIVOS CON PESO MENOR A 2500G SERV/DOM / SERVICIO,2
Pando,90101,Cobija,2024,9,3. NACIDOS VIVOS CON PESO MENOR A 2500G SERV/DOM / SERVICIO,11
Cochabamba,30101,Cochabamba,2024,9,3. NACIDOS VIVOS CON PESO MENOR A 2500G SERV/DOM / SERVICIO,75
Cochabamba,30905,Colcapirhua,2024,9,3. NACIDOS VIVOS CON PESO MENOR A 2500G SERV/DOM / SERVICIO,1
Potosí,50401,Colquechaca,2024,9,3. NACIDOS VIVOS CON PESO MENOR A 2500G SERV/DOM / SERVICIO,0
La Paz,20304,Comanche,2024,9,3. NACIDOS VIVOS CON PESO MENOR A 2500G SERV/DOM / SERVICIO,0
Santa Cruz,71301,Comarapa,2024,9,3. NACIDOS VIVOS CON PESO MENOR A 2500G SERV/DOM / SERVICIO,2
Santa Cruz,71101,Concepcion,2024,9,3. NACIDOS VIVOS CON PESO MENOR A 2500G SERV/DOM / SERVICIO,3
La Paz,21701,Copacabana,2024,9,3. NACIDOS VIVOS CON PESO MENOR A 2500G SERV/DOM / SERVICIO,1
La Paz,20105,El Alto,2024,9,3. NACIDOS VIVOS CON PESO MENOR A 2500G SERV/DOM / SERVICIO,47
Tarija,60601,Entre Rios Trj,2024,9,3. NACIDOS VIVOS CON PESO MENOR A 2500G SERV/DOM / SERVICIO,4
Beni,80502,Gia-tim,2024,9,3. NACIDOS VIVOS CON PESO MENOR A 2500G SERV/DOM / SERVICIO,0
Oruro,40701,Huanuni,2024,9,3. NACIDOS VIVOS CON PESO MENOR A 2500G SERV/DOM / SERVICIO,2
La Paz,20204,Huarina,2024,9,3. NACIDOS VIVOS CON PESO MENOR A 2500G SERV/DOM / SERVICIO,0
La Paz,20101,La Paz,2024,9,3. NACIDOS VIVOS CON PESO MENOR A 2500G SERV/DOM / SERVICIO,65
Potosí,50203,Llallagua,2024,9,3. NACIDOS VIVOS CON PESO MENOR A 2500G SERV/DOM / SERVICIO,4
Potosí,51401,Llica,2024,9,3. NACIDOS VIVOS CON PESO MENOR A 2500G SERV/DOM / SERVICIO,1
Beni,80601,Loreto,2024,9,3. NACIDOS VIVOS CON PESO MENOR A 2500G SERV/DOM / SERVICIO,0
La Paz,20402,Mocomoco,2024,9,3. NACIDOS VIVOS CON PESO MENOR A 2500G SERV/DOM / SERVICIO,0
Santa Cruz,70803,Moro Moro,2024,9,3. NACIDOS VIVOS CON PESO MENOR A 2500G SERV/DOM / SERVICIO,0
Oruro,40101,Oruro,2024,9,3. NACIDOS VIVOS CON PESO MENOR A 2500G SERV/DOM / SERVICIO,53
Tarija,60201,Padcaya,2024,9,3. NACIDOS VIVOS CON PESO MENOR A 2500G SERV/DOM / SERVICIO,1
Chuquisaca,10401,Padilla,2024,9,3. NACIDOS VIVOS CON PESO MENOR A 2500G SERV/DOM / SERVICIO,1
La Paz,20102,Palca,2024,9,3. NACIDOS VIVOS CON PESO MENOR A 2500G SERV/DOM / SERVICIO,3
La Paz,21305,Patacamaya,2024,9,3. NACIDOS VIVOS CON PESO MENOR A 2500G SERV/DOM / SERVICIO,4
Oruro,40601,Poopo,2024,9,3. NACIDOS VIVOS CON PESO MENOR A 2500G SERV/DOM / SERVICIO,1
Potosí,51203,Porco,2024,9,3. NACIDOS VIVOS CON PESO MENOR A 2500G SERV/DOM / SERVICIO,1
Potosí,50101,Potosi,2024,9,3. NACIDOS VIVOS CON PESO MENOR A 2500G SERV/DOM / SERVICIO,41
Pando,90301,Puerto Gonzalo Moreno,2024,9,3. NACIDOS VIVOS CON PESO MENOR A 2500G SERV/DOM / SERVICIO,1
Santa Cruz,71401,Puerto Suarez,2024,9,3. NACIDOS VIVOS CON PESO MENOR A 2500G SERV/DOM / SERVICIO,1
Cochabamba,31205,Puerto Villarroel,2024,9,3. NACIDOS VIVOS CON PESO MENOR A 2500G SERV/DOM / SERVICIO,4
Cochabamba,31401,Punata,2024,9,3. NACIDOS VIVOS CON PESO MENOR A 2500G SERV/DOM / SERVICIO,5
Cochabamba,30901,Quillacollo,2024,9,3. NACIDOS VIVOS CON PESO MENOR A 2500G SERV/DOM / SERVICIO,2
Beni,80301,Reyes,2024,9,3. NACIDOS VIVOS CON PESO MENOR A 2500G SERV/DOM / SERVICIO,1
Beni,80201,Riberalta,2024,9,3. NACIDOS VIVOS CON PESO MENOR A 2500G SERV/DOM / SERVICIO,20
Santa Cruz,70503,Robore,2024,9,3. NACIDOS VIVOS CON PESO MENOR A 2500G SERV/DOM / SERVICIO,1
Oruro,40901,Sabaya,2024,9,3. NACIDOS VIVOS CON PESO MENOR A 2500G SERV/DOM / SERVICIO,1
Santa Cruz,71105,San Antonio De Lomerio,2024,9,3. NACIDOS VIVOS CON PESO MENOR A 2500G SERV/DOM / SERVICIO,1
Beni,80302,San Borja,2024,9,3. NACIDOS VIVOS CON PESO MENOR A 2500G SERV/DOM / SERVICIO,3
La Paz,21502,San Buena Ventura,2024,9,3. NACIDOS VIVOS CON PESO MENOR A 2500G SERV/DOM / SERVICIO,3
Santa Cruz,70402,San Carlos,2024,9,3. NACIDOS VIVOS CON PESO MENOR A 2500G SERV/DOM / SERVICIO,1
Beni,80501,San Ignacio,2024,9,3. NACIDOS VIVOS CON PESO MENOR A 2500G SERV/DOM / SERVICIO,0
Santa Cruz,70301,San Ignacio De Velasco,2024,9,3. NACIDOS VIVOS CON PESO MENOR A 2500G SERV/DOM / SERVICIO,8
Santa Cruz,71102,San Javier(stc),2024,9,3. NACIDOS VIVOS CON PESO MENOR A 2500G SERV/DOM / SERVICIO,1
Santa Cruz,70501,San Jose De Chiquitos,2024,9,3. NACIDOS VIVOS CON PESO MENOR A 2500G SERV/DOM / SERVICIO,2
Santa Cruz,71104,San Julian,2024,9,3. NACIDOS VIVOS CON PESO MENOR A 2500G SERV/DOM / SERVICIO,1
Santa Cruz,70101,Santa Cruz De La Sierra,2024,9,3. NACIDOS VIVOS CON PESO MENOR A 2500G SERV/DOM / SERVICIO,41
Cochabamba,30702,Santivañes,2024,9,3. NACIDOS VIVOS CON PESO MENOR A 2500G SERV/DOM / SERVICIO,1
Oruro,40104,Soracachi,2024,9,3. NACIDOS VIVOS CON PESO MENOR A 2500G SERV/DOM / SERVICIO,0
La Paz,20601,Sorata,2024,9,3. NACIDOS VIVOS CON PESO MENOR A 2500G SERV/DOM / SERVICIO,2
Chuquisaca,10101,Sucre,2024,9,3. NACIDOS VIVOS CON PESO MENOR A 2500G SERV/DOM / SERVICIO,31
Tarija,60101,Tarija,2024,9,3. NACIDOS VIVOS CON PESO MENOR A 2500G SERV/DOM / SERVICIO,19
Chuquisaca,10202,Tarvita,2024,9,3. NACIDOS VIVOS CON PESO MENOR A 2500G SERV/DOM / SERVICIO,2
La Paz,20803,Tiahuanacu,2024,9,3. NACIDOS VIVOS CON PESO MENOR A 2500G SERV/DOM / SERVICIO,3
Cochabamba,30903,Tiquipaya,2024,9,3. NACIDOS VIVOS CON PESO MENOR A 2500G SERV/DOM / SERVICIO,1
Beni,80101,Trinidad,2024,9,3. NACIDOS VIVOS CON PESO MENOR A 2500G SERV/DOM / SERVICIO,15
Potosí,50801,Tupiza,2024,9,3. NACIDOS VIVOS CON PESO MENOR A 2500G SERV/DOM / SERVICIO,4
Potosí,51201,Uyuni,2024,9,3. NACIDOS VIVOS CON PESO MENOR A 2500G SERV/DOM / SERVICIO,2
La Paz,20801,Viacha,2024,9,3. NACIDOS VIVOS CON PESO MENOR A 2500G SERV/DOM / SERVICIO,3
Cochabamba,31302,Vila Vila,2024,9,3. NACIDOS VIVOS CON PESO MENOR A 2500G SERV/DOM / SERVICIO,0
Chuquisaca,10704,Villa Charcas,2024,9,3. NACIDOS VIVOS CON PESO MENOR A 2500G SERV/DOM / SERVICIO,2
Tarija,60303,Villa Montes,2024,9,3. NACIDOS VIVOS CON PESO MENOR A 2500G SERV/DOM / SERVICIO,2
Cochabamba,31003,Villa Tunari,2024,9,3. NACIDOS VIVOS CON PESO MENOR A 2500G SERV/DOM / SERVICIO,6
Potosí,51501,Villazon,2024,9,3. NACIDOS VIVOS CON PESO MENOR A 2500G SERV/DOM / SERVICIO,3
Cochabamba,30904,Vinto,2024,9,3. NACIDOS VIVOS CON PESO MENOR A 2500G SERV/DOM / SERVICIO,1
Tarija,60301,Yacuiba,2024,9,3. NACIDOS VIVOS CON PESO MENOR A 2500G SERV/DOM / SERVICIO,1
Chuquisaca,10301,Zudañez,2024,9,3. NACIDOS VIVOS CON PESO MENOR A 2500G SERV/DOM / SERVICIO,3
La Paz,20201,Achacachi,2024,10,3. NACIDOS VIVOS CON PESO MENOR A 2500G SERV/DOM / SERVICIO,1
Cochabamba,30301,Ayopaya (v. De Independencia),2024,10,3. NACIDOS VIVOS CON PESO MENOR A 2500G SERV/DOM / SERVICIO,0
Pando,90104,Bella Flor,2024,10,3. NACIDOS VIVOS CON PESO MENOR A 2500G SERV/DOM / SERVICIO,1
Tarija,60202,Bermejo,2024,10,3. NACIDOS VIVOS CON PESO MENOR A 2500G SERV/DOM / SERVICIO,1
Chuquisaca,10701,Camargo,2024,10,3. NACIDOS VIVOS CON PESO MENOR A 2500G SERV/DOM / SERVICIO,1
Santa Cruz,70706,Camiri,2024,10,3. NACIDOS VIVOS CON PESO MENOR A 2500G SERV/DOM / SERVICIO,4
Oruro,40102,Caracollo,2024,10,3. NACIDOS VIVOS CON PESO MENOR A 2500G SERV/DOM / SERVICIO,1
Oruro,40201,Challapata,2024,10,3. NACIDOS VIVOS CON PESO MENOR A 2500G SERV/DOM / SERVICIO,4
Cochabamba,30801,Cliza,2024,10,3. NACIDOS VIVOS CON PESO MENOR A 2500G SERV/DOM / SERVICIO,2
Pando,90101,Cobija,2024,10,3. NACIDOS VIVOS CON PESO MENOR A 2500G SERV/DOM / SERVICIO,10
Cochabamba,30101,Cochabamba,2024,10,3. NACIDOS VIVOS CON PESO MENOR A 2500G SERV/DOM / SERVICIO,79
Cochabamba,31002,Colomi,2024,10,3. NACIDOS VIVOS CON PESO MENOR A 2500G SERV/DOM / SERVICIO,1
Santa Cruz,71301,Comarapa,2024,10,3. NACIDOS VIVOS CON PESO MENOR A 2500G SERV/DOM / SERVICIO,1
Santa Cruz,71101,Concepcion,2024,10,3. NACIDOS VIVOS CON PESO MENOR A 2500G SERV/DOM / SERVICIO,1
La Paz,20301,Coro Coro,2024,10,3. NACIDOS VIVOS CON PESO MENOR A 2500G SERV/DOM / SERVICIO,0
Santa Cruz,70102,Cotoca,2024,10,3. NACIDOS VIVOS CON PESO MENOR A 2500G SERV/DOM / SERVICIO,5
La Paz,20105,El Alto,2024,10,3. NACIDOS VIVOS CON PESO MENOR A 2500G SERV/DOM / SERVICIO,73
Tarija,60601,Entre Rios Trj,2024,10,3. NACIDOS VIVOS CON PESO MENOR A 2500G SERV/DOM / SERVICIO,1
La Paz,20405,Escoma,2024,10,3. NACIDOS VIVOS CON PESO MENOR A 2500G SERV/DOM / SERVICIO,2
Beni,80202,Guayaramerin,2024,10,3. NACIDOS VIVOS CON PESO MENOR A 2500G SERV/DOM / SERVICIO,4
Chuquisaca,10502,Huacareta,2024,10,3. NACIDOS VIVOS CON PESO MENOR A 2500G SERV/DOM / SERVICIO,1
Oruro,40701,Huanuni,2024,10,3. NACIDOS VIVOS CON PESO MENOR A 2500G SERV/DOM / SERVICIO,2
La Paz,21005,Ichoca,2024,10,3. NACIDOS VIVOS CON PESO MENOR A 2500G SERV/DOM / SERVICIO,0
Chuquisaca,10304,Icla,2024,10,3. NACIDOS VIVOS CON PESO MENOR A 2500G SERV/DOM / SERVICIO,1
La Paz,20101,La Paz,2024,10,3. NACIDOS VIVOS CON PESO MENOR A 2500G SERV/DOM / SERVICIO,92
Chuquisaca,10903,Las Carreras,2024,10,3. NACIDOS VIVOS CON PESO MENOR A 2500G SERV/DOM / SERVICIO,1
Potosí,50203,Llallagua,2024,10,3. NACIDOS VIVOS CON PESO MENOR A 2500G SERV/DOM / SERVICIO,3
Beni,80601,Loreto,2024,10,3. NACIDOS VIVOS CON PESO MENOR A 2500G SERV/DOM / SERVICIO,2
Beni,80801,Magdalena,2024,10,3. NACIDOS VIVOS CON PESO MENOR A 2500G SERV/DOM / SERVICIO,1
Santa Cruz,71001,Montero,2024,10,3. NACIDOS VIVOS CON PESO MENOR A 2500G SERV/DOM / SERVICIO,7
Potosí,50404,Ocuri,2024,10,3. NACIDOS VIVOS CON PESO MENOR A 2500G SERV/DOM / SERVICIO,1
Oruro,40101,Oruro,2024,10,3. NACIDOS VIVOS CON PESO MENOR A 2500G SERV/DOM / SERVICIO,31
La Paz,20102,Palca,2024,10,3. NACIDOS VIVOS CON PESO MENOR A 2500G SERV/DOM / SERVICIO,0
Santa Cruz,70902,Pampa Grande,2024,10,3. NACIDOS VIVOS CON PESO MENOR A 2500G SERV/DOM / SERVICIO,1
Potosí,50101,Potosi,2024,10,3. NACIDOS VIVOS CON PESO MENOR A 2500G SERV/DOM / SERVICIO,36
La Paz,21201,Pucarani,2024,10,3. NACIDOS VIVOS CON PESO MENOR A 2500G SERV/DOM / SERVICIO,1
Cochabamba,31205,Puerto Villarroel,2024,10,3. NACIDOS VIVOS CON PESO MENOR A 2500G SERV/DOM / SERVICIO,3
Cochabamba,30901,Quillacollo,2024,10,3. NACIDOS VIVOS CON PESO MENOR A 2500G SERV/DOM / SERVICIO,6
Beni,80301,Reyes,2024,10,3. NACIDOS VIVOS CON PESO MENOR A 2500G SERV/DOM / SERVICIO,2
Beni,80201,Riberalta,2024,10,3. NACIDOS VIVOS CON PESO MENOR A 2500G SERV/DOM / SERVICIO,20
Santa Cruz,70503,Robore,2024,10,3. NACIDOS VIVOS CON PESO MENOR A 2500G SERV/DOM / SERVICIO,1
Beni,80304,Rurrenabaque,2024,10,3. NACIDOS VIVOS CON PESO MENOR A 2500G SERV/DOM / SERVICIO,3
Oruro,40901,Sabaya,2024,10,3. NACIDOS VIVOS CON PESO MENOR A 2500G SERV/DOM / SERVICIO,0
Cochabamba,31001,Sacaba,2024,10,3. NACIDOS VIVOS CON PESO MENOR A 2500G SERV/DOM / SERVICIO,8
Santa Cruz,70901,Samaipata,2024,10,3. NACIDOS VIVOS CON PESO MENOR A 2500G SERV/DOM / SERVICIO,1
Beni,80302,San Borja,2024,10,3. NACIDOS VIVOS CON PESO MENOR A 2500G SERV/DOM / SERVICIO,2
La Paz,21502,San Buena Ventura,2024,10,3. NACIDOS VIVOS CON PESO MENOR A 2500G SERV/DOM / SERVICIO,1
Beni,80501,San Ignacio,2024,10,3. NACIDOS VIVOS CON PESO MENOR A 2500G SERV/DOM / SERVICIO,1
Santa Cruz,70301,San Ignacio De Velasco,2024,10,3. NACIDOS VIVOS CON PESO MENOR A 2500G SERV/DOM / SERVICIO,5
Chuquisaca,10702,San Lucas,2024,10,3. NACIDOS VIVOS CON PESO MENOR A 2500G SERV/DOM / SERVICIO,2
Santa Cruz,71201,San Matias,2024,10,3. NACIDOS VIVOS CON PESO MENOR A 2500G SERV/DOM / SERVICIO,1
La Paz,21801,San Pedro De Curahuara,2024,10,3. NACIDOS VIVOS CON PESO MENOR A 2500G SERV/DOM / SERVICIO,0
Santa Cruz,70101,Santa Cruz De La Sierra,2024,10,3. NACIDOS VIVOS CON PESO MENOR A 2500G SERV/DOM / SERVICIO,59
La Paz,21901,Santiago De Machaca,2024,10,3. NACIDOS VIVOS CON PESO MENOR A 2500G SERV/DOM / SERVICIO,0
Cochabamba,30702,Santivañes,2024,10,3. NACIDOS VIVOS CON PESO MENOR A 2500G SERV/DOM / SERVICIO,1
Pando,90303,Sena,2024,10,3. NACIDOS VIVOS CON PESO MENOR A 2500G SERV/DOM / SERVICIO,0
Cochabamba,31602,Shinaota,2024,10,3. NACIDOS VIVOS CON PESO MENOR A 2500G SERV/DOM / SERVICIO,1
La Paz,20601,Sorata,2024,10,3. NACIDOS VIVOS CON PESO MENOR A 2500G SERV/DOM / SERVICIO,1
Chuquisaca,10101,Sucre,2024,10,3. NACIDOS VIVOS CON PESO MENOR A 2500G SERV/DOM / SERVICIO,36
Chuquisaca,10601,Tarabuco,2024,10,3. NACIDOS VIVOS CON PESO MENOR A 2500G SERV/DOM / SERVICIO,1
Tarija,60101,Tarija,2024,10,3. NACIDOS VIVOS CON PESO MENOR A 2500G SERV/DOM / SERVICIO,64
Cochabamba,30903,Tiquipaya,2024,10,3. NACIDOS VIVOS CON PESO MENOR A 2500G SERV/DOM / SERVICIO,1
Cochabamba,30803,Tolata,2024,10,3. NACIDOS VIVOS CON PESO MENOR A 2500G SERV/DOM / SERVICIO,0
Beni,80101,Trinidad,2024,10,3. NACIDOS VIVOS CON PESO MENOR A 2500G SERV/DOM / SERVICIO,19
Potosí,50801,Tupiza,2024,10,3. NACIDOS VIVOS CON PESO MENOR A 2500G SERV/DOM / SERVICIO,4
Potosí,50201,Uncia,2024,10,3. NACIDOS VIVOS CON PESO MENOR A 2500G SERV/DOM / SERVICIO,1
Cochabamba,31003,Villa Tunari,2024,10,3. NACIDOS VIVOS CON PESO MENOR A 2500G SERV/DOM / SERVICIO,8
Potosí,51501,Villazon,2024,10,3. NACIDOS VIVOS CON PESO MENOR A 2500G SERV/DOM / SERVICIO,2
Cochabamba,30904,Vinto,2024,10,3. NACIDOS VIVOS CON PESO MENOR A 2500G SERV/DOM / SERVICIO,1
Santa Cruz,70201,Warnes,2024,10,3. NACIDOS VIVOS CON PESO MENOR A 2500G SERV/DOM / SERVICIO,2
Tarija,60301,Yacuiba,2024,10,3. NACIDOS VIVOS CON PESO MENOR A 2500G SERV/DOM / SERVICIO,3
La Paz,20201,Achacachi,2024,11,3. NACIDOS VIVOS CON PESO MENOR A 2500G SERV/DOM / SERVICIO,2
Potosí,51301,Arampampa,2024,11,3. NACIDOS VIVOS CON PESO MENOR A 2500G SERV/DOM / SERVICIO,0
Santa Cruz,71501,Ascencion De Guarayos,2024,11,3. NACIDOS VIVOS CON PESO MENOR A 2500G SERV/DOM / SERVICIO,2
La Paz,20503,Aucapata,2024,11,3. NACIDOS VIVOS CON PESO MENOR A 2500G SERV/DOM / SERVICIO,1
Cochabamba,30301,Ayopaya (v. De Independencia),2024,11,3. NACIDOS VIVOS CON PESO MENOR A 2500G SERV/DOM / SERVICIO,0
Oruro,41202,Belen De Andamarca,2024,11,3. NACIDOS VIVOS CON PESO MENOR A 2500G SERV/DOM / SERVICIO,1
Tarija,60202,Bermejo,2024,11,3. NACIDOS VIVOS CON PESO MENOR A 2500G SERV/DOM / SERVICIO,1
Potosí,50301,Betanzos,2024,11,3. NACIDOS VIVOS CON PESO MENOR A 2500G SERV/DOM / SERVICIO,1
La Paz,22001,Caranavi,2024,11,3. NACIDOS VIVOS CON PESO MENOR A 2500G SERV/DOM / SERVICIO,4
Tarija,60302,Carapari,2024,11,3. NACIDOS VIVOS CON PESO MENOR A 2500G SERV/DOM / SERVICIO,2
Oruro,40201,Challapata,2024,11,3. NACIDOS VIVOS CON PESO MENOR A 2500G SERV/DOM / SERVICIO,4
La Paz,20305,Charaña,2024,11,3. NACIDOS VIVOS CON PESO MENOR A 2500G SERV/DOM / SERVICIO,1
Potosí,50204,Chuquihuta Ayllu Jucumani,2024,11,3. NACIDOS VIVOS CON PESO MENOR A 2500G SERV/DOM / SERVICIO,5
Cochabamba,30801,Cliza,2024,11,3. NACIDOS VIVOS CON PESO MENOR A 2500G SERV/DOM / SERVICIO,1
Pando,90101,Cobija,2024,11,3. NACIDOS VIVOS CON PESO MENOR A 2500G SERV/DOM / SERVICIO,6
Cochabamba,30303,Cocapata,2024,11,3. NACIDOS VIVOS CON PESO MENOR A 2500G SERV/DOM / SERVICIO,2
Cochabamba,30101,Cochabamba,2024,11,3. NACIDOS VIVOS CON PESO MENOR A 2500G SERV/DOM / SERVICIO,70
Cochabamba,31002,Colomi,2024,11,3. NACIDOS VIVOS CON PESO MENOR A 2500G SERV/DOM / SERVICIO,2
La Paz,21004,Colquiri,2024,11,3. NACIDOS VIVOS CON PESO MENOR A 2500G SERV/DOM / SERVICIO,1
Santa Cruz,71101,Concepcion,2024,11,3. NACIDOS VIVOS CON PESO MENOR A 2500G SERV/DOM / SERVICIO,3
La Paz,20301,Coro Coro,2024,11,3. NACIDOS VIVOS CON PESO MENOR A 2500G SERV/DOM / SERVICIO,0
La Paz,21401,Coroico,2024,11,3. NACIDOS VIVOS CON PESO MENOR A 2500G SERV/DOM / SERVICIO,1
Santa Cruz,70102,Cotoca,2024,11,3. NACIDOS VIVOS CON PESO MENOR A 2500G SERV/DOM / SERVICIO,2
Santa Cruz,71106,Cuatro Cañadas,2024,11,3. NACIDOS VIVOS CON PESO MENOR A 2500G SERV/DOM / SERVICIO,1
Chuquisaca,10902,Culpina,2024,11,3. NACIDOS VIVOS CON PESO MENOR A 2500G SERV/DOM / SERVICIO,0
La Paz,20804,Desaguadero,2024,11,3. NACIDOS VIVOS CON PESO MENOR A 2500G SERV/DOM / SERVICIO,0
La Paz,20105,El Alto,2024,11,3. NACIDOS VIVOS CON PESO MENOR A 2500G SERV/DOM / SERVICIO,66
Tarija,60502,El Puente(tja),2024,11,3. NACIDOS VIVOS CON PESO MENOR A 2500G SERV/DOM / SERVICIO,2
La Paz,20405,Escoma,2024,11,3. NACIDOS VIVOS CON PESO MENOR A 2500G SERV/DOM / SERVICIO,4
Potosí,51204,Gaioc Jatun Ayllu Yura,2024,11,3. NACIDOS VIVOS CON PESO MENOR A 2500G SERV/DOM / SERVICIO,1
La Paz,20802,Guaqui,2024,11,3. NACIDOS VIVOS CON PESO MENOR A 2500G SERV/DOM / SERVICIO,0
Beni,80202,Guayaramerin,2024,11,3. NACIDOS VIVOS CON PESO MENOR A 2500G SERV/DOM / SERVICIO,4
Oruro,40701,Huanuni,2024,11,3. NACIDOS VIVOS CON PESO MENOR A 2500G SERV/DOM / SERVICIO,1
La Paz,21005,Ichoca,2024,11,3. NACIDOS VIVOS CON PESO MENOR A 2500G SERV/DOM / SERVICIO,0
Chuquisaca,10703,Incahuasi,2024,11,3. NACIDOS VIVOS CON PESO MENOR A 2500G SERV/DOM / SERVICIO,2
La Paz,21501,Ixiamas,2024,11,3. NACIDOS VIVOS CON PESO MENOR A 2500G SERV/DOM / SERVICIO,1
La Paz,21105,La Asunta,2024,11,3. NACIDOS VIVOS CON PESO MENOR A 2500G SERV/DOM / SERVICIO,2
La Paz,20101,La Paz,2024,11,3. NACIDOS VIVOS CON PESO MENOR A 2500G SERV/DOM / SERVICIO,93
Potosí,50203,Llallagua,2024,11,3. NACIDOS VIVOS CON PESO MENOR A 2500G SERV/DOM / SERVICIO,5
La Paz,20901,Luribay,2024,11,3. NACIDOS VIVOS CON PESO MENOR A 2500G SERV/DOM / SERVICIO,1
La Paz,20607,Mapiri,2024,11,3. NACIDOS VIVOS CON PESO MENOR A 2500G SERV/DOM / SERVICIO,4
Chuquisaca,10501,Monteagudo,2024,11,3. NACIDOS VIVOS CON PESO MENOR A 2500G SERV/DOM / SERVICIO,2
Santa Cruz,71001,Montero,2024,11,3. NACIDOS VIVOS CON PESO MENOR A 2500G SERV/DOM / SERVICIO,5
Oruro,40101,Oruro,2024,11,3. NACIDOS VIVOS CON PESO MENOR A 2500G SERV/DOM / SERVICIO,54
La Paz,21104,Palos Blancos,2024,11,3. NACIDOS VIVOS CON PESO MENOR A 2500G SERV/DOM / SERVICIO,1
Potosí,50101,Potosi,2024,11,3. NACIDOS VIVOS CON PESO MENOR A 2500G SERV/DOM / SERVICIO,42
Beni,80703,Puerto Siles,2024,11,3. NACIDOS VIVOS CON PESO MENOR A 2500G SERV/DOM / SERVICIO,1
Santa Cruz,71401,Puerto Suarez,2024,11,3. NACIDOS VIVOS CON PESO MENOR A 2500G SERV/DOM / SERVICIO,1
Cochabamba,31205,Puerto Villarroel,2024,11,3. NACIDOS VIVOS CON PESO MENOR A 2500G SERV/DOM / SERVICIO,1
Cochabamba,31401,Punata,2024,11,3. NACIDOS VIVOS CON PESO MENOR A 2500G SERV/DOM / SERVICIO,1
Cochabamba,30901,Quillacollo,2024,11,3. NACIDOS VIVOS CON PESO MENOR A 2500G SERV/DOM / SERVICIO,4
Beni,80301,Reyes,2024,11,3. NACIDOS VIVOS CON PESO MENOR A 2500G SERV/DOM / SERVICIO,1
Beni,80201,Riberalta,2024,11,3. NACIDOS VIVOS CON PESO MENOR A 2500G SERV/DOM / SERVICIO,14
Beni,80304,Rurrenabaque,2024,11,3. NACIDOS VIVOS CON PESO MENOR A 2500G SERV/DOM / SERVICIO,2
Cochabamba,31001,Sacaba,2024,11,3. NACIDOS VIVOS CON PESO MENOR A 2500G SERV/DOM / SERVICIO,21
Beni,80302,San Borja,2024,11,3. NACIDOS VIVOS CON PESO MENOR A 2500G SERV/DOM / SERVICIO,5
Beni,80501,San Ignacio,2024,11,3. NACIDOS VIVOS CON PESO MENOR A 2500G SERV/DOM / SERVICIO,2
Santa Cruz,70301,San Ignacio De Velasco,2024,11,3. NACIDOS VIVOS CON PESO MENOR A 2500G SERV/DOM / SERVICIO,7
Santa Cruz,71102,San Javier(stc),2024,11,3. NACIDOS VIVOS CON PESO MENOR A 2500G SERV/DOM / SERVICIO,3
Santa Cruz,70501,San Jose De Chiquitos,2024,11,3. NACIDOS VIVOS CON PESO MENOR A 2500G SERV/DOM / SERVICIO,20
Chuquisaca,10702,San Lucas,2024,11,3. NACIDOS VIVOS CON PESO MENOR A 2500G SERV/DOM / SERVICIO,1
Santa Cruz,71201,San Matias,2024,11,3. NACIDOS VIVOS CON PESO MENOR A 2500G SERV/DOM / SERVICIO,1
Santa Cruz,71103,San Ramon Scz,2024,11,3. NACIDOS VIVOS CON PESO MENOR A 2500G SERV/DOM / SERVICIO,7
Santa Cruz,70101,Santa Cruz De La Sierra,2024,11,3. NACIDOS VIVOS CON PESO MENOR A 2500G SERV/DOM / SERVICIO,45
Beni,80303,Santa Rosa,2024,11,3. NACIDOS VIVOS CON PESO MENOR A 2500G SERV/DOM / SERVICIO,1
La Paz,21301,Sica Sica (villa Aroma),2024,11,3. NACIDOS VIVOS CON PESO MENOR A 2500G SERV/DOM / SERVICIO,0
Cochabamba,30703,Sicaya,2024,11,3. NACIDOS VIVOS CON PESO MENOR A 2500G SERV/DOM / SERVICIO,0
La Paz,20601,Sorata,2024,11,3. NACIDOS VIVOS CON PESO MENOR A 2500G SERV/DOM / SERVICIO,0
Chuquisaca,10101,Sucre,2024,11,3. NACIDOS VIVOS CON PESO MENOR A 2500G SERV/DOM / SERVICIO,27
Cochabamba,31101,Tapacari,2024,11,3. NACIDOS VIVOS CON PESO MENOR A 2500G SERV/DOM / SERVICIO,0
Chuquisaca,10601,Tarabuco,2024,11,3. NACIDOS VIVOS CON PESO MENOR A 2500G SERV/DOM / SERVICIO,0
Tarija,60101,Tarija,2024,11,3. NACIDOS VIVOS CON PESO MENOR A 2500G SERV/DOM / SERVICIO,10
Cochabamba,30903,Tiquipaya,2024,11,3. NACIDOS VIVOS CON PESO MENOR A 2500G SERV/DOM / SERVICIO,1
Beni,80101,Trinidad,2024,11,3. NACIDOS VIVOS CON PESO MENOR A 2500G SERV/DOM / SERVICIO,15
Potosí,50801,Tupiza,2024,11,3. NACIDOS VIVOS CON PESO MENOR A 2500G SERV/DOM / SERVICIO,3
Santa Cruz,70801,Vallegrande,2024,11,3. NACIDOS VIVOS CON PESO MENOR A 2500G SERV/DOM / SERVICIO,2
Cochabamba,31003,Villa Tunari,2024,11,3. NACIDOS VIVOS CON PESO MENOR A 2500G SERV/DOM / SERVICIO,13
Potosí,51501,Villazon,2024,11,3. NACIDOS VIVOS CON PESO MENOR A 2500G SERV/DOM / SERVICIO,1
Santa Cruz,70201,Warnes,2024,11,3. NACIDOS VIVOS CON PESO MENOR A 2500G SERV/DOM / SERVICIO,3
Tarija,60301,Yacuiba,2024,11,3. NACIDOS VIVOS CON PESO MENOR A 2500G SERV/DOM / SERVICIO,4
Cochabamba,30601,Arque,2024,12,3. NACIDOS VIVOS CON PESO MENOR A 2500G SERV/DOM / SERVICIO,0
Santa Cruz,71501,Ascencion De Guarayos,2024,12,3. NACIDOS VIVOS CON PESO MENOR A 2500G SERV/DOM / SERVICIO,1
Cochabamba,30301,Ayopaya (v. De Independencia),2024,12,3. NACIDOS VIVOS CON PESO MENOR A 2500G SERV/DOM / SERVICIO,1
La Paz,20905,Cairoma,2024,12,3. NACIDOS VIVOS CON PESO MENOR A 2500G SERV/DOM / SERVICIO,2
Chuquisaca,10701,Camargo,2024,12,3. NACIDOS VIVOS CON PESO MENOR A 2500G SERV/DOM / SERVICIO,1
Oruro,40102,Caracollo,2024,12,3. NACIDOS VIVOS CON PESO MENOR A 2500G SERV/DOM / SERVICIO,1
La Paz,22001,Caranavi,2024,12,3. NACIDOS VIVOS CON PESO MENOR A 2500G SERV/DOM / SERVICIO,4
Tarija,60302,Carapari,2024,12,3. NACIDOS VIVOS CON PESO MENOR A 2500G SERV/DOM / SERVICIO,1
La Paz,20203,Chua Cocani,2024,12,3. NACIDOS VIVOS CON PESO MENOR A 2500G SERV/DOM / SERVICIO,1
Pando,90101,Cobija,2024,12,3. NACIDOS VIVOS CON PESO MENOR A 2500G SERV/DOM / SERVICIO,9
Cochabamba,30303,Cocapata,2024,12,3. NACIDOS VIVOS CON PESO MENOR A 2500G SERV/DOM / SERVICIO,0
Cochabamba,30101,Cochabamba,2024,12,3. NACIDOS VIVOS CON PESO MENOR A 2500G SERV/DOM / SERVICIO,115
Potosí,50401,Colquechaca,2024,12,3. NACIDOS VIVOS CON PESO MENOR A 2500G SERV/DOM / SERVICIO,1
La Paz,21004,Colquiri,2024,12,3. NACIDOS VIVOS CON PESO MENOR A 2500G SERV/DOM / SERVICIO,0
Santa Cruz,71101,Concepcion,2024,12,3. NACIDOS VIVOS CON PESO MENOR A 2500G SERV/DOM / SERVICIO,1
Santa Cruz,70102,Cotoca,2024,12,3. NACIDOS VIVOS CON PESO MENOR A 2500G SERV/DOM / SERVICIO,2
Chuquisaca,10902,Culpina,2024,12,3. NACIDOS VIVOS CON PESO MENOR A 2500G SERV/DOM / SERVICIO,1
La Paz,20804,Desaguadero,2024,12,3. NACIDOS VIVOS CON PESO MENOR A 2500G SERV/DOM / SERVICIO,1
La Paz,20105,El Alto,2024,12,3. NACIDOS VIVOS CON PESO MENOR A 2500G SERV/DOM / SERVICIO,80
Tarija,60601,Entre Rios Trj,2024,12,3. NACIDOS VIVOS CON PESO MENOR A 2500G SERV/DOM / SERVICIO,0
La Paz,20405,Escoma,2024,12,3. NACIDOS VIVOS CON PESO MENOR A 2500G SERV/DOM / SERVICIO,1
Potosí,51204,Gaioc Jatun Ayllu Yura,2024,12,3. NACIDOS VIVOS CON PESO MENOR A 2500G SERV/DOM / SERVICIO,1
Beni,80202,Guayaramerin,2024,12,3. NACIDOS VIVOS CON PESO MENOR A 2500G SERV/DOM / SERVICIO,8
Oruro,40701,Huanuni,2024,12,3. NACIDOS VIVOS CON PESO MENOR A 2500G SERV/DOM / SERVICIO,1
La Paz,20101,La Paz,2024,12,3. NACIDOS VIVOS CON PESO MENOR A 2500G SERV/DOM / SERVICIO,101
Potosí,50203,Llallagua,2024,12,3. NACIDOS VIVOS CON PESO MENOR A 2500G SERV/DOM / SERVICIO,5
Santa Cruz,70903,Mairana,2024,12,3. NACIDOS VIVOS CON PESO MENOR A 2500G SERV/DOM / SERVICIO,1
Oruro,40101,Oruro,2024,12,3. NACIDOS VIVOS CON PESO MENOR A 2500G SERV/DOM / SERVICIO,38
Tarija,60201,Padcaya,2024,12,3. NACIDOS VIVOS CON PESO MENOR A 2500G SERV/DOM / SERVICIO,1
Potosí,50403,Pocoata,2024,12,3. NACIDOS VIVOS CON PESO MENOR A 2500G SERV/DOM / SERVICIO,1
Santa Cruz,70601,Portachuelo,2024,12,3. NACIDOS VIVOS CON PESO MENOR A 2500G SERV/DOM / SERVICIO,2
Potosí,50101,Potosi,2024,12,3. NACIDOS VIVOS CON PESO MENOR A 2500G SERV/DOM / SERVICIO,51
Chuquisaca,10302,Presto,2024,12,3. NACIDOS VIVOS CON PESO MENOR A 2500G SERV/DOM / SERVICIO,0
Cochabamba,31205,Puerto Villarroel,2024,12,3. NACIDOS VIVOS CON PESO MENOR A 2500G SERV/DOM / SERVICIO,1
Cochabamba,31401,Punata,2024,12,3. NACIDOS VIVOS CON PESO MENOR A 2500G SERV/DOM / SERVICIO,1
Cochabamba,30901,Quillacollo,2024,12,3. NACIDOS VIVOS CON PESO MENOR A 2500G SERV/DOM / SERVICIO,3
Beni,80301,Reyes,2024,12,3. NACIDOS VIVOS CON PESO MENOR A 2500G SERV/DOM / SERVICIO,1
Beni,80201,Riberalta,2024,12,3. NACIDOS VIVOS CON PESO MENOR A 2500G SERV/DOM / SERVICIO,11
Santa Cruz,70503,Robore,2024,12,3. NACIDOS VIVOS CON PESO MENOR A 2500G SERV/DOM / SERVICIO,1
Beni,80304,Rurrenabaque,2024,12,3. NACIDOS VIVOS CON PESO MENOR A 2500G SERV/DOM / SERVICIO,0
Cochabamba,31001,Sacaba,2024,12,3. NACIDOS VIVOS CON PESO MENOR A 2500G SERV/DOM / SERVICIO,15
La Paz,20805,San Andres De Machaca,2024,12,3. NACIDOS VIVOS CON PESO MENOR A 2500G SERV/DOM / SERVICIO,0
Santa Cruz,71105,San Antonio De Lomerio,2024,12,3. NACIDOS VIVOS CON PESO MENOR A 2500G SERV/DOM / SERVICIO,1
Beni,80302,San Borja,2024,12,3. NACIDOS VIVOS CON PESO MENOR A 2500G SERV/DOM / SERVICIO,1
La Paz,21502,San Buena Ventura,2024,12,3. NACIDOS VIVOS CON PESO MENOR A 2500G SERV/DOM / SERVICIO,0
Beni,80501,San Ignacio,2024,12,3. NACIDOS VIVOS CON PESO MENOR A 2500G SERV/DOM / SERVICIO,1
Santa Cruz,70301,San Ignacio De Velasco,2024,12,3. NACIDOS VIVOS CON PESO MENOR A 2500G SERV/DOM / SERVICIO,4
Chuquisaca,10702,San Lucas,2024,12,3. NACIDOS VIVOS CON PESO MENOR A 2500G SERV/DOM / SERVICIO,1
Santa Cruz,71201,San Matias,2024,12,3. NACIDOS VIVOS CON PESO MENOR A 2500G SERV/DOM / SERVICIO,1
La Paz,21702,San Pedro De Tiquina,2024,12,3. NACIDOS VIVOS CON PESO MENOR A 2500G SERV/DOM / SERVICIO,0
Beni,80401,Santa Ana,2024,12,3. NACIDOS VIVOS CON PESO MENOR A 2500G SERV/DOM / SERVICIO,2
Santa Cruz,70101,Santa Cruz De La Sierra,2024,12,3. NACIDOS VIVOS CON PESO MENOR A 2500G SERV/DOM / SERVICIO,42
La Paz,20205,Santiago De Huata,2024,12,3. NACIDOS VIVOS CON PESO MENOR A 2500G SERV/DOM / SERVICIO,0
Cochabamba,31602,Shinaota,2024,12,3. NACIDOS VIVOS CON PESO MENOR A 2500G SERV/DOM / SERVICIO,1
La Paz,20601,Sorata,2024,12,3. NACIDOS VIVOS CON PESO MENOR A 2500G SERV/DOM / SERVICIO,1
Chuquisaca,10101,Sucre,2024,12,3. NACIDOS VIVOS CON PESO MENOR A 2500G SERV/DOM / SERVICIO,34
Tarija,60101,Tarija,2024,12,3. NACIDOS VIVOS CON PESO MENOR A 2500G SERV/DOM / SERVICIO,11
Cochabamba,31601,Tiraque (cbba),2024,12,3. NACIDOS VIVOS CON PESO MENOR A 2500G SERV/DOM / SERVICIO,2
Santa Cruz,70802,Trigal,2024,12,3. NACIDOS VIVOS CON PESO MENOR A 2500G SERV/DOM / SERVICIO,1
Beni,80101,Trinidad,2024,12,3. NACIDOS VIVOS CON PESO MENOR A 2500G SERV/DOM / SERVICIO,14
Potosí,50801,Tupiza,2024,12,3. NACIDOS VIVOS CON PESO MENOR A 2500G SERV/DOM / SERVICIO,0
Potosí,51201,Uyuni,2024,12,3. NACIDOS VIVOS CON PESO MENOR A 2500G SERV/DOM / SERVICIO,2
Santa Cruz,70801,Vallegrande,2024,12,3. NACIDOS VIVOS CON PESO MENOR A 2500G SERV/DOM / SERVICIO,1
La Paz,20801,Viacha,2024,12,3. NACIDOS VIVOS CON PESO MENOR A 2500G SERV/DOM / SERVICIO,3
Tarija,60303,Villa Montes,2024,12,3. NACIDOS VIVOS CON PESO MENOR A 2500G SERV/DOM / SERVICIO,3
Cochabamba,31003,Villa Tunari,2024,12,3. NACIDOS VIVOS CON PESO MENOR A 2500G SERV/DOM / SERVICIO,10
Potosí,51501,Villazon,2024,12,3. NACIDOS VIVOS CON PESO MENOR A 2500G SERV/DOM / SERVICIO,3
Cochabamba,30904,Vinto,2024,12,3. NACIDOS VIVOS CON PESO MENOR A 2500G SERV/DOM / SERVICIO,1
Santa Cruz,70201,Warnes,2024,12,3. NACIDOS VIVOS CON PESO MENOR A 2500G SERV/DOM / SERVICIO,1
Tarija,60301,Yacuiba,2024,12,3. NACIDOS VIVOS CON PESO MENOR A 2500G SERV/DOM / SERVICIO,2
Santa Cruz,70403,Yapacani,2024,12,3. NACIDOS VIVOS CON PESO MENOR A 2500G SERV/DOM / SERVICIO,2
Cochabamba,30201,Aiquile,2024,1,3. NACIDOS VIVOS CON PESO MENOR A 2500G SERV/DOM / DOMICILIO,1
Tarija,60202,Bermejo,2024,1,3. NACIDOS VIVOS CON PESO MENOR A 2500G SERV/DOM / DOMICILIO,0
Santa Cruz,70703,Cabezas,2024,1,3. NACIDOS VIVOS CON PESO MENOR A 2500G SERV/DOM / DOMICILIO,0
La Paz,20303,Calacoto,2024,1,3. NACIDOS VIVOS CON PESO MENOR A 2500G SERV/DOM / DOMICILIO,2
Chuquisaca,10701,Camargo,2024,1,3. NACIDOS VIVOS CON PESO MENOR A 2500G SERV/DOM / DOMICILIO,0
Santa Cruz,70706,Camiri,2024,1,3. NACIDOS VIVOS CON PESO MENOR A 2500G SERV/DOM / DOMICILIO,0
Cochabamba,30701,Capinota,2024,1,3. NACIDOS VIVOS CON PESO MENOR A 2500G SERV/DOM / DOMICILIO,0
La Paz,22001,Caranavi,2024,1,3. NACIDOS VIVOS CON PESO MENOR A 2500G SERV/DOM / DOMICILIO,0
Oruro,40201,Challapata,2024,1,3. NACIDOS VIVOS CON PESO MENOR A 2500G SERV/DOM / DOMICILIO,0
Santa Cruz,70702,Charagua,2024,1,3. NACIDOS VIVOS CON PESO MENOR A 2500G SERV/DOM / DOMICILIO,0
Pando,90101,Cobija,2024,1,3. NACIDOS VIVOS CON PESO MENOR A 2500G SERV/DOM / DOMICILIO,0
Cochabamba,30101,Cochabamba,2024,1,3. NACIDOS VIVOS CON PESO MENOR A 2500G SERV/DOM / DOMICILIO,0
Cochabamba,30905,Colcapirhua,2024,1,3. NACIDOS VIVOS CON PESO MENOR A 2500G SERV/DOM / DOMICILIO,0
Potosí,50901,"Colcha ""k""",2024,1,3. NACIDOS VIVOS CON PESO MENOR A 2500G SERV/DOM / DOMICILIO,1
Santa Cruz,71301,Comarapa,2024,1,3. NACIDOS VIVOS CON PESO MENOR A 2500G SERV/DOM / DOMICILIO,0
La Paz,21402,Coripata,2024,1,3. NACIDOS VIVOS CON PESO MENOR A 2500G SERV/DOM / DOMICILIO,0
La Paz,20804,Desaguadero,2024,1,3. NACIDOS VIVOS CON PESO MENOR A 2500G SERV/DOM / DOMICILIO,1
La Paz,20105,El Alto,2024,1,3. NACIDOS VIVOS CON PESO MENOR A 2500G SERV/DOM / DOMICILIO,1
Santa Cruz,70105,El Torno,2024,1,3. NACIDOS VIVOS CON PESO MENOR A 2500G SERV/DOM / DOMICILIO,0
Cochabamba,31206,Entre Rios Cbba,2024,1,3. NACIDOS VIVOS CON PESO MENOR A 2500G SERV/DOM / DOMICILIO,0
Beni,80202,Guayaramerin,2024,1,3. NACIDOS VIVOS CON PESO MENOR A 2500G SERV/DOM / DOMICILIO,0
La Paz,21102,Irupana (villa De Lanza),2024,1,3. NACIDOS VIVOS CON PESO MENOR A 2500G SERV/DOM / DOMICILIO,1
La Paz,21105,La Asunta,2024,1,3. NACIDOS VIVOS CON PESO MENOR A 2500G SERV/DOM / DOMICILIO,1
La Paz,20101,La Paz,2024,1,3. NACIDOS VIVOS CON PESO MENOR A 2500G SERV/DOM / DOMICILIO,3
Potosí,50203,Llallagua,2024,1,3. NACIDOS VIVOS CON PESO MENOR A 2500G SERV/DOM / DOMICILIO,0
Beni,80801,Magdalena,2024,1,3. NACIDOS VIVOS CON PESO MENOR A 2500G SERV/DOM / DOMICILIO,0
Cochabamba,31301,Mizque,2024,1,3. NACIDOS VIVOS CON PESO MENOR A 2500G SERV/DOM / DOMICILIO,0
Chuquisaca,10501,Monteagudo,2024,1,3. NACIDOS VIVOS CON PESO MENOR A 2500G SERV/DOM / DOMICILIO,0
Santa Cruz,71001,Montero,2024,1,3. NACIDOS VIVOS CON PESO MENOR A 2500G SERV/DOM / DOMICILIO,0
Potosí,50404,Ocuri,2024,1,3. NACIDOS VIVOS CON PESO MENOR A 2500G SERV/DOM / DOMICILIO,0
Oruro,40101,Oruro,2024,1,3. NACIDOS VIVOS CON PESO MENOR A 2500G SERV/DOM / DOMICILIO,0
La Paz,21104,Palos Blancos,2024,1,3. NACIDOS VIVOS CON PESO MENOR A 2500G SERV/DOM / DOMICILIO,1
La Paz,21305,Patacamaya,2024,1,3. NACIDOS VIVOS CON PESO MENOR A 2500G SERV/DOM / DOMICILIO,1
Potosí,51203,Porco,2024,1,3. NACIDOS VIVOS CON PESO MENOR A 2500G SERV/DOM / DOMICILIO,0
Santa Cruz,70601,Portachuelo,2024,1,3. NACIDOS VIVOS CON PESO MENOR A 2500G SERV/DOM / DOMICILIO,0
Potosí,50101,Potosi,2024,1,3. NACIDOS VIVOS CON PESO MENOR A 2500G SERV/DOM / DOMICILIO,0
Chuquisaca,10302,Presto,2024,1,3. NACIDOS VIVOS CON PESO MENOR A 2500G SERV/DOM / DOMICILIO,2
Santa Cruz,71402,Puerto Quijarro,2024,1,3. NACIDOS VIVOS CON PESO MENOR A 2500G SERV/DOM / DOMICILIO,0
Cochabamba,31205,Puerto Villarroel,2024,1,3. NACIDOS VIVOS CON PESO MENOR A 2500G SERV/DOM / DOMICILIO,0
Cochabamba,31401,Punata,2024,1,3. NACIDOS VIVOS CON PESO MENOR A 2500G SERV/DOM / DOMICILIO,0
Cochabamba,30901,Quillacollo,2024,1,3. NACIDOS VIVOS CON PESO MENOR A 2500G SERV/DOM / DOMICILIO,0
Beni,80201,Riberalta,2024,1,3. NACIDOS VIVOS CON PESO MENOR A 2500G SERV/DOM / DOMICILIO,0
Santa Cruz,70503,Robore,2024,1,3. NACIDOS VIVOS CON PESO MENOR A 2500G SERV/DOM / DOMICILIO,0
Cochabamba,31001,Sacaba,2024,1,3. NACIDOS VIVOS CON PESO MENOR A 2500G SERV/DOM / DOMICILIO,0
Santa Cruz,70901,Samaipata,2024,1,3. NACIDOS VIVOS CON PESO MENOR A 2500G SERV/DOM / DOMICILIO,0
Santa Cruz,71105,San Antonio De Lomerio,2024,1,3. NACIDOS VIVOS CON PESO MENOR A 2500G SERV/DOM / DOMICILIO,1
Beni,80302,San Borja,2024,1,3. NACIDOS VIVOS CON PESO MENOR A 2500G SERV/DOM / DOMICILIO,0
La Paz,21502,San Buena Ventura,2024,1,3. NACIDOS VIVOS CON PESO MENOR A 2500G SERV/DOM / DOMICILIO,0
Santa Cruz,70402,San Carlos,2024,1,3. NACIDOS VIVOS CON PESO MENOR A 2500G SERV/DOM / DOMICILIO,0
Beni,80501,San Ignacio,2024,1,3. NACIDOS VIVOS CON PESO MENOR A 2500G SERV/DOM / DOMICILIO,0
Santa Cruz,70301,San Ignacio De Velasco,2024,1,3. NACIDOS VIVOS CON PESO MENOR A 2500G SERV/DOM / DOMICILIO,0
Santa Cruz,71102,San Javier(stc),2024,1,3. NACIDOS VIVOS CON PESO MENOR A 2500G SERV/DOM / DOMICILIO,0
Santa Cruz,70501,San Jose De Chiquitos,2024,1,3. NACIDOS VIVOS CON PESO MENOR A 2500G SERV/DOM / DOMICILIO,0
Chuquisaca,10702,San Lucas,2024,1,3. NACIDOS VIVOS CON PESO MENOR A 2500G SERV/DOM / DOMICILIO,0
Santa Cruz,70302,San Miguel De Velasco,2024,1,3. NACIDOS VIVOS CON PESO MENOR A 2500G SERV/DOM / DOMICILIO,1
Santa Cruz,71005,San Pedro,2024,1,3. NACIDOS VIVOS CON PESO MENOR A 2500G SERV/DOM / DOMICILIO,0
Beni,80401,Santa Ana,2024,1,3. NACIDOS VIVOS CON PESO MENOR A 2500G SERV/DOM / DOMICILIO,0
Santa Cruz,70101,Santa Cruz De La Sierra,2024,1,3. NACIDOS VIVOS CON PESO MENOR A 2500G SERV/DOM / DOMICILIO,0
Cochabamba,31602,Shinaota,2024,1,3. NACIDOS VIVOS CON PESO MENOR A 2500G SERV/DOM / DOMICILIO,0
La Paz,20601,Sorata,2024,1,3. NACIDOS VIVOS CON PESO MENOR A 2500G SERV/DOM / DOMICILIO,1
Chuquisaca,10101,Sucre,2024,1,3. NACIDOS VIVOS CON PESO MENOR A 2500G SERV/DOM / DOMICILIO,0
Chuquisaca,10601,Tarabuco,2024,1,3. NACIDOS VIVOS CON PESO MENOR A 2500G SERV/DOM / DOMICILIO,0
La Paz,20807,Taraco,2024,1,3. NACIDOS VIVOS CON PESO MENOR A 2500G SERV/DOM / DOMICILIO,1
Tarija,60101,Tarija,2024,1,3. NACIDOS VIVOS CON PESO MENOR A 2500G SERV/DOM / DOMICILIO,0
Potosí,50102,Tinguipaya,2024,1,3. NACIDOS VIVOS CON PESO MENOR A 2500G SERV/DOM / DOMICILIO,1
Cochabamba,30903,Tiquipaya,2024,1,3. NACIDOS VIVOS CON PESO MENOR A 2500G SERV/DOM / DOMICILIO,2
Potosí,50502,Toro Toro,2024,1,3. NACIDOS VIVOS CON PESO MENOR A 2500G SERV/DOM / DOMICILIO,0
Beni,80101,Trinidad,2024,1,3. NACIDOS VIVOS CON PESO MENOR A 2500G SERV/DOM / DOMICILIO,0
Potosí,50801,Tupiza,2024,1,3. NACIDOS VIVOS CON PESO MENOR A 2500G SERV/DOM / DOMICILIO,0
Potosí,50201,Uncia,2024,1,3. NACIDOS VIVOS CON PESO MENOR A 2500G SERV/DOM / DOMICILIO,0
Santa Cruz,70801,Vallegrande,2024,1,3. NACIDOS VIVOS CON PESO MENOR A 2500G SERV/DOM / DOMICILIO,0
La Paz,20801,Viacha,2024,1,3. NACIDOS VIVOS CON PESO MENOR A 2500G SERV/DOM / DOMICILIO,0
Tarija,60303,Villa Montes,2024,1,3. NACIDOS VIVOS CON PESO MENOR A 2500G SERV/DOM / DOMICILIO,0
Cochabamba,31003,Villa Tunari,2024,1,3. NACIDOS VIVOS CON PESO MENOR A 2500G SERV/DOM / DOMICILIO,0
Potosí,51501,Villazon,2024,1,3. NACIDOS VIVOS CON PESO MENOR A 2500G SERV/DOM / DOMICILIO,0
Cochabamba,30904,Vinto,2024,1,3. NACIDOS VIVOS CON PESO MENOR A 2500G SERV/DOM / DOMICILIO,0
Tarija,60301,Yacuiba,2024,1,3. NACIDOS VIVOS CON PESO MENOR A 2500G SERV/DOM / DOMICILIO,0
Santa Cruz,70403,Yapacani,2024,1,3. NACIDOS VIVOS CON PESO MENOR A 2500G SERV/DOM / DOMICILIO,0
La Paz,20201,Achacachi,2024,2,3. NACIDOS VIVOS CON PESO MENOR A 2500G SERV/DOM / DOMICILIO,2
Cochabamba,31303,Alalay,2024,2,3. NACIDOS VIVOS CON PESO MENOR A 2500G SERV/DOM / DOMICILIO,2
Potosí,51301,Arampampa,2024,2,3. NACIDOS VIVOS CON PESO MENOR A 2500G SERV/DOM / DOMICILIO,1
Santa Cruz,71501,Ascencion De Guarayos,2024,2,3. NACIDOS VIVOS CON PESO MENOR A 2500G SERV/DOM / DOMICILIO,0
Cochabamba,30301,Ayopaya (v. De Independencia),2024,2,3. NACIDOS VIVOS CON PESO MENOR A 2500G SERV/DOM / DOMICILIO,0
La Paz,21203,Batallas,2024,2,3. NACIDOS VIVOS CON PESO MENOR A 2500G SERV/DOM / DOMICILIO,0
Tarija,60202,Bermejo,2024,2,3. NACIDOS VIVOS CON PESO MENOR A 2500G SERV/DOM / DOMICILIO,0
Chuquisaca,10701,Camargo,2024,2,3. NACIDOS VIVOS CON PESO MENOR A 2500G SERV/DOM / DOMICILIO,0
Oruro,40102,Caracollo,2024,2,3. NACIDOS VIVOS CON PESO MENOR A 2500G SERV/DOM / DOMICILIO,0
La Paz,22001,Caranavi,2024,2,3. NACIDOS VIVOS CON PESO MENOR A 2500G SERV/DOM / DOMICILIO,0
Tarija,60302,Carapari,2024,2,3. NACIDOS VIVOS CON PESO MENOR A 2500G SERV/DOM / DOMICILIO,0
Santa Cruz,71403,Carmen Rivero Torrez,2024,2,3. NACIDOS VIVOS CON PESO MENOR A 2500G SERV/DOM / DOMICILIO,0
Oruro,40201,Challapata,2024,2,3. NACIDOS VIVOS CON PESO MENOR A 2500G SERV/DOM / DOMICILIO,0
La Paz,20203,Chua Cocani,2024,2,3. NACIDOS VIVOS CON PESO MENOR A 2500G SERV/DOM / DOMICILIO,1
Pando,90101,Cobija,2024,2,3. NACIDOS VIVOS CON PESO MENOR A 2500G SERV/DOM / DOMICILIO,0
Cochabamba,30101,Cochabamba,2024,2,3. NACIDOS VIVOS CON PESO MENOR A 2500G SERV/DOM / DOMICILIO,0
Potosí,50401,Colquechaca,2024,2,3. NACIDOS VIVOS CON PESO MENOR A 2500G SERV/DOM / DOMICILIO,1
Santa Cruz,71101,Concepcion,2024,2,3. NACIDOS VIVOS CON PESO MENOR A 2500G SERV/DOM / DOMICILIO,0
La Paz,20301,Coro Coro,2024,2,3. NACIDOS VIVOS CON PESO MENOR A 2500G SERV/DOM / DOMICILIO,0
La Paz,21401,Coroico,2024,2,3. NACIDOS VIVOS CON PESO MENOR A 2500G SERV/DOM / DOMICILIO,1
Oruro,40301,Corque,2024,2,3. NACIDOS VIVOS CON PESO MENOR A 2500G SERV/DOM / DOMICILIO,1
Chuquisaca,10902,Culpina,2024,2,3. NACIDOS VIVOS CON PESO MENOR A 2500G SERV/DOM / DOMICILIO,0
La Paz,20105,El Alto,2024,2,3. NACIDOS VIVOS CON PESO MENOR A 2500G SERV/DOM / DOMICILIO,1
Santa Cruz,70105,El Torno,2024,2,3. NACIDOS VIVOS CON PESO MENOR A 2500G SERV/DOM / DOMICILIO,0
Cochabamba,31206,Entre Rios Cbba,2024,2,3. NACIDOS VIVOS CON PESO MENOR A 2500G SERV/DOM / DOMICILIO,0
Santa Cruz,71004,Fernandez Alonso,2024,2,3. NACIDOS VIVOS CON PESO MENOR A 2500G SERV/DOM / DOMICILIO,0
Beni,80202,Guayaramerin,2024,2,3. NACIDOS VIVOS CON PESO MENOR A 2500G SERV/DOM / DOMICILIO,0
Oruro,40701,Huanuni,2024,2,3. NACIDOS VIVOS CON PESO MENOR A 2500G SERV/DOM / DOMICILIO,0
La Paz,20204,Huarina,2024,2,3. NACIDOS VIVOS CON PESO MENOR A 2500G SERV/DOM / DOMICILIO,0
Chuquisaca,10703,Incahuasi,2024,2,3. NACIDOS VIVOS CON PESO MENOR A 2500G SERV/DOM / DOMICILIO,1
La Paz,21105,La Asunta,2024,2,3. NACIDOS VIVOS CON PESO MENOR A 2500G SERV/DOM / DOMICILIO,0
Santa Cruz,70104,La Guardia,2024,2,3. NACIDOS VIVOS CON PESO MENOR A 2500G SERV/DOM / DOMICILIO,0
La Paz,20101,La Paz,2024,2,3. NACIDOS VIVOS CON PESO MENOR A 2500G SERV/DOM / DOMICILIO,0
Potosí,50203,Llallagua,2024,2,3. NACIDOS VIVOS CON PESO MENOR A 2500G SERV/DOM / DOMICILIO,0
Beni,80601,Loreto,2024,2,3. NACIDOS VIVOS CON PESO MENOR A 2500G SERV/DOM / DOMICILIO,1
Santa Cruz,71003,Mineros,2024,2,3. NACIDOS VIVOS CON PESO MENOR A 2500G SERV/DOM / DOMICILIO,0
Santa Cruz,71001,Montero,2024,2,3. NACIDOS VIVOS CON PESO MENOR A 2500G SERV/DOM / DOMICILIO,0
Potosí,50404,Ocuri,2024,2,3. NACIDOS VIVOS CON PESO MENOR A 2500G SERV/DOM / DOMICILIO,0
Oruro,40101,Oruro,2024,2,3. NACIDOS VIVOS CON PESO MENOR A 2500G SERV/DOM / DOMICILIO,0
La Paz,21104,Palos Blancos,2024,2,3. NACIDOS VIVOS CON PESO MENOR A 2500G SERV/DOM / DOMICILIO,0
La Paz,21305,Patacamaya,2024,2,3. NACIDOS VIVOS CON PESO MENOR A 2500G SERV/DOM / DOMICILIO,0
Santa Cruz,70804,Postrer Valle,2024,2,3. NACIDOS VIVOS CON PESO MENOR A 2500G SERV/DOM / DOMICILIO,0
Potosí,50101,Potosi,2024,2,3. NACIDOS VIVOS CON PESO MENOR A 2500G SERV/DOM / DOMICILIO,0
Pando,90301,Puerto Gonzalo Moreno,2024,2,3. NACIDOS VIVOS CON PESO MENOR A 2500G SERV/DOM / DOMICILIO,0
Cochabamba,31205,Puerto Villarroel,2024,2,3. NACIDOS VIVOS CON PESO MENOR A 2500G SERV/DOM / DOMICILIO,0
Cochabamba,31401,Punata,2024,2,3. NACIDOS VIVOS CON PESO MENOR A 2500G SERV/DOM / DOMICILIO,0
Cochabamba,30901,Quillacollo,2024,2,3. NACIDOS VIVOS CON PESO MENOR A 2500G SERV/DOM / DOMICILIO,0
Potosí,50402,Ravelo,2024,2,3. NACIDOS VIVOS CON PESO MENOR A 2500G SERV/DOM / DOMICILIO,0
Beni,80201,Riberalta,2024,2,3. NACIDOS VIVOS CON PESO MENOR A 2500G SERV/DOM / DOMICILIO,0
Santa Cruz,70503,Robore,2024,2,3. NACIDOS VIVOS CON PESO MENOR A 2500G SERV/DOM / DOMICILIO,0
Cochabamba,31001,Sacaba,2024,2,3. NACIDOS VIVOS CON PESO MENOR A 2500G SERV/DOM / DOMICILIO,0
Beni,80602,San Andres,2024,2,3. NACIDOS VIVOS CON PESO MENOR A 2500G SERV/DOM / DOMICILIO,0
Santa Cruz,71105,San Antonio De Lomerio,2024,2,3. NACIDOS VIVOS CON PESO MENOR A 2500G SERV/DOM / DOMICILIO,1
Beni,80302,San Borja,2024,2,3. NACIDOS VIVOS CON PESO MENOR A 2500G SERV/DOM / DOMICILIO,0
La Paz,21502,San Buena Ventura,2024,2,3. NACIDOS VIVOS CON PESO MENOR A 2500G SERV/DOM / DOMICILIO,0
Santa Cruz,70402,San Carlos,2024,2,3. NACIDOS VIVOS CON PESO MENOR A 2500G SERV/DOM / DOMICILIO,0
Beni,80501,San Ignacio,2024,2,3. NACIDOS VIVOS CON PESO MENOR A 2500G SERV/DOM / DOMICILIO,0
Santa Cruz,70301,San Ignacio De Velasco,2024,2,3. NACIDOS VIVOS CON PESO MENOR A 2500G SERV/DOM / DOMICILIO,0
Santa Cruz,71102,San Javier(stc),2024,2,3. NACIDOS VIVOS CON PESO MENOR A 2500G SERV/DOM / DOMICILIO,0
Chuquisaca,10702,San Lucas,2024,2,3. NACIDOS VIVOS CON PESO MENOR A 2500G SERV/DOM / DOMICILIO,0
Santa Cruz,70302,San Miguel De Velasco,2024,2,3. NACIDOS VIVOS CON PESO MENOR A 2500G SERV/DOM / DOMICILIO,0
Beni,80401,Santa Ana,2024,2,3. NACIDOS VIVOS CON PESO MENOR A 2500G SERV/DOM / DOMICILIO,0
Santa Cruz,70101,Santa Cruz De La Sierra,2024,2,3. NACIDOS VIVOS CON PESO MENOR A 2500G SERV/DOM / DOMICILIO,1
La Paz,20308,Santiago De Callapa,2024,2,3. NACIDOS VIVOS CON PESO MENOR A 2500G SERV/DOM / DOMICILIO,1
Chuquisaca,10101,Sucre,2024,2,3. NACIDOS VIVOS CON PESO MENOR A 2500G SERV/DOM / DOMICILIO,0
Tarija,60101,Tarija,2024,2,3. NACIDOS VIVOS CON PESO MENOR A 2500G SERV/DOM / DOMICILIO,0
Chuquisaca,10202,Tarvita,2024,2,3. NACIDOS VIVOS CON PESO MENOR A 2500G SERV/DOM / DOMICILIO,0
Cochabamba,30903,Tiquipaya,2024,2,3. NACIDOS VIVOS CON PESO MENOR A 2500G SERV/DOM / DOMICILIO,1
Beni,80101,Trinidad,2024,2,3. NACIDOS VIVOS CON PESO MENOR A 2500G SERV/DOM / DOMICILIO,0
Potosí,50801,Tupiza,2024,2,3. NACIDOS VIVOS CON PESO MENOR A 2500G SERV/DOM / DOMICILIO,0
Potosí,50201,Uncia,2024,2,3. NACIDOS VIVOS CON PESO MENOR A 2500G SERV/DOM / DOMICILIO,1
Potosí,51201,Uyuni,2024,2,3. NACIDOS VIVOS CON PESO MENOR A 2500G SERV/DOM / DOMICILIO,0
La Paz,20801,Viacha,2024,2,3. NACIDOS VIVOS CON PESO MENOR A 2500G SERV/DOM / DOMICILIO,0
Chuquisaca,10704,Villa Charcas,2024,2,3. NACIDOS VIVOS CON PESO MENOR A 2500G SERV/DOM / DOMICILIO,0
Tarija,60303,Villa Montes,2024,2,3. NACIDOS VIVOS CON PESO MENOR A 2500G SERV/DOM / DOMICILIO,0
Cochabamba,31003,Villa Tunari,2024,2,3. NACIDOS VIVOS CON PESO MENOR A 2500G SERV/DOM / DOMICILIO,0
Chuquisaca,11001,Villa Vaca Guzman (muyupampa),2024,2,3. NACIDOS VIVOS CON PESO MENOR A 2500G SERV/DOM / DOMICILIO,1
Potosí,51501,Villazon,2024,2,3. NACIDOS VIVOS CON PESO MENOR A 2500G SERV/DOM / DOMICILIO,0
Cochabamba,30904,Vinto,2024,2,3. NACIDOS VIVOS CON PESO MENOR A 2500G SERV/DOM / DOMICILIO,0
Santa Cruz,70201,Warnes,2024,2,3. NACIDOS VIVOS CON PESO MENOR A 2500G SERV/DOM / DOMICILIO,0
Tarija,60301,Yacuiba,2024,2,3. NACIDOS VIVOS CON PESO MENOR A 2500G SERV/DOM / DOMICILIO,0
Santa Cruz,70403,Yapacani,2024,2,3. NACIDOS VIVOS CON PESO MENOR A 2500G SERV/DOM / DOMICILIO,0
La Paz,20201,Achacachi,2024,3,3. NACIDOS VIVOS CON PESO MENOR A 2500G SERV/DOM / DOMICILIO,0
La Paz,20104,Achocalla,2024,3,3. NACIDOS VIVOS CON PESO MENOR A 2500G SERV/DOM / DOMICILIO,1
Cochabamba,30201,Aiquile,2024,3,3. NACIDOS VIVOS CON PESO MENOR A 2500G SERV/DOM / DOMICILIO,0
Cochabamba,30403,Arbieto,2024,3,3. NACIDOS VIVOS CON PESO MENOR A 2500G SERV/DOM / DOMICILIO,0
Cochabamba,30601,Arque,2024,3,3. NACIDOS VIVOS CON PESO MENOR A 2500G SERV/DOM / DOMICILIO,1
Santa Cruz,71501,Ascencion De Guarayos,2024,3,3. NACIDOS VIVOS CON PESO MENOR A 2500G SERV/DOM / DOMICILIO,1
Potosí,50802,Atocha,2024,3,3. NACIDOS VIVOS CON PESO MENOR A 2500G SERV/DOM / DOMICILIO,0
La Paz,21303,Ayo Ayo,2024,3,3. NACIDOS VIVOS CON PESO MENOR A 2500G SERV/DOM / DOMICILIO,1
Chuquisaca,10201,Azurduy,2024,3,3. NACIDOS VIVOS CON PESO MENOR A 2500G SERV/DOM / DOMICILIO,0
La Paz,21203,Batallas,2024,3,3. NACIDOS VIVOS CON PESO MENOR A 2500G SERV/DOM / DOMICILIO,2
Tarija,60202,Bermejo,2024,3,3. NACIDOS VIVOS CON PESO MENOR A 2500G SERV/DOM / DOMICILIO,0
Pando,90103,Bolpebra,2024,3,3. NACIDOS VIVOS CON PESO MENOR A 2500G SERV/DOM / DOMICILIO,1
La Paz,20303,Calacoto,2024,3,3. NACIDOS VIVOS CON PESO MENOR A 2500G SERV/DOM / DOMICILIO,1
Chuquisaca,10701,Camargo,2024,3,3. NACIDOS VIVOS CON PESO MENOR A 2500G SERV/DOM / DOMICILIO,0
Chuquisaca,10901,Camataqui (c. Villa Abecia),2024,3,3. NACIDOS VIVOS CON PESO MENOR A 2500G SERV/DOM / DOMICILIO,0
Santa Cruz,70706,Camiri,2024,3,3. NACIDOS VIVOS CON PESO MENOR A 2500G SERV/DOM / DOMICILIO,0
Oruro,40102,Caracollo,2024,3,3. NACIDOS VIVOS CON PESO MENOR A 2500G SERV/DOM / DOMICILIO,0
La Paz,22001,Caranavi,2024,3,3. NACIDOS VIVOS CON PESO MENOR A 2500G SERV/DOM / DOMICILIO,0
Oruro,40201,Challapata,2024,3,3. NACIDOS VIVOS CON PESO MENOR A 2500G SERV/DOM / DOMICILIO,0
Cochabamba,31204,Chimore,2024,3,3. NACIDOS VIVOS CON PESO MENOR A 2500G SERV/DOM / DOMICILIO,0
La Paz,20203,Chua Cocani,2024,3,3. NACIDOS VIVOS CON PESO MENOR A 2500G SERV/DOM / DOMICILIO,0
La Paz,21101,Chulumani (v. De La Libertad),2024,3,3. NACIDOS VIVOS CON PESO MENOR A 2500G SERV/DOM / DOMICILIO,0
Pando,90101,Cobija,2024,3,3. NACIDOS VIVOS CON PESO MENOR A 2500G SERV/DOM / DOMICILIO,0
Cochabamba,30101,Cochabamba,2024,3,3. NACIDOS VIVOS CON PESO MENOR A 2500G SERV/DOM / DOMICILIO,0
Cochabamba,30905,Colcapirhua,2024,3,3. NACIDOS VIVOS CON PESO MENOR A 2500G SERV/DOM / DOMICILIO,0
Cochabamba,31002,Colomi,2024,3,3. NACIDOS VIVOS CON PESO MENOR A 2500G SERV/DOM / DOMICILIO,0
Santa Cruz,71101,Concepcion,2024,3,3. NACIDOS VIVOS CON PESO MENOR A 2500G SERV/DOM / DOMICILIO,2
La Paz,21402,Coripata,2024,3,3. NACIDOS VIVOS CON PESO MENOR A 2500G SERV/DOM / DOMICILIO,0
La Paz,21401,Coroico,2024,3,3. NACIDOS VIVOS CON PESO MENOR A 2500G SERV/DOM / DOMICILIO,0
Potosí,50601,Cotagaita,2024,3,3. NACIDOS VIVOS CON PESO MENOR A 2500G SERV/DOM / DOMICILIO,0
Santa Cruz,70102,Cotoca,2024,3,3. NACIDOS VIVOS CON PESO MENOR A 2500G SERV/DOM / DOMICILIO,1
Santa Cruz,71106,Cuatro Cañadas,2024,3,3. NACIDOS VIVOS CON PESO MENOR A 2500G SERV/DOM / DOMICILIO,0
La Paz,20105,El Alto,2024,3,3. NACIDOS VIVOS CON PESO MENOR A 2500G SERV/DOM / DOMICILIO,1
La Paz,20405,Escoma,2024,3,3. NACIDOS VIVOS CON PESO MENOR A 2500G SERV/DOM / DOMICILIO,1
Beni,80202,Guayaramerin,2024,3,3. NACIDOS VIVOS CON PESO MENOR A 2500G SERV/DOM / DOMICILIO,0
Santa Cruz,70705,Gutierrez,2024,3,3. NACIDOS VIVOS CON PESO MENOR A 2500G SERV/DOM / DOMICILIO,0
Oruro,40701,Huanuni,2024,3,3. NACIDOS VIVOS CON PESO MENOR A 2500G SERV/DOM / DOMICILIO,0
Oruro,41601,Huayllamarca,2024,3,3. NACIDOS VIVOS CON PESO MENOR A 2500G SERV/DOM / DOMICILIO,1
Santa Cruz,70104,La Guardia,2024,3,3. NACIDOS VIVOS CON PESO MENOR A 2500G SERV/DOM / DOMICILIO,0
La Paz,20101,La Paz,2024,3,3. NACIDOS VIVOS CON PESO MENOR A 2500G SERV/DOM / DOMICILIO,1
Oruro,41501,La Rivera,2024,3,3. NACIDOS VIVOS CON PESO MENOR A 2500G SERV/DOM / DOMICILIO,0
Potosí,50203,Llallagua,2024,3,3. NACIDOS VIVOS CON PESO MENOR A 2500G SERV/DOM / DOMICILIO,1
Beni,80601,Loreto,2024,3,3. NACIDOS VIVOS CON PESO MENOR A 2500G SERV/DOM / DOMICILIO,1
Beni,80801,Magdalena,2024,3,3. NACIDOS VIVOS CON PESO MENOR A 2500G SERV/DOM / DOMICILIO,1
Santa Cruz,70903,Mairana,2024,3,3. NACIDOS VIVOS CON PESO MENOR A 2500G SERV/DOM / DOMICILIO,0
La Paz,20402,Mocomoco,2024,3,3. NACIDOS VIVOS CON PESO MENOR A 2500G SERV/DOM / DOMICILIO,1
Chuquisaca,10501,Monteagudo,2024,3,3. NACIDOS VIVOS CON PESO MENOR A 2500G SERV/DOM / DOMICILIO,0
Santa Cruz,71001,Montero,2024,3,3. NACIDOS VIVOS CON PESO MENOR A 2500G SERV/DOM / DOMICILIO,0
Cochabamba,30302,Morochata,2024,3,3. NACIDOS VIVOS CON PESO MENOR A 2500G SERV/DOM / DOMICILIO,1
Oruro,40101,Oruro,2024,3,3. NACIDOS VIVOS CON PESO MENOR A 2500G SERV/DOM / DOMICILIO,1
Chuquisaca,10401,Padilla,2024,3,3. NACIDOS VIVOS CON PESO MENOR A 2500G SERV/DOM / DOMICILIO,0
Santa Cruz,70502,Pailon,2024,3,3. NACIDOS VIVOS CON PESO MENOR A 2500G SERV/DOM / DOMICILIO,0
La Paz,21104,Palos Blancos,2024,3,3. NACIDOS VIVOS CON PESO MENOR A 2500G SERV/DOM / DOMICILIO,1
La Paz,21305,Patacamaya,2024,3,3. NACIDOS VIVOS CON PESO MENOR A 2500G SERV/DOM / DOMICILIO,0
Oruro,40602,Pazña,2024,3,3. NACIDOS VIVOS CON PESO MENOR A 2500G SERV/DOM / DOMICILIO,0
Cochabamba,31203,Pocona,2024,3,3. NACIDOS VIVOS CON PESO MENOR A 2500G SERV/DOM / DOMICILIO,0
Potosí,50101,Potosi,2024,3,3. NACIDOS VIVOS CON PESO MENOR A 2500G SERV/DOM / DOMICILIO,1
Santa Cruz,71401,Puerto Suarez,2024,3,3. NACIDOS VIVOS CON PESO MENOR A 2500G SERV/DOM / DOMICILIO,0
Cochabamba,31205,Puerto Villarroel,2024,3,3. NACIDOS VIVOS CON PESO MENOR A 2500G SERV/DOM / DOMICILIO,0
Cochabamba,30901,Quillacollo,2024,3,3. NACIDOS VIVOS CON PESO MENOR A 2500G SERV/DOM / DOMICILIO,0
Beni,80201,Riberalta,2024,3,3. NACIDOS VIVOS CON PESO MENOR A 2500G SERV/DOM / DOMICILIO,0
Beni,80304,Rurrenabaque,2024,3,3. NACIDOS VIVOS CON PESO MENOR A 2500G SERV/DOM / DOMICILIO,0
Cochabamba,31001,Sacaba,2024,3,3. NACIDOS VIVOS CON PESO MENOR A 2500G SERV/DOM / DOMICILIO,0
Potosí,50701,Sacaca,2024,3,3. NACIDOS VIVOS CON PESO MENOR A 2500G SERV/DOM / DOMICILIO,0
Santa Cruz,71105,San Antonio De Lomerio,2024,3,3. NACIDOS VIVOS CON PESO MENOR A 2500G SERV/DOM / DOMICILIO,0
Beni,80302,San Borja,2024,3,3. NACIDOS VIVOS CON PESO MENOR A 2500G SERV/DOM / DOMICILIO,0
Santa Cruz,70301,San Ignacio De Velasco,2024,3,3. NACIDOS VIVOS CON PESO MENOR A 2500G SERV/DOM / DOMICILIO,0
Santa Cruz,71102,San Javier(stc),2024,3,3. NACIDOS VIVOS CON PESO MENOR A 2500G SERV/DOM / DOMICILIO,0
Chuquisaca,10702,San Lucas,2024,3,3. NACIDOS VIVOS CON PESO MENOR A 2500G SERV/DOM / DOMICILIO,0
Santa Cruz,70101,Santa Cruz De La Sierra,2024,3,3. NACIDOS VIVOS CON PESO MENOR A 2500G SERV/DOM / DOMICILIO,0
Cochabamba,31602,Shinaota,2024,3,3. NACIDOS VIVOS CON PESO MENOR A 2500G SERV/DOM / DOMICILIO,0
La Paz,20601,Sorata,2024,3,3. NACIDOS VIVOS CON PESO MENOR A 2500G SERV/DOM / DOMICILIO,1
Chuquisaca,10101,Sucre,2024,3,3. NACIDOS VIVOS CON PESO MENOR A 2500G SERV/DOM / DOMICILIO,1
Cochabamba,31101,Tapacari,2024,3,3. NACIDOS VIVOS CON PESO MENOR A 2500G SERV/DOM / DOMICILIO,2
Chuquisaca,10601,Tarabuco,2024,3,3. NACIDOS VIVOS CON PESO MENOR A 2500G SERV/DOM / DOMICILIO,1
Cochabamba,30401,Tarata,2024,3,3. NACIDOS VIVOS CON PESO MENOR A 2500G SERV/DOM / DOMICILIO,0
Tarija,60101,Tarija,2024,3,3. NACIDOS VIVOS CON PESO MENOR A 2500G SERV/DOM / DOMICILIO,0
Potosí,50102,Tinguipaya,2024,3,3. NACIDOS VIVOS CON PESO MENOR A 2500G SERV/DOM / DOMICILIO,1
Cochabamba,30903,Tiquipaya,2024,3,3. NACIDOS VIVOS CON PESO MENOR A 2500G SERV/DOM / DOMICILIO,0
Potosí,50502,Toro Toro,2024,3,3. NACIDOS VIVOS CON PESO MENOR A 2500G SERV/DOM / DOMICILIO,1
Beni,80101,Trinidad,2024,3,3. NACIDOS VIVOS CON PESO MENOR A 2500G SERV/DOM / DOMICILIO,0
Potosí,50801,Tupiza,2024,3,3. NACIDOS VIVOS CON PESO MENOR A 2500G SERV/DOM / DOMICILIO,0
La Paz,20801,Viacha,2024,3,3. NACIDOS VIVOS CON PESO MENOR A 2500G SERV/DOM / DOMICILIO,0
Tarija,60303,Villa Montes,2024,3,3. NACIDOS VIVOS CON PESO MENOR A 2500G SERV/DOM / DOMICILIO,0
Cochabamba,31003,Villa Tunari,2024,3,3. NACIDOS VIVOS CON PESO MENOR A 2500G SERV/DOM / DOMICILIO,0
Potosí,51501,Villazon,2024,3,3. NACIDOS VIVOS CON PESO MENOR A 2500G SERV/DOM / DOMICILIO,0
Tarija,60301,Yacuiba,2024,3,3. NACIDOS VIVOS CON PESO MENOR A 2500G SERV/DOM / DOMICILIO,0
Chuquisaca,10602,Yamparaez,2024,3,3. NACIDOS VIVOS CON PESO MENOR A 2500G SERV/DOM / DOMICILIO,0
La Paz,20201,Achacachi,2024,4,3. NACIDOS VIVOS CON PESO MENOR A 2500G SERV/DOM / DOMICILIO,0
Potosí,51301,Arampampa,2024,4,3. NACIDOS VIVOS CON PESO MENOR A 2500G SERV/DOM / DOMICILIO,0
La Paz,20503,Aucapata,2024,4,3. NACIDOS VIVOS CON PESO MENOR A 2500G SERV/DOM / DOMICILIO,2
La Paz,21203,Batallas,2024,4,3. NACIDOS VIVOS CON PESO MENOR A 2500G SERV/DOM / DOMICILIO,1
Tarija,60202,Bermejo,2024,4,3. NACIDOS VIVOS CON PESO MENOR A 2500G SERV/DOM / DOMICILIO,0
La Paz,21003,Cajuata,2024,4,3. NACIDOS VIVOS CON PESO MENOR A 2500G SERV/DOM / DOMICILIO,0
Oruro,40102,Caracollo,2024,4,3. NACIDOS VIVOS CON PESO MENOR A 2500G SERV/DOM / DOMICILIO,2
La Paz,22001,Caranavi,2024,4,3. NACIDOS VIVOS CON PESO MENOR A 2500G SERV/DOM / DOMICILIO,1
Oruro,40201,Challapata,2024,4,3. NACIDOS VIVOS CON PESO MENOR A 2500G SERV/DOM / DOMICILIO,2
La Paz,21101,Chulumani (v. De La Libertad),2024,4,3. NACIDOS VIVOS CON PESO MENOR A 2500G SERV/DOM / DOMICILIO,0
Pando,90101,Cobija,2024,4,3. NACIDOS VIVOS CON PESO MENOR A 2500G SERV/DOM / DOMICILIO,0
Cochabamba,30101,Cochabamba,2024,4,3. NACIDOS VIVOS CON PESO MENOR A 2500G SERV/DOM / DOMICILIO,0
Cochabamba,30905,Colcapirhua,2024,4,3. NACIDOS VIVOS CON PESO MENOR A 2500G SERV/DOM / DOMICILIO,0
Santa Cruz,71101,Concepcion,2024,4,3. NACIDOS VIVOS CON PESO MENOR A 2500G SERV/DOM / DOMICILIO,1
La Paz,21402,Coripata,2024,4,3. NACIDOS VIVOS CON PESO MENOR A 2500G SERV/DOM / DOMICILIO,0
La Paz,20301,Coro Coro,2024,4,3. NACIDOS VIVOS CON PESO MENOR A 2500G SERV/DOM / DOMICILIO,1
Chuquisaca,10902,Culpina,2024,4,3. NACIDOS VIVOS CON PESO MENOR A 2500G SERV/DOM / DOMICILIO,1
La Paz,20105,El Alto,2024,4,3. NACIDOS VIVOS CON PESO MENOR A 2500G SERV/DOM / DOMICILIO,1
Tarija,60601,Entre Rios Trj,2024,4,3. NACIDOS VIVOS CON PESO MENOR A 2500G SERV/DOM / DOMICILIO,0
La Paz,20802,Guaqui,2024,4,3. NACIDOS VIVOS CON PESO MENOR A 2500G SERV/DOM / DOMICILIO,1
Beni,80202,Guayaramerin,2024,4,3. NACIDOS VIVOS CON PESO MENOR A 2500G SERV/DOM / DOMICILIO,1
Oruro,40701,Huanuni,2024,4,3. NACIDOS VIVOS CON PESO MENOR A 2500G SERV/DOM / DOMICILIO,0
La Paz,21001,Inquisivi,2024,4,3. NACIDOS VIVOS CON PESO MENOR A 2500G SERV/DOM / DOMICILIO,0
La Paz,21501,Ixiamas,2024,4,3. NACIDOS VIVOS CON PESO MENOR A 2500G SERV/DOM / DOMICILIO,0
La Paz,21105,La Asunta,2024,4,3. NACIDOS VIVOS CON PESO MENOR A 2500G SERV/DOM / DOMICILIO,0
Santa Cruz,70104,La Guardia,2024,4,3. NACIDOS VIVOS CON PESO MENOR A 2500G SERV/DOM / DOMICILIO,0
La Paz,20101,La Paz,2024,4,3. NACIDOS VIVOS CON PESO MENOR A 2500G SERV/DOM / DOMICILIO,0
Potosí,50203,Llallagua,2024,4,3. NACIDOS VIVOS CON PESO MENOR A 2500G SERV/DOM / DOMICILIO,1
Beni,80801,Magdalena,2024,4,3. NACIDOS VIVOS CON PESO MENOR A 2500G SERV/DOM / DOMICILIO,1
Santa Cruz,71003,Mineros,2024,4,3. NACIDOS VIVOS CON PESO MENOR A 2500G SERV/DOM / DOMICILIO,0
Chuquisaca,10501,Monteagudo,2024,4,3. NACIDOS VIVOS CON PESO MENOR A 2500G SERV/DOM / DOMICILIO,0
Santa Cruz,71001,Montero,2024,4,3. NACIDOS VIVOS CON PESO MENOR A 2500G SERV/DOM / DOMICILIO,0
Potosí,50404,Ocuri,2024,4,3. NACIDOS VIVOS CON PESO MENOR A 2500G SERV/DOM / DOMICILIO,0
Oruro,40101,Oruro,2024,4,3. NACIDOS VIVOS CON PESO MENOR A 2500G SERV/DOM / DOMICILIO,0
Tarija,60201,Padcaya,2024,4,3. NACIDOS VIVOS CON PESO MENOR A 2500G SERV/DOM / DOMICILIO,1
Chuquisaca,10401,Padilla,2024,4,3. NACIDOS VIVOS CON PESO MENOR A 2500G SERV/DOM / DOMICILIO,0
La Paz,21305,Patacamaya,2024,4,3. NACIDOS VIVOS CON PESO MENOR A 2500G SERV/DOM / DOMICILIO,0
Potosí,51203,Porco,2024,4,3. NACIDOS VIVOS CON PESO MENOR A 2500G SERV/DOM / DOMICILIO,0
Potosí,50101,Potosi,2024,4,3. NACIDOS VIVOS CON PESO MENOR A 2500G SERV/DOM / DOMICILIO,0
La Paz,21201,Pucarani,2024,4,3. NACIDOS VIVOS CON PESO MENOR A 2500G SERV/DOM / DOMICILIO,0
Pando,90301,Puerto Gonzalo Moreno,2024,4,3. NACIDOS VIVOS CON PESO MENOR A 2500G SERV/DOM / DOMICILIO,0
Pando,90201,Puerto Rico,2024,4,3. NACIDOS VIVOS CON PESO MENOR A 2500G SERV/DOM / DOMICILIO,1
Beni,80703,Puerto Siles,2024,4,3. NACIDOS VIVOS CON PESO MENOR A 2500G SERV/DOM / DOMICILIO,0
Cochabamba,31205,Puerto Villarroel,2024,4,3. NACIDOS VIVOS CON PESO MENOR A 2500G SERV/DOM / DOMICILIO,0
Cochabamba,31401,Punata,2024,4,3. NACIDOS VIVOS CON PESO MENOR A 2500G SERV/DOM / DOMICILIO,0
Cochabamba,30901,Quillacollo,2024,4,3. NACIDOS VIVOS CON PESO MENOR A 2500G SERV/DOM / DOMICILIO,1
Potosí,50402,Ravelo,2024,4,3. NACIDOS VIVOS CON PESO MENOR A 2500G SERV/DOM / DOMICILIO,1
Beni,80301,Reyes,2024,4,3. NACIDOS VIVOS CON PESO MENOR A 2500G SERV/DOM / DOMICILIO,0
Beni,80201,Riberalta,2024,4,3. NACIDOS VIVOS CON PESO MENOR A 2500G SERV/DOM / DOMICILIO,0
Beni,80304,Rurrenabaque,2024,4,3. NACIDOS VIVOS CON PESO MENOR A 2500G SERV/DOM / DOMICILIO,0
Potosí,50701,Sacaca,2024,4,3. NACIDOS VIVOS CON PESO MENOR A 2500G SERV/DOM / DOMICILIO,0
Beni,80602,San Andres,2024,4,3. NACIDOS VIVOS CON PESO MENOR A 2500G SERV/DOM / DOMICILIO,1
Beni,80302,San Borja,2024,4,3. NACIDOS VIVOS CON PESO MENOR A 2500G SERV/DOM / DOMICILIO,0
Beni,80501,San Ignacio,2024,4,3. NACIDOS VIVOS CON PESO MENOR A 2500G SERV/DOM / DOMICILIO,0
Santa Cruz,70301,San Ignacio De Velasco,2024,4,3. NACIDOS VIVOS CON PESO MENOR A 2500G SERV/DOM / DOMICILIO,0
Santa Cruz,71102,San Javier(stc),2024,4,3. NACIDOS VIVOS CON PESO MENOR A 2500G SERV/DOM / DOMICILIO,0
Chuquisaca,10702,San Lucas,2024,4,3. NACIDOS VIVOS CON PESO MENOR A 2500G SERV/DOM / DOMICILIO,0
Santa Cruz,71201,San Matias,2024,4,3. NACIDOS VIVOS CON PESO MENOR A 2500G SERV/DOM / DOMICILIO,1
Santa Cruz,70303,San Rafael,2024,4,3. NACIDOS VIVOS CON PESO MENOR A 2500G SERV/DOM / DOMICILIO,0
Santa Cruz,70101,Santa Cruz De La Sierra,2024,4,3. NACIDOS VIVOS CON PESO MENOR A 2500G SERV/DOM / DOMICILIO,2
La Paz,20308,Santiago De Callapa,2024,4,3. NACIDOS VIVOS CON PESO MENOR A 2500G SERV/DOM / DOMICILIO,1
Cochabamba,31602,Shinaota,2024,4,3. NACIDOS VIVOS CON PESO MENOR A 2500G SERV/DOM / DOMICILIO,0
Chuquisaca,10101,Sucre,2024,4,3. NACIDOS VIVOS CON PESO MENOR A 2500G SERV/DOM / DOMICILIO,0
Cochabamba,31101,Tapacari,2024,4,3. NACIDOS VIVOS CON PESO MENOR A 2500G SERV/DOM / DOMICILIO,2
Tarija,60101,Tarija,2024,4,3. NACIDOS VIVOS CON PESO MENOR A 2500G SERV/DOM / DOMICILIO,0
Chuquisaca,10202,Tarvita,2024,4,3. NACIDOS VIVOS CON PESO MENOR A 2500G SERV/DOM / DOMICILIO,1
Potosí,50102,Tinguipaya,2024,4,3. NACIDOS VIVOS CON PESO MENOR A 2500G SERV/DOM / DOMICILIO,2
Cochabamba,30903,Tiquipaya,2024,4,3. NACIDOS VIVOS CON PESO MENOR A 2500G SERV/DOM / DOMICILIO,0
Oruro,41001,Toledo,2024,4,3. NACIDOS VIVOS CON PESO MENOR A 2500G SERV/DOM / DOMICILIO,0
Beni,80101,Trinidad,2024,4,3. NACIDOS VIVOS CON PESO MENOR A 2500G SERV/DOM / DOMICILIO,0
Potosí,50801,Tupiza,2024,4,3. NACIDOS VIVOS CON PESO MENOR A 2500G SERV/DOM / DOMICILIO,1
Potosí,50201,Uncia,2024,4,3. NACIDOS VIVOS CON PESO MENOR A 2500G SERV/DOM / DOMICILIO,0
Potosí,51201,Uyuni,2024,4,3. NACIDOS VIVOS CON PESO MENOR A 2500G SERV/DOM / DOMICILIO,0
Santa Cruz,70801,Vallegrande,2024,4,3. NACIDOS VIVOS CON PESO MENOR A 2500G SERV/DOM / DOMICILIO,0
La Paz,20801,Viacha,2024,4,3. NACIDOS VIVOS CON PESO MENOR A 2500G SERV/DOM / DOMICILIO,0
Chuquisaca,10704,Villa Charcas,2024,4,3. NACIDOS VIVOS CON PESO MENOR A 2500G SERV/DOM / DOMICILIO,2
Tarija,60303,Villa Montes,2024,4,3. NACIDOS VIVOS CON PESO MENOR A 2500G SERV/DOM / DOMICILIO,0
Cochabamba,31003,Villa Tunari,2024,4,3. NACIDOS VIVOS CON PESO MENOR A 2500G SERV/DOM / DOMICILIO,0
Chuquisaca,11001,Villa Vaca Guzman (muyupampa),2024,4,3. NACIDOS VIVOS CON PESO MENOR A 2500G SERV/DOM / DOMICILIO,0
Potosí,51501,Villazon,2024,4,3. NACIDOS VIVOS CON PESO MENOR A 2500G SERV/DOM / DOMICILIO,0
Cochabamba,30904,Vinto,2024,4,3. NACIDOS VIVOS CON PESO MENOR A 2500G SERV/DOM / DOMICILIO,0
Santa Cruz,70201,Warnes,2024,4,3. NACIDOS VIVOS CON PESO MENOR A 2500G SERV/DOM / DOMICILIO,0
Tarija,60301,Yacuiba,2024,4,3. NACIDOS VIVOS CON PESO MENOR A 2500G SERV/DOM / DOMICILIO,0
Santa Cruz,70403,Yapacani,2024,4,3. NACIDOS VIVOS CON PESO MENOR A 2500G SERV/DOM / DOMICILIO,0
Chuquisaca,10301,Zudañez,2024,4,3. NACIDOS VIVOS CON PESO MENOR A 2500G SERV/DOM / DOMICILIO,1
La Paz,20201,Achacachi,2024,5,3. NACIDOS VIVOS CON PESO MENOR A 2500G SERV/DOM / DOMICILIO,0
Cochabamba,30201,Aiquile,2024,5,3. NACIDOS VIVOS CON PESO MENOR A 2500G SERV/DOM / DOMICILIO,2
Potosí,50802,Atocha,2024,5,3. NACIDOS VIVOS CON PESO MENOR A 2500G SERV/DOM / DOMICILIO,0
La Paz,20502,Ayata,2024,5,3. NACIDOS VIVOS CON PESO MENOR A 2500G SERV/DOM / DOMICILIO,1
La Paz,21303,Ayo Ayo,2024,5,3. NACIDOS VIVOS CON PESO MENOR A 2500G SERV/DOM / DOMICILIO,1
Cochabamba,30301,Ayopaya (v. De Independencia),2024,5,3. NACIDOS VIVOS CON PESO MENOR A 2500G SERV/DOM / DOMICILIO,2
Santa Cruz,70706,Camiri,2024,5,3. NACIDOS VIVOS CON PESO MENOR A 2500G SERV/DOM / DOMICILIO,0
Oruro,40102,Caracollo,2024,5,3. NACIDOS VIVOS CON PESO MENOR A 2500G SERV/DOM / DOMICILIO,1
Santa Cruz,71403,Carmen Rivero Torrez,2024,5,3. NACIDOS VIVOS CON PESO MENOR A 2500G SERV/DOM / DOMICILIO,0
Oruro,40201,Challapata,2024,5,3. NACIDOS VIVOS CON PESO MENOR A 2500G SERV/DOM / DOMICILIO,1
Potosí,50202,Chayanta,2024,5,3. NACIDOS VIVOS CON PESO MENOR A 2500G SERV/DOM / DOMICILIO,2
Cochabamba,31204,Chimore,2024,5,3. NACIDOS VIVOS CON PESO MENOR A 2500G SERV/DOM / DOMICILIO,0
Pando,90101,Cobija,2024,5,3. NACIDOS VIVOS CON PESO MENOR A 2500G SERV/DOM / DOMICILIO,0
Cochabamba,30101,Cochabamba,2024,5,3. NACIDOS VIVOS CON PESO MENOR A 2500G SERV/DOM / DOMICILIO,0
Potosí,50401,Colquechaca,2024,5,3. NACIDOS VIVOS CON PESO MENOR A 2500G SERV/DOM / DOMICILIO,1
La Paz,21306,Colquencha,2024,5,3. NACIDOS VIVOS CON PESO MENOR A 2500G SERV/DOM / DOMICILIO,1
Chuquisaca,10902,Culpina,2024,5,3. NACIDOS VIVOS CON PESO MENOR A 2500G SERV/DOM / DOMICILIO,1
La Paz,20105,El Alto,2024,5,3. NACIDOS VIVOS CON PESO MENOR A 2500G SERV/DOM / DOMICILIO,3
Santa Cruz,70105,El Torno,2024,5,3. NACIDOS VIVOS CON PESO MENOR A 2500G SERV/DOM / DOMICILIO,0
La Paz,20405,Escoma,2024,5,3. NACIDOS VIVOS CON PESO MENOR A 2500G SERV/DOM / DOMICILIO,0
La Paz,20802,Guaqui,2024,5,3. NACIDOS VIVOS CON PESO MENOR A 2500G SERV/DOM / DOMICILIO,0
Beni,80202,Guayaramerin,2024,5,3. NACIDOS VIVOS CON PESO MENOR A 2500G SERV/DOM / DOMICILIO,0
Santa Cruz,70705,Gutierrez,2024,5,3. NACIDOS VIVOS CON PESO MENOR A 2500G SERV/DOM / DOMICILIO,0
Oruro,40701,Huanuni,2024,5,3. NACIDOS VIVOS CON PESO MENOR A 2500G SERV/DOM / DOMICILIO,2
La Paz,20101,La Paz,2024,5,3. NACIDOS VIVOS CON PESO MENOR A 2500G SERV/DOM / DOMICILIO,0
Potosí,50203,Llallagua,2024,5,3. NACIDOS VIVOS CON PESO MENOR A 2500G SERV/DOM / DOMICILIO,0
Beni,80601,Loreto,2024,5,3. NACIDOS VIVOS CON PESO MENOR A 2500G SERV/DOM / DOMICILIO,2
Beni,80801,Magdalena,2024,5,3. NACIDOS VIVOS CON PESO MENOR A 2500G SERV/DOM / DOMICILIO,0
La Paz,20607,Mapiri,2024,5,3. NACIDOS VIVOS CON PESO MENOR A 2500G SERV/DOM / DOMICILIO,0
Cochabamba,31301,Mizque,2024,5,3. NACIDOS VIVOS CON PESO MENOR A 2500G SERV/DOM / DOMICILIO,0
Chuquisaca,10501,Monteagudo,2024,5,3. NACIDOS VIVOS CON PESO MENOR A 2500G SERV/DOM / DOMICILIO,0
Santa Cruz,71001,Montero,2024,5,3. NACIDOS VIVOS CON PESO MENOR A 2500G SERV/DOM / DOMICILIO,0
Potosí,50404,Ocuri,2024,5,3. NACIDOS VIVOS CON PESO MENOR A 2500G SERV/DOM / DOMICILIO,0
Oruro,40101,Oruro,2024,5,3. NACIDOS VIVOS CON PESO MENOR A 2500G SERV/DOM / DOMICILIO,0
La Paz,21305,Patacamaya,2024,5,3. NACIDOS VIVOS CON PESO MENOR A 2500G SERV/DOM / DOMICILIO,0
Chuquisaca,10103,Poroma,2024,5,3. NACIDOS VIVOS CON PESO MENOR A 2500G SERV/DOM / DOMICILIO,0
Potosí,50101,Potosi,2024,5,3. NACIDOS VIVOS CON PESO MENOR A 2500G SERV/DOM / DOMICILIO,1
Santa Cruz,70805,Pucara,2024,5,3. NACIDOS VIVOS CON PESO MENOR A 2500G SERV/DOM / DOMICILIO,0
Santa Cruz,71402,Puerto Quijarro,2024,5,3. NACIDOS VIVOS CON PESO MENOR A 2500G SERV/DOM / DOMICILIO,0
Beni,80703,Puerto Siles,2024,5,3. NACIDOS VIVOS CON PESO MENOR A 2500G SERV/DOM / DOMICILIO,0
Cochabamba,31205,Puerto Villarroel,2024,5,3. NACIDOS VIVOS CON PESO MENOR A 2500G SERV/DOM / DOMICILIO,1
Cochabamba,31401,Punata,2024,5,3. NACIDOS VIVOS CON PESO MENOR A 2500G SERV/DOM / DOMICILIO,0
Cochabamba,30901,Quillacollo,2024,5,3. NACIDOS VIVOS CON PESO MENOR A 2500G SERV/DOM / DOMICILIO,0
Beni,80301,Reyes,2024,5,3. NACIDOS VIVOS CON PESO MENOR A 2500G SERV/DOM / DOMICILIO,0
Beni,80201,Riberalta,2024,5,3. NACIDOS VIVOS CON PESO MENOR A 2500G SERV/DOM / DOMICILIO,0
Santa Cruz,70503,Robore,2024,5,3. NACIDOS VIVOS CON PESO MENOR A 2500G SERV/DOM / DOMICILIO,0
Beni,80304,Rurrenabaque,2024,5,3. NACIDOS VIVOS CON PESO MENOR A 2500G SERV/DOM / DOMICILIO,0
Cochabamba,31001,Sacaba,2024,5,3. NACIDOS VIVOS CON PESO MENOR A 2500G SERV/DOM / DOMICILIO,0
Beni,80501,San Ignacio,2024,5,3. NACIDOS VIVOS CON PESO MENOR A 2500G SERV/DOM / DOMICILIO,0
Santa Cruz,70301,San Ignacio De Velasco,2024,5,3. NACIDOS VIVOS CON PESO MENOR A 2500G SERV/DOM / DOMICILIO,0
Santa Cruz,71201,San Matias,2024,5,3. NACIDOS VIVOS CON PESO MENOR A 2500G SERV/DOM / DOMICILIO,0
La Paz,21801,San Pedro De Curahuara,2024,5,3. NACIDOS VIVOS CON PESO MENOR A 2500G SERV/DOM / DOMICILIO,1
Santa Cruz,70303,San Rafael,2024,5,3. NACIDOS VIVOS CON PESO MENOR A 2500G SERV/DOM / DOMICILIO,0
Santa Cruz,70101,Santa Cruz De La Sierra,2024,5,3. NACIDOS VIVOS CON PESO MENOR A 2500G SERV/DOM / DOMICILIO,1
Santa Cruz,70602,Santa Rosa Del Sara,2024,5,3. NACIDOS VIVOS CON PESO MENOR A 2500G SERV/DOM / DOMICILIO,0
La Paz,20902,Sapahaqui,2024,5,3. NACIDOS VIVOS CON PESO MENOR A 2500G SERV/DOM / DOMICILIO,1
Pando,90303,Sena,2024,5,3. NACIDOS VIVOS CON PESO MENOR A 2500G SERV/DOM / DOMICILIO,2
Cochabamba,30703,Sicaya,2024,5,3. NACIDOS VIVOS CON PESO MENOR A 2500G SERV/DOM / DOMICILIO,0
Chuquisaca,10101,Sucre,2024,5,3. NACIDOS VIVOS CON PESO MENOR A 2500G SERV/DOM / DOMICILIO,1
Potosí,50303,Tacobamba,2024,5,3. NACIDOS VIVOS CON PESO MENOR A 2500G SERV/DOM / DOMICILIO,0
Cochabamba,31101,Tapacari,2024,5,3. NACIDOS VIVOS CON PESO MENOR A 2500G SERV/DOM / DOMICILIO,3
Tarija,60101,Tarija,2024,5,3. NACIDOS VIVOS CON PESO MENOR A 2500G SERV/DOM / DOMICILIO,0
La Paz,20803,Tiahuanacu,2024,5,3. NACIDOS VIVOS CON PESO MENOR A 2500G SERV/DOM / DOMICILIO,1
Cochabamba,30903,Tiquipaya,2024,5,3. NACIDOS VIVOS CON PESO MENOR A 2500G SERV/DOM / DOMICILIO,0
Beni,80101,Trinidad,2024,5,3. NACIDOS VIVOS CON PESO MENOR A 2500G SERV/DOM / DOMICILIO,0
Potosí,50801,Tupiza,2024,5,3. NACIDOS VIVOS CON PESO MENOR A 2500G SERV/DOM / DOMICILIO,0
La Paz,20801,Viacha,2024,5,3. NACIDOS VIVOS CON PESO MENOR A 2500G SERV/DOM / DOMICILIO,0
Tarija,60303,Villa Montes,2024,5,3. NACIDOS VIVOS CON PESO MENOR A 2500G SERV/DOM / DOMICILIO,0
Chuquisaca,10801,Villa Serrano,2024,5,3. NACIDOS VIVOS CON PESO MENOR A 2500G SERV/DOM / DOMICILIO,0
Cochabamba,31003,Villa Tunari,2024,5,3. NACIDOS VIVOS CON PESO MENOR A 2500G SERV/DOM / DOMICILIO,0
Potosí,51501,Villazon,2024,5,3. NACIDOS VIVOS CON PESO MENOR A 2500G SERV/DOM / DOMICILIO,0
Cochabamba,30904,Vinto,2024,5,3. NACIDOS VIVOS CON PESO MENOR A 2500G SERV/DOM / DOMICILIO,0
Potosí,50602,Vitichi,2024,5,3. NACIDOS VIVOS CON PESO MENOR A 2500G SERV/DOM / DOMICILIO,0
Santa Cruz,70201,Warnes,2024,5,3. NACIDOS VIVOS CON PESO MENOR A 2500G SERV/DOM / DOMICILIO,0
Tarija,60301,Yacuiba,2024,5,3. NACIDOS VIVOS CON PESO MENOR A 2500G SERV/DOM / DOMICILIO,0
Chuquisaca,10602,Yamparaez,2024,5,3. NACIDOS VIVOS CON PESO MENOR A 2500G SERV/DOM / DOMICILIO,1
Santa Cruz,70403,Yapacani,2024,5,3. NACIDOS VIVOS CON PESO MENOR A 2500G SERV/DOM / DOMICILIO,0
Cochabamba,30201,Aiquile,2024,6,3. NACIDOS VIVOS CON PESO MENOR A 2500G SERV/DOM / DOMICILIO,1
Santa Cruz,71501,Ascencion De Guarayos,2024,6,3. NACIDOS VIVOS CON PESO MENOR A 2500G SERV/DOM / DOMICILIO,0
La Paz,20503,Aucapata,2024,6,3. NACIDOS VIVOS CON PESO MENOR A 2500G SERV/DOM / DOMICILIO,0
Cochabamba,30301,Ayopaya (v. De Independencia),2024,6,3. NACIDOS VIVOS CON PESO MENOR A 2500G SERV/DOM / DOMICILIO,1
Chuquisaca,10201,Azurduy,2024,6,3. NACIDOS VIVOS CON PESO MENOR A 2500G SERV/DOM / DOMICILIO,0
La Paz,21203,Batallas,2024,6,3. NACIDOS VIVOS CON PESO MENOR A 2500G SERV/DOM / DOMICILIO,1
Tarija,60202,Bermejo,2024,6,3. NACIDOS VIVOS CON PESO MENOR A 2500G SERV/DOM / DOMICILIO,0
Potosí,50301,Betanzos,2024,6,3. NACIDOS VIVOS CON PESO MENOR A 2500G SERV/DOM / DOMICILIO,0
Pando,90103,Bolpebra,2024,6,3. NACIDOS VIVOS CON PESO MENOR A 2500G SERV/DOM / DOMICILIO,0
Santa Cruz,70703,Cabezas,2024,6,3. NACIDOS VIVOS CON PESO MENOR A 2500G SERV/DOM / DOMICILIO,0
La Paz,21003,Cajuata,2024,6,3. NACIDOS VIVOS CON PESO MENOR A 2500G SERV/DOM / DOMICILIO,0
Chuquisaca,10701,Camargo,2024,6,3. NACIDOS VIVOS CON PESO MENOR A 2500G SERV/DOM / DOMICILIO,0
Santa Cruz,70706,Camiri,2024,6,3. NACIDOS VIVOS CON PESO MENOR A 2500G SERV/DOM / DOMICILIO,0
Cochabamba,30701,Capinota,2024,6,3. NACIDOS VIVOS CON PESO MENOR A 2500G SERV/DOM / DOMICILIO,1
Oruro,40102,Caracollo,2024,6,3. NACIDOS VIVOS CON PESO MENOR A 2500G SERV/DOM / DOMICILIO,0
La Paz,22001,Caranavi,2024,6,3. NACIDOS VIVOS CON PESO MENOR A 2500G SERV/DOM / DOMICILIO,0
Oruro,40201,Challapata,2024,6,3. NACIDOS VIVOS CON PESO MENOR A 2500G SERV/DOM / DOMICILIO,1
Cochabamba,30801,Cliza,2024,6,3. NACIDOS VIVOS CON PESO MENOR A 2500G SERV/DOM / DOMICILIO,0
Pando,90101,Cobija,2024,6,3. NACIDOS VIVOS CON PESO MENOR A 2500G SERV/DOM / DOMICILIO,0
Cochabamba,30101,Cochabamba,2024,6,3. NACIDOS VIVOS CON PESO MENOR A 2500G SERV/DOM / DOMICILIO,1
Cochabamba,30905,Colcapirhua,2024,6,3. NACIDOS VIVOS CON PESO MENOR A 2500G SERV/DOM / DOMICILIO,0
Cochabamba,31002,Colomi,2024,6,3. NACIDOS VIVOS CON PESO MENOR A 2500G SERV/DOM / DOMICILIO,1
Santa Cruz,71101,Concepcion,2024,6,3. NACIDOS VIVOS CON PESO MENOR A 2500G SERV/DOM / DOMICILIO,0
Chuquisaca,10902,Culpina,2024,6,3. NACIDOS VIVOS CON PESO MENOR A 2500G SERV/DOM / DOMICILIO,1
La Paz,20105,El Alto,2024,6,3. NACIDOS VIVOS CON PESO MENOR A 2500G SERV/DOM / DOMICILIO,0
Tarija,60502,El Puente(tja),2024,6,3. NACIDOS VIVOS CON PESO MENOR A 2500G SERV/DOM / DOMICILIO,0
Santa Cruz,70105,El Torno,2024,6,3. NACIDOS VIVOS CON PESO MENOR A 2500G SERV/DOM / DOMICILIO,0
Santa Cruz,71004,Fernandez Alonso,2024,6,3. NACIDOS VIVOS CON PESO MENOR A 2500G SERV/DOM / DOMICILIO,0
Beni,80202,Guayaramerin,2024,6,3. NACIDOS VIVOS CON PESO MENOR A 2500G SERV/DOM / DOMICILIO,0
Oruro,40701,Huanuni,2024,6,3. NACIDOS VIVOS CON PESO MENOR A 2500G SERV/DOM / DOMICILIO,0
La Paz,20204,Huarina,2024,6,3. NACIDOS VIVOS CON PESO MENOR A 2500G SERV/DOM / DOMICILIO,1
La Paz,21102,Irupana (villa De Lanza),2024,6,3. NACIDOS VIVOS CON PESO MENOR A 2500G SERV/DOM / DOMICILIO,4
La Paz,21105,La Asunta,2024,6,3. NACIDOS VIVOS CON PESO MENOR A 2500G SERV/DOM / DOMICILIO,0
La Paz,20101,La Paz,2024,6,3. NACIDOS VIVOS CON PESO MENOR A 2500G SERV/DOM / DOMICILIO,0
Potosí,50203,Llallagua,2024,6,3. NACIDOS VIVOS CON PESO MENOR A 2500G SERV/DOM / DOMICILIO,0
Beni,80601,Loreto,2024,6,3. NACIDOS VIVOS CON PESO MENOR A 2500G SERV/DOM / DOMICILIO,0
Santa Cruz,70903,Mairana,2024,6,3. NACIDOS VIVOS CON PESO MENOR A 2500G SERV/DOM / DOMICILIO,1
Cochabamba,31301,Mizque,2024,6,3. NACIDOS VIVOS CON PESO MENOR A 2500G SERV/DOM / DOMICILIO,0
Chuquisaca,10501,Monteagudo,2024,6,3. NACIDOS VIVOS CON PESO MENOR A 2500G SERV/DOM / DOMICILIO,0
Cochabamba,30302,Morochata,2024,6,3. NACIDOS VIVOS CON PESO MENOR A 2500G SERV/DOM / DOMICILIO,0
Oruro,40101,Oruro,2024,6,3. NACIDOS VIVOS CON PESO MENOR A 2500G SERV/DOM / DOMICILIO,0
Chuquisaca,10401,Padilla,2024,6,3. NACIDOS VIVOS CON PESO MENOR A 2500G SERV/DOM / DOMICILIO,0
La Paz,21305,Patacamaya,2024,6,3. NACIDOS VIVOS CON PESO MENOR A 2500G SERV/DOM / DOMICILIO,0
Oruro,40601,Poopo,2024,6,3. NACIDOS VIVOS CON PESO MENOR A 2500G SERV/DOM / DOMICILIO,0
Potosí,50101,Potosi,2024,6,3. NACIDOS VIVOS CON PESO MENOR A 2500G SERV/DOM / DOMICILIO,0
Pando,90301,Puerto Gonzalo Moreno,2024,6,3. NACIDOS VIVOS CON PESO MENOR A 2500G SERV/DOM / DOMICILIO,0
Santa Cruz,71402,Puerto Quijarro,2024,6,3. NACIDOS VIVOS CON PESO MENOR A 2500G SERV/DOM / DOMICILIO,1
Cochabamba,31205,Puerto Villarroel,2024,6,3. NACIDOS VIVOS CON PESO MENOR A 2500G SERV/DOM / DOMICILIO,0
La Paz,20604,Quiabaya,2024,6,3. NACIDOS VIVOS CON PESO MENOR A 2500G SERV/DOM / DOMICILIO,0
Cochabamba,30901,Quillacollo,2024,6,3. NACIDOS VIVOS CON PESO MENOR A 2500G SERV/DOM / DOMICILIO,0
Cochabamba,31304,Raqaypampa(eta),2024,6,3. NACIDOS VIVOS CON PESO MENOR A 2500G SERV/DOM / DOMICILIO,0
Beni,80301,Reyes,2024,6,3. NACIDOS VIVOS CON PESO MENOR A 2500G SERV/DOM / DOMICILIO,0
Beni,80201,Riberalta,2024,6,3. NACIDOS VIVOS CON PESO MENOR A 2500G SERV/DOM / DOMICILIO,0
Santa Cruz,70503,Robore,2024,6,3. NACIDOS VIVOS CON PESO MENOR A 2500G SERV/DOM / DOMICILIO,0
Cochabamba,31001,Sacaba,2024,6,3. NACIDOS VIVOS CON PESO MENOR A 2500G SERV/DOM / DOMICILIO,0
Beni,80302,San Borja,2024,6,3. NACIDOS VIVOS CON PESO MENOR A 2500G SERV/DOM / DOMICILIO,0
Santa Cruz,70301,San Ignacio De Velasco,2024,6,3. NACIDOS VIVOS CON PESO MENOR A 2500G SERV/DOM / DOMICILIO,0
Santa Cruz,71102,San Javier(stc),2024,6,3. NACIDOS VIVOS CON PESO MENOR A 2500G SERV/DOM / DOMICILIO,0
Santa Cruz,70501,San Jose De Chiquitos,2024,6,3. NACIDOS VIVOS CON PESO MENOR A 2500G SERV/DOM / DOMICILIO,0
Santa Cruz,70302,San Miguel De Velasco,2024,6,3. NACIDOS VIVOS CON PESO MENOR A 2500G SERV/DOM / DOMICILIO,0
Potosí,50501,San Pedro De Buena Vista,2024,6,3. NACIDOS VIVOS CON PESO MENOR A 2500G SERV/DOM / DOMICILIO,1
Santa Cruz,70303,San Rafael,2024,6,3. NACIDOS VIVOS CON PESO MENOR A 2500G SERV/DOM / DOMICILIO,0
Santa Cruz,70101,Santa Cruz De La Sierra,2024,6,3. NACIDOS VIVOS CON PESO MENOR A 2500G SERV/DOM / DOMICILIO,0
Chuquisaca,10101,Sucre,2024,6,3. NACIDOS VIVOS CON PESO MENOR A 2500G SERV/DOM / DOMICILIO,0
Potosí,50303,Tacobamba,2024,6,3. NACIDOS VIVOS CON PESO MENOR A 2500G SERV/DOM / DOMICILIO,1
Cochabamba,31101,Tapacari,2024,6,3. NACIDOS VIVOS CON PESO MENOR A 2500G SERV/DOM / DOMICILIO,4
Tarija,60101,Tarija,2024,6,3. NACIDOS VIVOS CON PESO MENOR A 2500G SERV/DOM / DOMICILIO,0
La Paz,20803,Tiahuanacu,2024,6,3. NACIDOS VIVOS CON PESO MENOR A 2500G SERV/DOM / DOMICILIO,0
Cochabamba,30903,Tiquipaya,2024,6,3. NACIDOS VIVOS CON PESO MENOR A 2500G SERV/DOM / DOMICILIO,0
Beni,80101,Trinidad,2024,6,3. NACIDOS VIVOS CON PESO MENOR A 2500G SERV/DOM / DOMICILIO,0
La Paz,20801,Viacha,2024,6,3. NACIDOS VIVOS CON PESO MENOR A 2500G SERV/DOM / DOMICILIO,0
Pando,90502,Villa Nueva (loma Alta),2024,6,3. NACIDOS VIVOS CON PESO MENOR A 2500G SERV/DOM / DOMICILIO,1
Cochabamba,31003,Villa Tunari,2024,6,3. NACIDOS VIVOS CON PESO MENOR A 2500G SERV/DOM / DOMICILIO,0
Potosí,51501,Villazon,2024,6,3. NACIDOS VIVOS CON PESO MENOR A 2500G SERV/DOM / DOMICILIO,0
Cochabamba,30904,Vinto,2024,6,3. NACIDOS VIVOS CON PESO MENOR A 2500G SERV/DOM / DOMICILIO,0
Tarija,60301,Yacuiba,2024,6,3. NACIDOS VIVOS CON PESO MENOR A 2500G SERV/DOM / DOMICILIO,0
La Paz,20201,Achacachi,2024,7,3. NACIDOS VIVOS CON PESO MENOR A 2500G SERV/DOM / DOMICILIO,1
Cochabamba,30201,Aiquile,2024,7,3. NACIDOS VIVOS CON PESO MENOR A 2500G SERV/DOM / DOMICILIO,1
Potosí,51301,Arampampa,2024,7,3. NACIDOS VIVOS CON PESO MENOR A 2500G SERV/DOM / DOMICILIO,1
La Paz,20503,Aucapata,2024,7,3. NACIDOS VIVOS CON PESO MENOR A 2500G SERV/DOM / DOMICILIO,0
La Paz,20502,Ayata,2024,7,3. NACIDOS VIVOS CON PESO MENOR A 2500G SERV/DOM / DOMICILIO,1
Cochabamba,30301,Ayopaya (v. De Independencia),2024,7,3. NACIDOS VIVOS CON PESO MENOR A 2500G SERV/DOM / DOMICILIO,1
Tarija,60202,Bermejo,2024,7,3. NACIDOS VIVOS CON PESO MENOR A 2500G SERV/DOM / DOMICILIO,0
Potosí,50301,Betanzos,2024,7,3. NACIDOS VIVOS CON PESO MENOR A 2500G SERV/DOM / DOMICILIO,0
Santa Cruz,70707,Boyuibe,2024,7,3. NACIDOS VIVOS CON PESO MENOR A 2500G SERV/DOM / DOMICILIO,1
Chuquisaca,10701,Camargo,2024,7,3. NACIDOS VIVOS CON PESO MENOR A 2500G SERV/DOM / DOMICILIO,0
Oruro,40102,Caracollo,2024,7,3. NACIDOS VIVOS CON PESO MENOR A 2500G SERV/DOM / DOMICILIO,0
La Paz,22001,Caranavi,2024,7,3. NACIDOS VIVOS CON PESO MENOR A 2500G SERV/DOM / DOMICILIO,1
Oruro,40201,Challapata,2024,7,3. NACIDOS VIVOS CON PESO MENOR A 2500G SERV/DOM / DOMICILIO,0
Santa Cruz,70702,Charagua,2024,7,3. NACIDOS VIVOS CON PESO MENOR A 2500G SERV/DOM / DOMICILIO,0
Cochabamba,30801,Cliza,2024,7,3. NACIDOS VIVOS CON PESO MENOR A 2500G SERV/DOM / DOMICILIO,0
Pando,90101,Cobija,2024,7,3. NACIDOS VIVOS CON PESO MENOR A 2500G SERV/DOM / DOMICILIO,0
Cochabamba,30101,Cochabamba,2024,7,3. NACIDOS VIVOS CON PESO MENOR A 2500G SERV/DOM / DOMICILIO,0
Cochabamba,30905,Colcapirhua,2024,7,3. NACIDOS VIVOS CON PESO MENOR A 2500G SERV/DOM / DOMICILIO,0
Cochabamba,31002,Colomi,2024,7,3. NACIDOS VIVOS CON PESO MENOR A 2500G SERV/DOM / DOMICILIO,0
Potosí,50401,Colquechaca,2024,7,3. NACIDOS VIVOS CON PESO MENOR A 2500G SERV/DOM / DOMICILIO,0
Santa Cruz,71101,Concepcion,2024,7,3. NACIDOS VIVOS CON PESO MENOR A 2500G SERV/DOM / DOMICILIO,0
La Paz,21701,Copacabana,2024,7,3. NACIDOS VIVOS CON PESO MENOR A 2500G SERV/DOM / DOMICILIO,0
La Paz,20301,Coro Coro,2024,7,3. NACIDOS VIVOS CON PESO MENOR A 2500G SERV/DOM / DOMICILIO,1
Santa Cruz,70102,Cotoca,2024,7,3. NACIDOS VIVOS CON PESO MENOR A 2500G SERV/DOM / DOMICILIO,0
Santa Cruz,71106,Cuatro Cañadas,2024,7,3. NACIDOS VIVOS CON PESO MENOR A 2500G SERV/DOM / DOMICILIO,0
Chuquisaca,10902,Culpina,2024,7,3. NACIDOS VIVOS CON PESO MENOR A 2500G SERV/DOM / DOMICILIO,1
La Paz,21602,Curva,2024,7,3. NACIDOS VIVOS CON PESO MENOR A 2500G SERV/DOM / DOMICILIO,1
La Paz,20105,El Alto,2024,7,3. NACIDOS VIVOS CON PESO MENOR A 2500G SERV/DOM / DOMICILIO,0
Tarija,60502,El Puente(tja),2024,7,3. NACIDOS VIVOS CON PESO MENOR A 2500G SERV/DOM / DOMICILIO,0
Cochabamba,31206,Entre Rios Cbba,2024,7,3. NACIDOS VIVOS CON PESO MENOR A 2500G SERV/DOM / DOMICILIO,0
La Paz,20405,Escoma,2024,7,3. NACIDOS VIVOS CON PESO MENOR A 2500G SERV/DOM / DOMICILIO,0
Oruro,41101,Eucaliptus,2024,7,3. NACIDOS VIVOS CON PESO MENOR A 2500G SERV/DOM / DOMICILIO,0
Beni,80202,Guayaramerin,2024,7,3. NACIDOS VIVOS CON PESO MENOR A 2500G SERV/DOM / DOMICILIO,0
La Paz,21105,La Asunta,2024,7,3. NACIDOS VIVOS CON PESO MENOR A 2500G SERV/DOM / DOMICILIO,0
La Paz,20101,La Paz,2024,7,3. NACIDOS VIVOS CON PESO MENOR A 2500G SERV/DOM / DOMICILIO,1
Potosí,50203,Llallagua,2024,7,3. NACIDOS VIVOS CON PESO MENOR A 2500G SERV/DOM / DOMICILIO,1
Chuquisaca,11003,Machareti,2024,7,3. NACIDOS VIVOS CON PESO MENOR A 2500G SERV/DOM / DOMICILIO,1
Beni,80801,Magdalena,2024,7,3. NACIDOS VIVOS CON PESO MENOR A 2500G SERV/DOM / DOMICILIO,0
Santa Cruz,71003,Mineros,2024,7,3. NACIDOS VIVOS CON PESO MENOR A 2500G SERV/DOM / DOMICILIO,0
Chuquisaca,10501,Monteagudo,2024,7,3. NACIDOS VIVOS CON PESO MENOR A 2500G SERV/DOM / DOMICILIO,0
Santa Cruz,71001,Montero,2024,7,3. NACIDOS VIVOS CON PESO MENOR A 2500G SERV/DOM / DOMICILIO,0
Oruro,40101,Oruro,2024,7,3. NACIDOS VIVOS CON PESO MENOR A 2500G SERV/DOM / DOMICILIO,0
La Paz,21305,Patacamaya,2024,7,3. NACIDOS VIVOS CON PESO MENOR A 2500G SERV/DOM / DOMICILIO,0
Chuquisaca,10103,Poroma,2024,7,3. NACIDOS VIVOS CON PESO MENOR A 2500G SERV/DOM / DOMICILIO,0
Potosí,50101,Potosi,2024,7,3. NACIDOS VIVOS CON PESO MENOR A 2500G SERV/DOM / DOMICILIO,0
La Paz,21201,Pucarani,2024,7,3. NACIDOS VIVOS CON PESO MENOR A 2500G SERV/DOM / DOMICILIO,0
Santa Cruz,71401,Puerto Suarez,2024,7,3. NACIDOS VIVOS CON PESO MENOR A 2500G SERV/DOM / DOMICILIO,0
Cochabamba,31205,Puerto Villarroel,2024,7,3. NACIDOS VIVOS CON PESO MENOR A 2500G SERV/DOM / DOMICILIO,0
Cochabamba,31401,Punata,2024,7,3. NACIDOS VIVOS CON PESO MENOR A 2500G SERV/DOM / DOMICILIO,0
Cochabamba,30901,Quillacollo,2024,7,3. NACIDOS VIVOS CON PESO MENOR A 2500G SERV/DOM / DOMICILIO,1
Beni,80201,Riberalta,2024,7,3. NACIDOS VIVOS CON PESO MENOR A 2500G SERV/DOM / DOMICILIO,0
Beni,80304,Rurrenabaque,2024,7,3. NACIDOS VIVOS CON PESO MENOR A 2500G SERV/DOM / DOMICILIO,0
Cochabamba,31001,Sacaba,2024,7,3. NACIDOS VIVOS CON PESO MENOR A 2500G SERV/DOM / DOMICILIO,0
Beni,80302,San Borja,2024,7,3. NACIDOS VIVOS CON PESO MENOR A 2500G SERV/DOM / DOMICILIO,1
Santa Cruz,70402,San Carlos,2024,7,3. NACIDOS VIVOS CON PESO MENOR A 2500G SERV/DOM / DOMICILIO,0
Beni,80501,San Ignacio,2024,7,3. NACIDOS VIVOS CON PESO MENOR A 2500G SERV/DOM / DOMICILIO,0
Santa Cruz,70301,San Ignacio De Velasco,2024,7,3. NACIDOS VIVOS CON PESO MENOR A 2500G SERV/DOM / DOMICILIO,0
Santa Cruz,71104,San Julian,2024,7,3. NACIDOS VIVOS CON PESO MENOR A 2500G SERV/DOM / DOMICILIO,0
Chuquisaca,10702,San Lucas,2024,7,3. NACIDOS VIVOS CON PESO MENOR A 2500G SERV/DOM / DOMICILIO,0
Santa Cruz,71201,San Matias,2024,7,3. NACIDOS VIVOS CON PESO MENOR A 2500G SERV/DOM / DOMICILIO,0
Santa Cruz,70302,San Miguel De Velasco,2024,7,3. NACIDOS VIVOS CON PESO MENOR A 2500G SERV/DOM / DOMICILIO,0
Santa Cruz,70101,Santa Cruz De La Sierra,2024,7,3. NACIDOS VIVOS CON PESO MENOR A 2500G SERV/DOM / DOMICILIO,0
Santa Cruz,70602,Santa Rosa Del Sara,2024,7,3. NACIDOS VIVOS CON PESO MENOR A 2500G SERV/DOM / DOMICILIO,0
Cochabamba,30902,Sipe Sipe,2024,7,3. NACIDOS VIVOS CON PESO MENOR A 2500G SERV/DOM / DOMICILIO,0
Chuquisaca,10403,Sopachuy,2024,7,3. NACIDOS VIVOS CON PESO MENOR A 2500G SERV/DOM / DOMICILIO,0
Chuquisaca,10101,Sucre,2024,7,3. NACIDOS VIVOS CON PESO MENOR A 2500G SERV/DOM / DOMICILIO,0
Cochabamba,31101,Tapacari,2024,7,3. NACIDOS VIVOS CON PESO MENOR A 2500G SERV/DOM / DOMICILIO,1
Tarija,60101,Tarija,2024,7,3. NACIDOS VIVOS CON PESO MENOR A 2500G SERV/DOM / DOMICILIO,0
Potosí,50102,Tinguipaya,2024,7,3. NACIDOS VIVOS CON PESO MENOR A 2500G SERV/DOM / DOMICILIO,1
Cochabamba,30903,Tiquipaya,2024,7,3. NACIDOS VIVOS CON PESO MENOR A 2500G SERV/DOM / DOMICILIO,0
Potosí,50502,Toro Toro,2024,7,3. NACIDOS VIVOS CON PESO MENOR A 2500G SERV/DOM / DOMICILIO,0
Beni,80101,Trinidad,2024,7,3. NACIDOS VIVOS CON PESO MENOR A 2500G SERV/DOM / DOMICILIO,1
Potosí,51201,Uyuni,2024,7,3. NACIDOS VIVOS CON PESO MENOR A 2500G SERV/DOM / DOMICILIO,0
Santa Cruz,70801,Vallegrande,2024,7,3. NACIDOS VIVOS CON PESO MENOR A 2500G SERV/DOM / DOMICILIO,0
La Paz,20801,Viacha,2024,7,3. NACIDOS VIVOS CON PESO MENOR A 2500G SERV/DOM / DOMICILIO,0
Chuquisaca,10704,Villa Charcas,2024,7,3. NACIDOS VIVOS CON PESO MENOR A 2500G SERV/DOM / DOMICILIO,1
Tarija,60303,Villa Montes,2024,7,3. NACIDOS VIVOS CON PESO MENOR A 2500G SERV/DOM / DOMICILIO,0
Cochabamba,31003,Villa Tunari,2024,7,3. NACIDOS VIVOS CON PESO MENOR A 2500G SERV/DOM / DOMICILIO,2
Potosí,51501,Villazon,2024,7,3. NACIDOS VIVOS CON PESO MENOR A 2500G SERV/DOM / DOMICILIO,1
Cochabamba,30904,Vinto,2024,7,3. NACIDOS VIVOS CON PESO MENOR A 2500G SERV/DOM / DOMICILIO,0
Tarija,60301,Yacuiba,2024,7,3. NACIDOS VIVOS CON PESO MENOR A 2500G SERV/DOM / DOMICILIO,0
Santa Cruz,70403,Yapacani,2024,7,3. NACIDOS VIVOS CON PESO MENOR A 2500G SERV/DOM / DOMICILIO,1
La Paz,20201,Achacachi,2024,8,3. NACIDOS VIVOS CON PESO MENOR A 2500G SERV/DOM / DOMICILIO,0
Cochabamba,30301,Ayopaya (v. De Independencia),2024,8,3. NACIDOS VIVOS CON PESO MENOR A 2500G SERV/DOM / DOMICILIO,3
Tarija,60202,Bermejo,2024,8,3. NACIDOS VIVOS CON PESO MENOR A 2500G SERV/DOM / DOMICILIO,0
Santa Cruz,70706,Camiri,2024,8,3. NACIDOS VIVOS CON PESO MENOR A 2500G SERV/DOM / DOMICILIO,0
Oruro,40102,Caracollo,2024,8,3. NACIDOS VIVOS CON PESO MENOR A 2500G SERV/DOM / DOMICILIO,0
La Paz,22001,Caranavi,2024,8,3. NACIDOS VIVOS CON PESO MENOR A 2500G SERV/DOM / DOMICILIO,0
Oruro,40201,Challapata,2024,8,3. NACIDOS VIVOS CON PESO MENOR A 2500G SERV/DOM / DOMICILIO,1
Potosí,50302,Chaqui,2024,8,3. NACIDOS VIVOS CON PESO MENOR A 2500G SERV/DOM / DOMICILIO,1
Potosí,50202,Chayanta,2024,8,3. NACIDOS VIVOS CON PESO MENOR A 2500G SERV/DOM / DOMICILIO,1
Cochabamba,31204,Chimore,2024,8,3. NACIDOS VIVOS CON PESO MENOR A 2500G SERV/DOM / DOMICILIO,1
Pando,90101,Cobija,2024,8,3. NACIDOS VIVOS CON PESO MENOR A 2500G SERV/DOM / DOMICILIO,0
Cochabamba,30101,Cochabamba,2024,8,3. NACIDOS VIVOS CON PESO MENOR A 2500G SERV/DOM / DOMICILIO,0
Cochabamba,30905,Colcapirhua,2024,8,3. NACIDOS VIVOS CON PESO MENOR A 2500G SERV/DOM / DOMICILIO,0
Potosí,50401,Colquechaca,2024,8,3. NACIDOS VIVOS CON PESO MENOR A 2500G SERV/DOM / DOMICILIO,2
La Paz,21004,Colquiri,2024,8,3. NACIDOS VIVOS CON PESO MENOR A 2500G SERV/DOM / DOMICILIO,0
Santa Cruz,71101,Concepcion,2024,8,3. NACIDOS VIVOS CON PESO MENOR A 2500G SERV/DOM / DOMICILIO,1
La Paz,21701,Copacabana,2024,8,3. NACIDOS VIVOS CON PESO MENOR A 2500G SERV/DOM / DOMICILIO,0
La Paz,21402,Coripata,2024,8,3. NACIDOS VIVOS CON PESO MENOR A 2500G SERV/DOM / DOMICILIO,0
La Paz,21401,Coroico,2024,8,3. NACIDOS VIVOS CON PESO MENOR A 2500G SERV/DOM / DOMICILIO,0
Chuquisaca,10902,Culpina,2024,8,3. NACIDOS VIVOS CON PESO MENOR A 2500G SERV/DOM / DOMICILIO,0
Oruro,40401,Curahuara De Carangas,2024,8,3. NACIDOS VIVOS CON PESO MENOR A 2500G SERV/DOM / DOMICILIO,0
La Paz,20105,El Alto,2024,8,3. NACIDOS VIVOS CON PESO MENOR A 2500G SERV/DOM / DOMICILIO,1
Beni,80202,Guayaramerin,2024,8,3. NACIDOS VIVOS CON PESO MENOR A 2500G SERV/DOM / DOMICILIO,0
Oruro,40701,Huanuni,2024,8,3. NACIDOS VIVOS CON PESO MENOR A 2500G SERV/DOM / DOMICILIO,0
La Paz,21105,La Asunta,2024,8,3. NACIDOS VIVOS CON PESO MENOR A 2500G SERV/DOM / DOMICILIO,0
La Paz,20101,La Paz,2024,8,3. NACIDOS VIVOS CON PESO MENOR A 2500G SERV/DOM / DOMICILIO,2
Santa Cruz,70701,Lagunillas,2024,8,3. NACIDOS VIVOS CON PESO MENOR A 2500G SERV/DOM / DOMICILIO,0
Potosí,50203,Llallagua,2024,8,3. NACIDOS VIVOS CON PESO MENOR A 2500G SERV/DOM / DOMICILIO,0
Chuquisaca,11003,Machareti,2024,8,3. NACIDOS VIVOS CON PESO MENOR A 2500G SERV/DOM / DOMICILIO,0
Beni,80801,Magdalena,2024,8,3. NACIDOS VIVOS CON PESO MENOR A 2500G SERV/DOM / DOMICILIO,0
La Paz,20103,Mecapaca,2024,8,3. NACIDOS VIVOS CON PESO MENOR A 2500G SERV/DOM / DOMICILIO,0
Santa Cruz,71001,Montero,2024,8,3. NACIDOS VIVOS CON PESO MENOR A 2500G SERV/DOM / DOMICILIO,0
Cochabamba,30302,Morochata,2024,8,3. NACIDOS VIVOS CON PESO MENOR A 2500G SERV/DOM / DOMICILIO,2
Oruro,40101,Oruro,2024,8,3. NACIDOS VIVOS CON PESO MENOR A 2500G SERV/DOM / DOMICILIO,0
Santa Cruz,70601,Portachuelo,2024,8,3. NACIDOS VIVOS CON PESO MENOR A 2500G SERV/DOM / DOMICILIO,0
Potosí,50101,Potosi,2024,8,3. NACIDOS VIVOS CON PESO MENOR A 2500G SERV/DOM / DOMICILIO,0
Santa Cruz,71402,Puerto Quijarro,2024,8,3. NACIDOS VIVOS CON PESO MENOR A 2500G SERV/DOM / DOMICILIO,0
Santa Cruz,71401,Puerto Suarez,2024,8,3. NACIDOS VIVOS CON PESO MENOR A 2500G SERV/DOM / DOMICILIO,0
Cochabamba,31205,Puerto Villarroel,2024,8,3. NACIDOS VIVOS CON PESO MENOR A 2500G SERV/DOM / DOMICILIO,0
Cochabamba,31401,Punata,2024,8,3. NACIDOS VIVOS CON PESO MENOR A 2500G SERV/DOM / DOMICILIO,0
Cochabamba,30901,Quillacollo,2024,8,3. NACIDOS VIVOS CON PESO MENOR A 2500G SERV/DOM / DOMICILIO,0
Beni,80201,Riberalta,2024,8,3. NACIDOS VIVOS CON PESO MENOR A 2500G SERV/DOM / DOMICILIO,0
Santa Cruz,70503,Robore,2024,8,3. NACIDOS VIVOS CON PESO MENOR A 2500G SERV/DOM / DOMICILIO,0
Cochabamba,31001,Sacaba,2024,8,3. NACIDOS VIVOS CON PESO MENOR A 2500G SERV/DOM / DOMICILIO,0
Potosí,50701,Sacaca,2024,8,3. NACIDOS VIVOS CON PESO MENOR A 2500G SERV/DOM / DOMICILIO,1
Santa Cruz,71105,San Antonio De Lomerio,2024,8,3. NACIDOS VIVOS CON PESO MENOR A 2500G SERV/DOM / DOMICILIO,0
Beni,80302,San Borja,2024,8,3. NACIDOS VIVOS CON PESO MENOR A 2500G SERV/DOM / DOMICILIO,1
La Paz,21502,San Buena Ventura,2024,8,3. NACIDOS VIVOS CON PESO MENOR A 2500G SERV/DOM / DOMICILIO,1
Beni,80501,San Ignacio,2024,8,3. NACIDOS VIVOS CON PESO MENOR A 2500G SERV/DOM / DOMICILIO,0
Santa Cruz,70301,San Ignacio De Velasco,2024,8,3. NACIDOS VIVOS CON PESO MENOR A 2500G SERV/DOM / DOMICILIO,0
Chuquisaca,10702,San Lucas,2024,8,3. NACIDOS VIVOS CON PESO MENOR A 2500G SERV/DOM / DOMICILIO,0
Beni,80401,Santa Ana,2024,8,3. NACIDOS VIVOS CON PESO MENOR A 2500G SERV/DOM / DOMICILIO,0
Santa Cruz,70101,Santa Cruz De La Sierra,2024,8,3. NACIDOS VIVOS CON PESO MENOR A 2500G SERV/DOM / DOMICILIO,0
Pando,90303,Sena,2024,8,3. NACIDOS VIVOS CON PESO MENOR A 2500G SERV/DOM / DOMICILIO,0
Cochabamba,31602,Shinaota,2024,8,3. NACIDOS VIVOS CON PESO MENOR A 2500G SERV/DOM / DOMICILIO,0
Chuquisaca,10403,Sopachuy,2024,8,3. NACIDOS VIVOS CON PESO MENOR A 2500G SERV/DOM / DOMICILIO,0
Chuquisaca,10101,Sucre,2024,8,3. NACIDOS VIVOS CON PESO MENOR A 2500G SERV/DOM / DOMICILIO,0
Chuquisaca,10601,Tarabuco,2024,8,3. NACIDOS VIVOS CON PESO MENOR A 2500G SERV/DOM / DOMICILIO,0
Tarija,60101,Tarija,2024,8,3. NACIDOS VIVOS CON PESO MENOR A 2500G SERV/DOM / DOMICILIO,0
Beni,80101,Trinidad,2024,8,3. NACIDOS VIVOS CON PESO MENOR A 2500G SERV/DOM / DOMICILIO,0
Potosí,50801,Tupiza,2024,8,3. NACIDOS VIVOS CON PESO MENOR A 2500G SERV/DOM / DOMICILIO,1
Potosí,51201,Uyuni,2024,8,3. NACIDOS VIVOS CON PESO MENOR A 2500G SERV/DOM / DOMICILIO,0
La Paz,20801,Viacha,2024,8,3. NACIDOS VIVOS CON PESO MENOR A 2500G SERV/DOM / DOMICILIO,0
Chuquisaca,10704,Villa Charcas,2024,8,3. NACIDOS VIVOS CON PESO MENOR A 2500G SERV/DOM / DOMICILIO,0
Tarija,60303,Villa Montes,2024,8,3. NACIDOS VIVOS CON PESO MENOR A 2500G SERV/DOM / DOMICILIO,0
Cochabamba,31003,Villa Tunari,2024,8,3. NACIDOS VIVOS CON PESO MENOR A 2500G SERV/DOM / DOMICILIO,0
Potosí,51501,Villazon,2024,8,3. NACIDOS VIVOS CON PESO MENOR A 2500G SERV/DOM / DOMICILIO,0
Santa Cruz,70201,Warnes,2024,8,3. NACIDOS VIVOS CON PESO MENOR A 2500G SERV/DOM / DOMICILIO,0
Tarija,60301,Yacuiba,2024,8,3. NACIDOS VIVOS CON PESO MENOR A 2500G SERV/DOM / DOMICILIO,0
Santa Cruz,70403,Yapacani,2024,8,3. NACIDOS VIVOS CON PESO MENOR A 2500G SERV/DOM / DOMICILIO,0
Tarija,60402,Yunchara,2024,8,3. NACIDOS VIVOS CON PESO MENOR A 2500G SERV/DOM / DOMICILIO,0
Chuquisaca,10301,Zudañez,2024,8,3. NACIDOS VIVOS CON PESO MENOR A 2500G SERV/DOM / DOMICILIO,0
La Paz,20201,Achacachi,2024,9,3. NACIDOS VIVOS CON PESO MENOR A 2500G SERV/DOM / DOMICILIO,0
La Paz,20104,Achocalla,2024,9,3. NACIDOS VIVOS CON PESO MENOR A 2500G SERV/DOM / DOMICILIO,1
Santa Cruz,71501,Ascencion De Guarayos,2024,9,3. NACIDOS VIVOS CON PESO MENOR A 2500G SERV/DOM / DOMICILIO,0
Cochabamba,30301,Ayopaya (v. De Independencia),2024,9,3. NACIDOS VIVOS CON PESO MENOR A 2500G SERV/DOM / DOMICILIO,1
Beni,80802,Baures,2024,9,3. NACIDOS VIVOS CON PESO MENOR A 2500G SERV/DOM / DOMICILIO,0
Tarija,60202,Bermejo,2024,9,3. NACIDOS VIVOS CON PESO MENOR A 2500G SERV/DOM / DOMICILIO,0
Santa Cruz,70703,Cabezas,2024,9,3. NACIDOS VIVOS CON PESO MENOR A 2500G SERV/DOM / DOMICILIO,0
La Paz,20905,Cairoma,2024,9,3. NACIDOS VIVOS CON PESO MENOR A 2500G SERV/DOM / DOMICILIO,0
Santa Cruz,70706,Camiri,2024,9,3. NACIDOS VIVOS CON PESO MENOR A 2500G SERV/DOM / DOMICILIO,0
La Paz,22001,Caranavi,2024,9,3. NACIDOS VIVOS CON PESO MENOR A 2500G SERV/DOM / DOMICILIO,0
Oruro,40201,Challapata,2024,9,3. NACIDOS VIVOS CON PESO MENOR A 2500G SERV/DOM / DOMICILIO,1
Cochabamba,31204,Chimore,2024,9,3. NACIDOS VIVOS CON PESO MENOR A 2500G SERV/DOM / DOMICILIO,3
La Paz,20203,Chua Cocani,2024,9,3. NACIDOS VIVOS CON PESO MENOR A 2500G SERV/DOM / DOMICILIO,0
Pando,90101,Cobija,2024,9,3. NACIDOS VIVOS CON PESO MENOR A 2500G SERV/DOM / DOMICILIO,0
Cochabamba,30101,Cochabamba,2024,9,3. NACIDOS VIVOS CON PESO MENOR A 2500G SERV/DOM / DOMICILIO,2
Cochabamba,30905,Colcapirhua,2024,9,3. NACIDOS VIVOS CON PESO MENOR A 2500G SERV/DOM / DOMICILIO,0
Potosí,50401,Colquechaca,2024,9,3. NACIDOS VIVOS CON PESO MENOR A 2500G SERV/DOM / DOMICILIO,2
La Paz,20304,Comanche,2024,9,3. NACIDOS VIVOS CON PESO MENOR A 2500G SERV/DOM / DOMICILIO,2
Santa Cruz,71301,Comarapa,2024,9,3. NACIDOS VIVOS CON PESO MENOR A 2500G SERV/DOM / DOMICILIO,0
Santa Cruz,71101,Concepcion,2024,9,3. NACIDOS VIVOS CON PESO MENOR A 2500G SERV/DOM / DOMICILIO,0
La Paz,21701,Copacabana,2024,9,3. NACIDOS VIVOS CON PESO MENOR A 2500G SERV/DOM / DOMICILIO,0
La Paz,20105,El Alto,2024,9,3. NACIDOS VIVOS CON PESO MENOR A 2500G SERV/DOM / DOMICILIO,1
Tarija,60601,Entre Rios Trj,2024,9,3. NACIDOS VIVOS CON PESO MENOR A 2500G SERV/DOM / DOMICILIO,0
Beni,80502,Gia-tim,2024,9,3. NACIDOS VIVOS CON PESO MENOR A 2500G SERV/DOM / DOMICILIO,1
Oruro,40701,Huanuni,2024,9,3. NACIDOS VIVOS CON PESO MENOR A 2500G SERV/DOM / DOMICILIO,0
La Paz,20204,Huarina,2024,9,3. NACIDOS VIVOS CON PESO MENOR A 2500G SERV/DOM / DOMICILIO,1
La Paz,20101,La Paz,2024,9,3. NACIDOS VIVOS CON PESO MENOR A 2500G SERV/DOM / DOMICILIO,0
Potosí,50203,Llallagua,2024,9,3. NACIDOS VIVOS CON PESO MENOR A 2500G SERV/DOM / DOMICILIO,1
Potosí,51401,Llica,2024,9,3. NACIDOS VIVOS CON PESO MENOR A 2500G SERV/DOM / DOMICILIO,0
Beni,80601,Loreto,2024,9,3. NACIDOS VIVOS CON PESO MENOR A 2500G SERV/DOM / DOMICILIO,1
La Paz,20402,Mocomoco,2024,9,3. NACIDOS VIVOS CON PESO MENOR A 2500G SERV/DOM / DOMICILIO,1
Santa Cruz,70803,Moro Moro,2024,9,3. NACIDOS VIVOS CON PESO MENOR A 2500G SERV/DOM / DOMICILIO,1
Oruro,40101,Oruro,2024,9,3. NACIDOS VIVOS CON PESO MENOR A 2500G SERV/DOM / DOMICILIO,0
Tarija,60201,Padcaya,2024,9,3. NACIDOS VIVOS CON PESO MENOR A 2500G SERV/DOM / DOMICILIO,0
Chuquisaca,10401,Padilla,2024,9,3. NACIDOS VIVOS CON PESO MENOR A 2500G SERV/DOM / DOMICILIO,0
La Paz,20102,Palca,2024,9,3. NACIDOS VIVOS CON PESO MENOR A 2500G SERV/DOM / DOMICILIO,3
La Paz,21305,Patacamaya,2024,9,3. NACIDOS VIVOS CON PESO MENOR A 2500G SERV/DOM / DOMICILIO,0
Oruro,40601,Poopo,2024,9,3. NACIDOS VIVOS CON PESO MENOR A 2500G SERV/DOM / DOMICILIO,0
Potosí,51203,Porco,2024,9,3. NACIDOS VIVOS CON PESO MENOR A 2500G SERV/DOM / DOMICILIO,0
Potosí,50101,Potosi,2024,9,3. NACIDOS VIVOS CON PESO MENOR A 2500G SERV/DOM / DOMICILIO,0
Pando,90301,Puerto Gonzalo Moreno,2024,9,3. NACIDOS VIVOS CON PESO MENOR A 2500G SERV/DOM / DOMICILIO,0
Santa Cruz,71401,Puerto Suarez,2024,9,3. NACIDOS VIVOS CON PESO MENOR A 2500G SERV/DOM / DOMICILIO,0
Cochabamba,31205,Puerto Villarroel,2024,9,3. NACIDOS VIVOS CON PESO MENOR A 2500G SERV/DOM / DOMICILIO,0
Cochabamba,31401,Punata,2024,9,3. NACIDOS VIVOS CON PESO MENOR A 2500G SERV/DOM / DOMICILIO,0
Cochabamba,30901,Quillacollo,2024,9,3. NACIDOS VIVOS CON PESO MENOR A 2500G SERV/DOM / DOMICILIO,0
Beni,80301,Reyes,2024,9,3. NACIDOS VIVOS CON PESO MENOR A 2500G SERV/DOM / DOMICILIO,0
Beni,80201,Riberalta,2024,9,3. NACIDOS VIVOS CON PESO MENOR A 2500G SERV/DOM / DOMICILIO,0
Santa Cruz,70503,Robore,2024,9,3. NACIDOS VIVOS CON PESO MENOR A 2500G SERV/DOM / DOMICILIO,0
Oruro,40901,Sabaya,2024,9,3. NACIDOS VIVOS CON PESO MENOR A 2500G SERV/DOM / DOMICILIO,0
Santa Cruz,71105,San Antonio De Lomerio,2024,9,3. NACIDOS VIVOS CON PESO MENOR A 2500G SERV/DOM / DOMICILIO,0
Beni,80302,San Borja,2024,9,3. NACIDOS VIVOS CON PESO MENOR A 2500G SERV/DOM / DOMICILIO,0
La Paz,21502,San Buena Ventura,2024,9,3. NACIDOS VIVOS CON PESO MENOR A 2500G SERV/DOM / DOMICILIO,0
Santa Cruz,70402,San Carlos,2024,9,3. NACIDOS VIVOS CON PESO MENOR A 2500G SERV/DOM / DOMICILIO,0
Beni,80501,San Ignacio,2024,9,3. NACIDOS VIVOS CON PESO MENOR A 2500G SERV/DOM / DOMICILIO,4
Santa Cruz,70301,San Ignacio De Velasco,2024,9,3. NACIDOS VIVOS CON PESO MENOR A 2500G SERV/DOM / DOMICILIO,0
Santa Cruz,71102,San Javier(stc),2024,9,3. NACIDOS VIVOS CON PESO MENOR A 2500G SERV/DOM / DOMICILIO,0
Santa Cruz,70501,San Jose De Chiquitos,2024,9,3. NACIDOS VIVOS CON PESO MENOR A 2500G SERV/DOM / DOMICILIO,0
Santa Cruz,71104,San Julian,2024,9,3. NACIDOS VIVOS CON PESO MENOR A 2500G SERV/DOM / DOMICILIO,0
Santa Cruz,70101,Santa Cruz De La Sierra,2024,9,3. NACIDOS VIVOS CON PESO MENOR A 2500G SERV/DOM / DOMICILIO,0
Cochabamba,30702,Santivañes,2024,9,3. NACIDOS VIVOS CON PESO MENOR A 2500G SERV/DOM / DOMICILIO,0
Oruro,40104,Soracachi,2024,9,3. NACIDOS VIVOS CON PESO MENOR A 2500G SERV/DOM / DOMICILIO,1
La Paz,20601,Sorata,2024,9,3. NACIDOS VIVOS CON PESO MENOR A 2500G SERV/DOM / DOMICILIO,1
Chuquisaca,10101,Sucre,2024,9,3. NACIDOS VIVOS CON PESO MENOR A 2500G SERV/DOM / DOMICILIO,0
Tarija,60101,Tarija,2024,9,3. NACIDOS VIVOS CON PESO MENOR A 2500G SERV/DOM / DOMICILIO,0
Chuquisaca,10202,Tarvita,2024,9,3. NACIDOS VIVOS CON PESO MENOR A 2500G SERV/DOM / DOMICILIO,0
La Paz,20803,Tiahuanacu,2024,9,3. NACIDOS VIVOS CON PESO MENOR A 2500G SERV/DOM / DOMICILIO,0
Cochabamba,30903,Tiquipaya,2024,9,3. NACIDOS VIVOS CON PESO MENOR A 2500G SERV/DOM / DOMICILIO,0
Beni,80101,Trinidad,2024,9,3. NACIDOS VIVOS CON PESO MENOR A 2500G SERV/DOM / DOMICILIO,0
Potosí,50801,Tupiza,2024,9,3. NACIDOS VIVOS CON PESO MENOR A 2500G SERV/DOM / DOMICILIO,0
Potosí,51201,Uyuni,2024,9,3. NACIDOS VIVOS CON PESO MENOR A 2500G SERV/DOM / DOMICILIO,0
La Paz,20801,Viacha,2024,9,3. NACIDOS VIVOS CON PESO MENOR A 2500G SERV/DOM / DOMICILIO,0
Cochabamba,31302,Vila Vila,2024,9,3. NACIDOS VIVOS CON PESO MENOR A 2500G SERV/DOM / DOMICILIO,1
Chuquisaca,10704,Villa Charcas,2024,9,3. NACIDOS VIVOS CON PESO MENOR A 2500G SERV/DOM / DOMICILIO,1
Tarija,60303,Villa Montes,2024,9,3. NACIDOS VIVOS CON PESO MENOR A 2500G SERV/DOM / DOMICILIO,0
Cochabamba,31003,Villa Tunari,2024,9,3. NACIDOS VIVOS CON PESO MENOR A 2500G SERV/DOM / DOMICILIO,0
Potosí,51501,Villazon,2024,9,3. NACIDOS VIVOS CON PESO MENOR A 2500G SERV/DOM / DOMICILIO,0
Cochabamba,30904,Vinto,2024,9,3. NACIDOS VIVOS CON PESO MENOR A 2500G SERV/DOM / DOMICILIO,0
Tarija,60301,Yacuiba,2024,9,3. NACIDOS VIVOS CON PESO MENOR A 2500G SERV/DOM / DOMICILIO,0
Chuquisaca,10301,Zudañez,2024,9,3. NACIDOS VIVOS CON PESO MENOR A 2500G SERV/DOM / DOMICILIO,0
La Paz,20201,Achacachi,2024,10,3. NACIDOS VIVOS CON PESO MENOR A 2500G SERV/DOM / DOMICILIO,0
Cochabamba,30301,Ayopaya (v. De Independencia),2024,10,3. NACIDOS VIVOS CON PESO MENOR A 2500G SERV/DOM / DOMICILIO,2
Pando,90104,Bella Flor,2024,10,3. NACIDOS VIVOS CON PESO MENOR A 2500G SERV/DOM / DOMICILIO,0
Tarija,60202,Bermejo,2024,10,3. NACIDOS VIVOS CON PESO MENOR A 2500G SERV/DOM / DOMICILIO,0
Chuquisaca,10701,Camargo,2024,10,3. NACIDOS VIVOS CON PESO MENOR A 2500G SERV/DOM / DOMICILIO,0
Santa Cruz,70706,Camiri,2024,10,3. NACIDOS VIVOS CON PESO MENOR A 2500G SERV/DOM / DOMICILIO,0
Oruro,40102,Caracollo,2024,10,3. NACIDOS VIVOS CON PESO MENOR A 2500G SERV/DOM / DOMICILIO,0
Oruro,40201,Challapata,2024,10,3. NACIDOS VIVOS CON PESO MENOR A 2500G SERV/DOM / DOMICILIO,1
Cochabamba,30801,Cliza,2024,10,3. NACIDOS VIVOS CON PESO MENOR A 2500G SERV/DOM / DOMICILIO,0
Pando,90101,Cobija,2024,10,3. NACIDOS VIVOS CON PESO MENOR A 2500G SERV/DOM / DOMICILIO,0
Cochabamba,30101,Cochabamba,2024,10,3. NACIDOS VIVOS CON PESO MENOR A 2500G SERV/DOM / DOMICILIO,0
Cochabamba,31002,Colomi,2024,10,3. NACIDOS VIVOS CON PESO MENOR A 2500G SERV/DOM / DOMICILIO,0
Santa Cruz,71301,Comarapa,2024,10,3. NACIDOS VIVOS CON PESO MENOR A 2500G SERV/DOM / DOMICILIO,0
Santa Cruz,71101,Concepcion,2024,10,3. NACIDOS VIVOS CON PESO MENOR A 2500G SERV/DOM / DOMICILIO,0
La Paz,20301,Coro Coro,2024,10,3. NACIDOS VIVOS CON PESO MENOR A 2500G SERV/DOM / DOMICILIO,1
Santa Cruz,70102,Cotoca,2024,10,3. NACIDOS VIVOS CON PESO MENOR A 2500G SERV/DOM / DOMICILIO,0
La Paz,20105,El Alto,2024,10,3. NACIDOS VIVOS CON PESO MENOR A 2500G SERV/DOM / DOMICILIO,0
Tarija,60601,Entre Rios Trj,2024,10,3. NACIDOS VIVOS CON PESO MENOR A 2500G SERV/DOM / DOMICILIO,0
La Paz,20405,Escoma,2024,10,3. NACIDOS VIVOS CON PESO MENOR A 2500G SERV/DOM / DOMICILIO,0
Beni,80202,Guayaramerin,2024,10,3. NACIDOS VIVOS CON PESO MENOR A 2500G SERV/DOM / DOMICILIO,0
Chuquisaca,10502,Huacareta,2024,10,3. NACIDOS VIVOS CON PESO MENOR A 2500G SERV/DOM / DOMICILIO,0
Oruro,40701,Huanuni,2024,10,3. NACIDOS VIVOS CON PESO MENOR A 2500G SERV/DOM / DOMICILIO,0
La Paz,21005,Ichoca,2024,10,3. NACIDOS VIVOS CON PESO MENOR A 2500G SERV/DOM / DOMICILIO,1
Chuquisaca,10304,Icla,2024,10,3. NACIDOS VIVOS CON PESO MENOR A 2500G SERV/DOM / DOMICILIO,0
La Paz,20101,La Paz,2024,10,3. NACIDOS VIVOS CON PESO MENOR A 2500G SERV/DOM / DOMICILIO,1
Chuquisaca,10903,Las Carreras,2024,10,3. NACIDOS VIVOS CON PESO MENOR A 2500G SERV/DOM / DOMICILIO,0
Potosí,50203,Llallagua,2024,10,3. NACIDOS VIVOS CON PESO MENOR A 2500G SERV/DOM / DOMICILIO,0
Beni,80601,Loreto,2024,10,3. NACIDOS VIVOS CON PESO MENOR A 2500G SERV/DOM / DOMICILIO,0
Beni,80801,Magdalena,2024,10,3. NACIDOS VIVOS CON PESO MENOR A 2500G SERV/DOM / DOMICILIO,0
Santa Cruz,71001,Montero,2024,10,3. NACIDOS VIVOS CON PESO MENOR A 2500G SERV/DOM / DOMICILIO,0
Potosí,50404,Ocuri,2024,10,3. NACIDOS VIVOS CON PESO MENOR A 2500G SERV/DOM / DOMICILIO,1
Oruro,40101,Oruro,2024,10,3. NACIDOS VIVOS CON PESO MENOR A 2500G SERV/DOM / DOMICILIO,0
La Paz,20102,Palca,2024,10,3. NACIDOS VIVOS CON PESO MENOR A 2500G SERV/DOM / DOMICILIO,2
Santa Cruz,70902,Pampa Grande,2024,10,3. NACIDOS VIVOS CON PESO MENOR A 2500G SERV/DOM / DOMICILIO,0
Potosí,50101,Potosi,2024,10,3. NACIDOS VIVOS CON PESO MENOR A 2500G SERV/DOM / DOMICILIO,0
La Paz,21201,Pucarani,2024,10,3. NACIDOS VIVOS CON PESO MENOR A 2500G SERV/DOM / DOMICILIO,0
Cochabamba,31205,Puerto Villarroel,2024,10,3. NACIDOS VIVOS CON PESO MENOR A 2500G SERV/DOM / DOMICILIO,0
Cochabamba,30901,Quillacollo,2024,10,3. NACIDOS VIVOS CON PESO MENOR A 2500G SERV/DOM / DOMICILIO,0
Beni,80301,Reyes,2024,10,3. NACIDOS VIVOS CON PESO MENOR A 2500G SERV/DOM / DOMICILIO,0
Beni,80201,Riberalta,2024,10,3. NACIDOS VIVOS CON PESO MENOR A 2500G SERV/DOM / DOMICILIO,0
Santa Cruz,70503,Robore,2024,10,3. NACIDOS VIVOS CON PESO MENOR A 2500G SERV/DOM / DOMICILIO,0
Beni,80304,Rurrenabaque,2024,10,3. NACIDOS VIVOS CON PESO MENOR A 2500G SERV/DOM / DOMICILIO,0
Oruro,40901,Sabaya,2024,10,3. NACIDOS VIVOS CON PESO MENOR A 2500G SERV/DOM / DOMICILIO,1
Cochabamba,31001,Sacaba,2024,10,3. NACIDOS VIVOS CON PESO MENOR A 2500G SERV/DOM / DOMICILIO,0
Santa Cruz,70901,Samaipata,2024,10,3. NACIDOS VIVOS CON PESO MENOR A 2500G SERV/DOM / DOMICILIO,0
Beni,80302,San Borja,2024,10,3. NACIDOS VIVOS CON PESO MENOR A 2500G SERV/DOM / DOMICILIO,2
La Paz,21502,San Buena Ventura,2024,10,3. NACIDOS VIVOS CON PESO MENOR A 2500G SERV/DOM / DOMICILIO,0
Beni,80501,San Ignacio,2024,10,3. NACIDOS VIVOS CON PESO MENOR A 2500G SERV/DOM / DOMICILIO,2
Santa Cruz,70301,San Ignacio De Velasco,2024,10,3. NACIDOS VIVOS CON PESO MENOR A 2500G SERV/DOM / DOMICILIO,0
Chuquisaca,10702,San Lucas,2024,10,3. NACIDOS VIVOS CON PESO MENOR A 2500G SERV/DOM / DOMICILIO,0
Santa Cruz,71201,San Matias,2024,10,3. NACIDOS VIVOS CON PESO MENOR A 2500G SERV/DOM / DOMICILIO,0
La Paz,21801,San Pedro De Curahuara,2024,10,3. NACIDOS VIVOS CON PESO MENOR A 2500G SERV/DOM / DOMICILIO,1
Santa Cruz,70101,Santa Cruz De La Sierra,2024,10,3. NACIDOS VIVOS CON PESO MENOR A 2500G SERV/DOM / DOMICILIO,1
La Paz,21901,Santiago De Machaca,2024,10,3. NACIDOS VIVOS CON PESO MENOR A 2500G SERV/DOM / DOMICILIO,1
Cochabamba,30702,Santivañes,2024,10,3. NACIDOS VIVOS CON PESO MENOR A 2500G SERV/DOM / DOMICILIO,0
Pando,90303,Sena,2024,10,3. NACIDOS VIVOS CON PESO MENOR A 2500G SERV/DOM / DOMICILIO,1
Cochabamba,31602,Shinaota,2024,10,3. NACIDOS VIVOS CON PESO MENOR A 2500G SERV/DOM / DOMICILIO,0
La Paz,20601,Sorata,2024,10,3. NACIDOS VIVOS CON PESO MENOR A 2500G SERV/DOM / DOMICILIO,0
Chuquisaca,10101,Sucre,2024,10,3. NACIDOS VIVOS CON PESO MENOR A 2500G SERV/DOM / DOMICILIO,0
Chuquisaca,10601,Tarabuco,2024,10,3. NACIDOS VIVOS CON PESO MENOR A 2500G SERV/DOM / DOMICILIO,1
Tarija,60101,Tarija,2024,10,3. NACIDOS VIVOS CON PESO MENOR A 2500G SERV/DOM / DOMICILIO,0
Cochabamba,30903,Tiquipaya,2024,10,3. NACIDOS VIVOS CON PESO MENOR A 2500G SERV/DOM / DOMICILIO,0
Cochabamba,30803,Tolata,2024,10,3. NACIDOS VIVOS CON PESO MENOR A 2500G SERV/DOM / DOMICILIO,2
Beni,80101,Trinidad,2024,10,3. NACIDOS VIVOS CON PESO MENOR A 2500G SERV/DOM / DOMICILIO,0
Potosí,50801,Tupiza,2024,10,3. NACIDOS VIVOS CON PESO MENOR A 2500G SERV/DOM / DOMICILIO,0
Potosí,50201,Uncia,2024,10,3. NACIDOS VIVOS CON PESO MENOR A 2500G SERV/DOM / DOMICILIO,0
Cochabamba,31003,Villa Tunari,2024,10,3. NACIDOS VIVOS CON PESO MENOR A 2500G SERV/DOM / DOMICILIO,0
Potosí,51501,Villazon,2024,10,3. NACIDOS VIVOS CON PESO MENOR A 2500G SERV/DOM / DOMICILIO,0
Cochabamba,30904,Vinto,2024,10,3. NACIDOS VIVOS CON PESO MENOR A 2500G SERV/DOM / DOMICILIO,0
Santa Cruz,70201,Warnes,2024,10,3. NACIDOS VIVOS CON PESO MENOR A 2500G SERV/DOM / DOMICILIO,0
Tarija,60301,Yacuiba,2024,10,3. NACIDOS VIVOS CON PESO MENOR A 2500G SERV/DOM / DOMICILIO,0
La Paz,20201,Achacachi,2024,11,3. NACIDOS VIVOS CON PESO MENOR A 2500G SERV/DOM / DOMICILIO,0
Potosí,51301,Arampampa,2024,11,3. NACIDOS VIVOS CON PESO MENOR A 2500G SERV/DOM / DOMICILIO,1
Santa Cruz,71501,Ascencion De Guarayos,2024,11,3. NACIDOS VIVOS CON PESO MENOR A 2500G SERV/DOM / DOMICILIO,0
La Paz,20503,Aucapata,2024,11,3. NACIDOS VIVOS CON PESO MENOR A 2500G SERV/DOM / DOMICILIO,0
Cochabamba,30301,Ayopaya (v. De Independencia),2024,11,3. NACIDOS VIVOS CON PESO MENOR A 2500G SERV/DOM / DOMICILIO,2
Oruro,41202,Belen De Andamarca,2024,11,3. NACIDOS VIVOS CON PESO MENOR A 2500G SERV/DOM / DOMICILIO,0
Tarija,60202,Bermejo,2024,11,3. NACIDOS VIVOS CON PESO MENOR A 2500G SERV/DOM / DOMICILIO,0
Potosí,50301,Betanzos,2024,11,3. NACIDOS VIVOS CON PESO MENOR A 2500G SERV/DOM / DOMICILIO,1
La Paz,22001,Caranavi,2024,11,3. NACIDOS VIVOS CON PESO MENOR A 2500G SERV/DOM / DOMICILIO,0
Tarija,60302,Carapari,2024,11,3. NACIDOS VIVOS CON PESO MENOR A 2500G SERV/DOM / DOMICILIO,0
Oruro,40201,Challapata,2024,11,3. NACIDOS VIVOS CON PESO MENOR A 2500G SERV/DOM / DOMICILIO,1
La Paz,20305,Charaña,2024,11,3. NACIDOS VIVOS CON PESO MENOR A 2500G SERV/DOM / DOMICILIO,0
Potosí,50204,Chuquihuta Ayllu Jucumani,2024,11,3. NACIDOS VIVOS CON PESO MENOR A 2500G SERV/DOM / DOMICILIO,0
Cochabamba,30801,Cliza,2024,11,3. NACIDOS VIVOS CON PESO MENOR A 2500G SERV/DOM / DOMICILIO,0
Pando,90101,Cobija,2024,11,3. NACIDOS VIVOS CON PESO MENOR A 2500G SERV/DOM / DOMICILIO,0
Cochabamba,30303,Cocapata,2024,11,3. NACIDOS VIVOS CON PESO MENOR A 2500G SERV/DOM / DOMICILIO,0
Cochabamba,30101,Cochabamba,2024,11,3. NACIDOS VIVOS CON PESO MENOR A 2500G SERV/DOM / DOMICILIO,0
Cochabamba,31002,Colomi,2024,11,3. NACIDOS VIVOS CON PESO MENOR A 2500G SERV/DOM / DOMICILIO,0
La Paz,21004,Colquiri,2024,11,3. NACIDOS VIVOS CON PESO MENOR A 2500G SERV/DOM / DOMICILIO,1
Santa Cruz,71101,Concepcion,2024,11,3. NACIDOS VIVOS CON PESO MENOR A 2500G SERV/DOM / DOMICILIO,0
La Paz,20301,Coro Coro,2024,11,3. NACIDOS VIVOS CON PESO MENOR A 2500G SERV/DOM / DOMICILIO,1
La Paz,21401,Coroico,2024,11,3. NACIDOS VIVOS CON PESO MENOR A 2500G SERV/DOM / DOMICILIO,0
Santa Cruz,70102,Cotoca,2024,11,3. NACIDOS VIVOS CON PESO MENOR A 2500G SERV/DOM / DOMICILIO,0
Santa Cruz,71106,Cuatro Cañadas,2024,11,3. NACIDOS VIVOS CON PESO MENOR A 2500G SERV/DOM / DOMICILIO,0
Chuquisaca,10902,Culpina,2024,11,3. NACIDOS VIVOS CON PESO MENOR A 2500G SERV/DOM / DOMICILIO,1
La Paz,20804,Desaguadero,2024,11,3. NACIDOS VIVOS CON PESO MENOR A 2500G SERV/DOM / DOMICILIO,1
La Paz,20105,El Alto,2024,11,3. NACIDOS VIVOS CON PESO MENOR A 2500G SERV/DOM / DOMICILIO,0
Tarija,60502,El Puente(tja),2024,11,3. NACIDOS VIVOS CON PESO MENOR A 2500G SERV/DOM / DOMICILIO,0
La Paz,20405,Escoma,2024,11,3. NACIDOS VIVOS CON PESO MENOR A 2500G SERV/DOM / DOMICILIO,2
Potosí,51204,Gaioc Jatun Ayllu Yura,2024,11,3. NACIDOS VIVOS CON PESO MENOR A 2500G SERV/DOM / DOMICILIO,0
La Paz,20802,Guaqui,2024,11,3. NACIDOS VIVOS CON PESO MENOR A 2500G SERV/DOM / DOMICILIO,1
Beni,80202,Guayaramerin,2024,11,3. NACIDOS VIVOS CON PESO MENOR A 2500G SERV/DOM / DOMICILIO,0
Oruro,40701,Huanuni,2024,11,3. NACIDOS VIVOS CON PESO MENOR A 2500G SERV/DOM / DOMICILIO,0
La Paz,21005,Ichoca,2024,11,3. NACIDOS VIVOS CON PESO MENOR A 2500G SERV/DOM / DOMICILIO,1
Chuquisaca,10703,Incahuasi,2024,11,3. NACIDOS VIVOS CON PESO MENOR A 2500G SERV/DOM / DOMICILIO,1
La Paz,21501,Ixiamas,2024,11,3. NACIDOS VIVOS CON PESO MENOR A 2500G SERV/DOM / DOMICILIO,0
La Paz,21105,La Asunta,2024,11,3. NACIDOS VIVOS CON PESO MENOR A 2500G SERV/DOM / DOMICILIO,0
La Paz,20101,La Paz,2024,11,3. NACIDOS VIVOS CON PESO MENOR A 2500G SERV/DOM / DOMICILIO,0
Potosí,50203,Llallagua,2024,11,3. NACIDOS VIVOS CON PESO MENOR A 2500G SERV/DOM / DOMICILIO,0
La Paz,20901,Luribay,2024,11,3. NACIDOS VIVOS CON PESO MENOR A 2500G SERV/DOM / DOMICILIO,0
La Paz,20607,Mapiri,2024,11,3. NACIDOS VIVOS CON PESO MENOR A 2500G SERV/DOM / DOMICILIO,0
Chuquisaca,10501,Monteagudo,2024,11,3. NACIDOS VIVOS CON PESO MENOR A 2500G SERV/DOM / DOMICILIO,0
Santa Cruz,71001,Montero,2024,11,3. NACIDOS VIVOS CON PESO MENOR A 2500G SERV/DOM / DOMICILIO,0
Oruro,40101,Oruro,2024,11,3. NACIDOS VIVOS CON PESO MENOR A 2500G SERV/DOM / DOMICILIO,0
La Paz,21104,Palos Blancos,2024,11,3. NACIDOS VIVOS CON PESO MENOR A 2500G SERV/DOM / DOMICILIO,0
Potosí,50101,Potosi,2024,11,3. NACIDOS VIVOS CON PESO MENOR A 2500G SERV/DOM / DOMICILIO,0
Beni,80703,Puerto Siles,2024,11,3. NACIDOS VIVOS CON PESO MENOR A 2500G SERV/DOM / DOMICILIO,0
Santa Cruz,71401,Puerto Suarez,2024,11,3. NACIDOS VIVOS CON PESO MENOR A 2500G SERV/DOM / DOMICILIO,0
Cochabamba,31205,Puerto Villarroel,2024,11,3. NACIDOS VIVOS CON PESO MENOR A 2500G SERV/DOM / DOMICILIO,0
Cochabamba,31401,Punata,2024,11,3. NACIDOS VIVOS CON PESO MENOR A 2500G SERV/DOM / DOMICILIO,0
Cochabamba,30901,Quillacollo,2024,11,3. NACIDOS VIVOS CON PESO MENOR A 2500G SERV/DOM / DOMICILIO,0
Beni,80301,Reyes,2024,11,3. NACIDOS VIVOS CON PESO MENOR A 2500G SERV/DOM / DOMICILIO,0
Beni,80201,Riberalta,2024,11,3. NACIDOS VIVOS CON PESO MENOR A 2500G SERV/DOM / DOMICILIO,0
Beni,80304,Rurrenabaque,2024,11,3. NACIDOS VIVOS CON PESO MENOR A 2500G SERV/DOM / DOMICILIO,0
Cochabamba,31001,Sacaba,2024,11,3. NACIDOS VIVOS CON PESO MENOR A 2500G SERV/DOM / DOMICILIO,0
Beni,80302,San Borja,2024,11,3. NACIDOS VIVOS CON PESO MENOR A 2500G SERV/DOM / DOMICILIO,0
Beni,80501,San Ignacio,2024,11,3. NACIDOS VIVOS CON PESO MENOR A 2500G SERV/DOM / DOMICILIO,0
Santa Cruz,70301,San Ignacio De Velasco,2024,11,3. NACIDOS VIVOS CON PESO MENOR A 2500G SERV/DOM / DOMICILIO,0
Santa Cruz,71102,San Javier(stc),2024,11,3. NACIDOS VIVOS CON PESO MENOR A 2500G SERV/DOM / DOMICILIO,0
Santa Cruz,70501,San Jose De Chiquitos,2024,11,3. NACIDOS VIVOS CON PESO MENOR A 2500G SERV/DOM / DOMICILIO,0
Chuquisaca,10702,San Lucas,2024,11,3. NACIDOS VIVOS CON PESO MENOR A 2500G SERV/DOM / DOMICILIO,0
Santa Cruz,71201,San Matias,2024,11,3. NACIDOS VIVOS CON PESO MENOR A 2500G SERV/DOM / DOMICILIO,0
Santa Cruz,71103,San Ramon Scz,2024,11,3. NACIDOS VIVOS CON PESO MENOR A 2500G SERV/DOM / DOMICILIO,0
Santa Cruz,70101,Santa Cruz De La Sierra,2024,11,3. NACIDOS VIVOS CON PESO MENOR A 2500G SERV/DOM / DOMICILIO,0
Beni,80303,Santa Rosa,2024,11,3. NACIDOS VIVOS CON PESO MENOR A 2500G SERV/DOM / DOMICILIO,1
La Paz,21301,Sica Sica (villa Aroma),2024,11,3. NACIDOS VIVOS CON PESO MENOR A 2500G SERV/DOM / DOMICILIO,1
Cochabamba,30703,Sicaya,2024,11,3. NACIDOS VIVOS CON PESO MENOR A 2500G SERV/DOM / DOMICILIO,1
La Paz,20601,Sorata,2024,11,3. NACIDOS VIVOS CON PESO MENOR A 2500G SERV/DOM / DOMICILIO,1
Chuquisaca,10101,Sucre,2024,11,3. NACIDOS VIVOS CON PESO MENOR A 2500G SERV/DOM / DOMICILIO,0
Cochabamba,31101,Tapacari,2024,11,3. NACIDOS VIVOS CON PESO MENOR A 2500G SERV/DOM / DOMICILIO,3
Chuquisaca,10601,Tarabuco,2024,11,3. NACIDOS VIVOS CON PESO MENOR A 2500G SERV/DOM / DOMICILIO,1
Tarija,60101,Tarija,2024,11,3. NACIDOS VIVOS CON PESO MENOR A 2500G SERV/DOM / DOMICILIO,0
Cochabamba,30903,Tiquipaya,2024,11,3. NACIDOS VIVOS CON PESO MENOR A 2500G SERV/DOM / DOMICILIO,0
Beni,80101,Trinidad,2024,11,3. NACIDOS VIVOS CON PESO MENOR A 2500G SERV/DOM / DOMICILIO,0
Potosí,50801,Tupiza,2024,11,3. NACIDOS VIVOS CON PESO MENOR A 2500G SERV/DOM / DOMICILIO,0
Santa Cruz,70801,Vallegrande,2024,11,3. NACIDOS VIVOS CON PESO MENOR A 2500G SERV/DOM / DOMICILIO,0
Cochabamba,31003,Villa Tunari,2024,11,3. NACIDOS VIVOS CON PESO MENOR A 2500G SERV/DOM / DOMICILIO,1
Potosí,51501,Villazon,2024,11,3. NACIDOS VIVOS CON PESO MENOR A 2500G SERV/DOM / DOMICILIO,0
Santa Cruz,70201,Warnes,2024,11,3. NACIDOS VIVOS CON PESO MENOR A 2500G SERV/DOM / DOMICILIO,0
Tarija,60301,Yacuiba,2024,11,3. NACIDOS VIVOS CON PESO MENOR A 2500G SERV/DOM / DOMICILIO,0
Cochabamba,30601,Arque,2024,12,3. NACIDOS VIVOS CON PESO MENOR A 2500G SERV/DOM / DOMICILIO,1
Santa Cruz,71501,Ascencion De Guarayos,2024,12,3. NACIDOS VIVOS CON PESO MENOR A 2500G SERV/DOM / DOMICILIO,0
Cochabamba,30301,Ayopaya (v. De Independencia),2024,12,3. NACIDOS VIVOS CON PESO MENOR A 2500G SERV/DOM / DOMICILIO,5
La Paz,20905,Cairoma,2024,12,3. NACIDOS VIVOS CON PESO MENOR A 2500G SERV/DOM / DOMICILIO,0
Chuquisaca,10701,Camargo,2024,12,3. NACIDOS VIVOS CON PESO MENOR A 2500G SERV/DOM / DOMICILIO,0
Oruro,40102,Caracollo,2024,12,3. NACIDOS VIVOS CON PESO MENOR A 2500G SERV/DOM / DOMICILIO,0
La Paz,22001,Caranavi,2024,12,3. NACIDOS VIVOS CON PESO MENOR A 2500G SERV/DOM / DOMICILIO,0
Tarija,60302,Carapari,2024,12,3. NACIDOS VIVOS CON PESO MENOR A 2500G SERV/DOM / DOMICILIO,1
La Paz,20203,Chua Cocani,2024,12,3. NACIDOS VIVOS CON PESO MENOR A 2500G SERV/DOM / DOMICILIO,1
Pando,90101,Cobija,2024,12,3. NACIDOS VIVOS CON PESO MENOR A 2500G SERV/DOM / DOMICILIO,0
Cochabamba,30303,Cocapata,2024,12,3. NACIDOS VIVOS CON PESO MENOR A 2500G SERV/DOM / DOMICILIO,1
Cochabamba,30101,Cochabamba,2024,12,3. NACIDOS VIVOS CON PESO MENOR A 2500G SERV/DOM / DOMICILIO,0
Potosí,50401,Colquechaca,2024,12,3. NACIDOS VIVOS CON PESO MENOR A 2500G SERV/DOM / DOMICILIO,0
La Paz,21004,Colquiri,2024,12,3. NACIDOS VIVOS CON PESO MENOR A 2500G SERV/DOM / DOMICILIO,1
Santa Cruz,71101,Concepcion,2024,12,3. NACIDOS VIVOS CON PESO MENOR A 2500G SERV/DOM / DOMICILIO,0
Santa Cruz,70102,Cotoca,2024,12,3. NACIDOS VIVOS CON PESO MENOR A 2500G SERV/DOM / DOMICILIO,0
Chuquisaca,10902,Culpina,2024,12,3. NACIDOS VIVOS CON PESO MENOR A 2500G SERV/DOM / DOMICILIO,0
La Paz,20804,Desaguadero,2024,12,3. NACIDOS VIVOS CON PESO MENOR A 2500G SERV/DOM / DOMICILIO,0
La Paz,20105,El Alto,2024,12,3. NACIDOS VIVOS CON PESO MENOR A 2500G SERV/DOM / DOMICILIO,1
Tarija,60601,Entre Rios Trj,2024,12,3. NACIDOS VIVOS CON PESO MENOR A 2500G SERV/DOM / DOMICILIO,1
La Paz,20405,Escoma,2024,12,3. NACIDOS VIVOS CON PESO MENOR A 2500G SERV/DOM / DOMICILIO,0
Potosí,51204,Gaioc Jatun Ayllu Yura,2024,12,3. NACIDOS VIVOS CON PESO MENOR A 2500G SERV/DOM / DOMICILIO,0
Beni,80202,Guayaramerin,2024,12,3. NACIDOS VIVOS CON PESO MENOR A 2500G SERV/DOM / DOMICILIO,0
Oruro,40701,Huanuni,2024,12,3. NACIDOS VIVOS CON PESO MENOR A 2500G SERV/DOM / DOMICILIO,0
La Paz,20101,La Paz,2024,12,3. NACIDOS VIVOS CON PESO MENOR A 2500G SERV/DOM / DOMICILIO,0
Potosí,50203,Llallagua,2024,12,3. NACIDOS VIVOS CON PESO MENOR A 2500G SERV/DOM / DOMICILIO,0
Santa Cruz,70903,Mairana,2024,12,3. NACIDOS VIVOS CON PESO MENOR A 2500G SERV/DOM / DOMICILIO,0
Oruro,40101,Oruro,2024,12,3. NACIDOS VIVOS CON PESO MENOR A 2500G SERV/DOM / DOMICILIO,0
Tarija,60201,Padcaya,2024,12,3. NACIDOS VIVOS CON PESO MENOR A 2500G SERV/DOM / DOMICILIO,0
Potosí,50403,Pocoata,2024,12,3. NACIDOS VIVOS CON PESO MENOR A 2500G SERV/DOM / DOMICILIO,0
Santa Cruz,70601,Portachuelo,2024,12,3. NACIDOS VIVOS CON PESO MENOR A 2500G SERV/DOM / DOMICILIO,0
Potosí,50101,Potosi,2024,12,3. NACIDOS VIVOS CON PESO MENOR A 2500G SERV/DOM / DOMICILIO,0
Chuquisaca,10302,Presto,2024,12,3. NACIDOS VIVOS CON PESO MENOR A 2500G SERV/DOM / DOMICILIO,2
Cochabamba,31205,Puerto Villarroel,2024,12,3. NACIDOS VIVOS CON PESO MENOR A 2500G SERV/DOM / DOMICILIO,0
Cochabamba,31401,Punata,2024,12,3. NACIDOS VIVOS CON PESO MENOR A 2500G SERV/DOM / DOMICILIO,0
Cochabamba,30901,Quillacollo,2024,12,3. NACIDOS VIVOS CON PESO MENOR A 2500G SERV/DOM / DOMICILIO,0
Beni,80301,Reyes,2024,12,3. NACIDOS VIVOS CON PESO MENOR A 2500G SERV/DOM / DOMICILIO,0
Beni,80201,Riberalta,2024,12,3. NACIDOS VIVOS CON PESO MENOR A 2500G SERV/DOM / DOMICILIO,0
Santa Cruz,70503,Robore,2024,12,3. NACIDOS VIVOS CON PESO MENOR A 2500G SERV/DOM / DOMICILIO,0
Beni,80304,Rurrenabaque,2024,12,3. NACIDOS VIVOS CON PESO MENOR A 2500G SERV/DOM / DOMICILIO,1
Cochabamba,31001,Sacaba,2024,12,3. NACIDOS VIVOS CON PESO MENOR A 2500G SERV/DOM / DOMICILIO,0
La Paz,20805,San Andres De Machaca,2024,12,3. NACIDOS VIVOS CON PESO MENOR A 2500G SERV/DOM / DOMICILIO,1
Santa Cruz,71105,San Antonio De Lomerio,2024,12,3. NACIDOS VIVOS CON PESO MENOR A 2500G SERV/DOM / DOMICILIO,0
Beni,80302,San Borja,2024,12,3. NACIDOS VIVOS CON PESO MENOR A 2500G SERV/DOM / DOMICILIO,0
La Paz,21502,San Buena Ventura,2024,12,3. NACIDOS VIVOS CON PESO MENOR A 2500G SERV/DOM / DOMICILIO,1
Beni,80501,San Ignacio,2024,12,3. NACIDOS VIVOS CON PESO MENOR A 2500G SERV/DOM / DOMICILIO,0
Santa Cruz,70301,San Ignacio De Velasco,2024,12,3. NACIDOS VIVOS CON PESO MENOR A 2500G SERV/DOM / DOMICILIO,0
Chuquisaca,10702,San Lucas,2024,12,3. NACIDOS VIVOS CON PESO MENOR A 2500G SERV/DOM / DOMICILIO,0
Santa Cruz,71201,San Matias,2024,12,3. NACIDOS VIVOS CON PESO MENOR A 2500G SERV/DOM / DOMICILIO,0
La Paz,21702,San Pedro De Tiquina,2024,12,3. NACIDOS VIVOS CON PESO MENOR A 2500G SERV/DOM / DOMICILIO,1
Beni,80401,Santa Ana,2024,12,3. NACIDOS VIVOS CON PESO MENOR A 2500G SERV/DOM / DOMICILIO,0
Santa Cruz,70101,Santa Cruz De La Sierra,2024,12,3. NACIDOS VIVOS CON PESO MENOR A 2500G SERV/DOM / DOMICILIO,0
La Paz,20205,Santiago De Huata,2024,12,3. NACIDOS VIVOS CON PESO MENOR A 2500G SERV/DOM / DOMICILIO,1
Cochabamba,31602,Shinaota,2024,12,3. NACIDOS VIVOS CON PESO MENOR A 2500G SERV/DOM / DOMICILIO,0
La Paz,20601,Sorata,2024,12,3. NACIDOS VIVOS CON PESO MENOR A 2500G SERV/DOM / DOMICILIO,0
Chuquisaca,10101,Sucre,2024,12,3. NACIDOS VIVOS CON PESO MENOR A 2500G SERV/DOM / DOMICILIO,0
Tarija,60101,Tarija,2024,12,3. NACIDOS VIVOS CON PESO MENOR A 2500G SERV/DOM / DOMICILIO,0
Cochabamba,31601,Tiraque (cbba),2024,12,3. NACIDOS VIVOS CON PESO MENOR A 2500G SERV/DOM / DOMICILIO,0
Santa Cruz,70802,Trigal,2024,12,3. NACIDOS VIVOS CON PESO MENOR A 2500G SERV/DOM / DOMICILIO,0
Beni,80101,Trinidad,2024,12,3. NACIDOS VIVOS CON PESO MENOR A 2500G SERV/DOM / DOMICILIO,0
Potosí,50801,Tupiza,2024,12,3. NACIDOS VIVOS CON PESO MENOR A 2500G SERV/DOM / DOMICILIO,1
Potosí,51201,Uyuni,2024,12,3. NACIDOS VIVOS CON PESO MENOR A 2500G SERV/DOM / DOMICILIO,0
Santa Cruz,70801,Vallegrande,2024,12,3. NACIDOS VIVOS CON PESO MENOR A 2500G SERV/DOM / DOMICILIO,0
La Paz,20801,Viacha,2024,12,3. NACIDOS VIVOS CON PESO MENOR A 2500G SERV/DOM / DOMICILIO,0
Tarija,60303,Villa Montes,2024,12,3. NACIDOS VIVOS CON PESO MENOR A 2500G SERV/DOM / DOMICILIO,0
Cochabamba,31003,Villa Tunari,2024,12,3. NACIDOS VIVOS CON PESO MENOR A 2500G SERV/DOM / DOMICILIO,0
Potosí,51501,Villazon,2024,12,3. NACIDOS VIVOS CON PESO MENOR A 2500G SERV/DOM / DOMICILIO,0
Cochabamba,30904,Vinto,2024,12,3. NACIDOS VIVOS CON PESO MENOR A 2500G SERV/DOM / DOMICILIO,0
Santa Cruz,70201,Warnes,2024,12,3. NACIDOS VIVOS CON PESO MENOR A 2500G SERV/DOM / DOMICILIO,0
Tarija,60301,Yacuiba,2024,12,3. NACIDOS VIVOS CON PESO MENOR A 2500G SERV/DOM / DOMICILIO,0
Santa Cruz,70403,Yapacani,2024,12,3. NACIDOS VIVOS CON PESO MENOR A 2500G SERV/DOM / DOMICILIO,0
Cochabamba,30201,Aiquile,2024,1,TOTALES / TOTAL SERVICIO,0
Tarija,60202,Bermejo,2024,1,TOTALES / TOTAL SERVICIO,1
Santa Cruz,70703,Cabezas,2024,1,TOTALES / TOTAL SERVICIO,1
La Paz,20303,Calacoto,2024,1,TOTALES / TOTAL SERVICIO,0
Chuquisaca,10701,Camargo,2024,1,TOTALES / TOTAL SERVICIO,1
Santa Cruz,70706,Camiri,2024,1,TOTALES / TOTAL SERVICIO,1
Cochabamba,30701,Capinota,2024,1,TOTALES / TOTAL SERVICIO,2
La Paz,22001,Caranavi,2024,1,TOTALES / TOTAL SERVICIO,1
Oruro,40201,Challapata,2024,1,TOTALES / TOTAL SERVICIO,2
Santa Cruz,70702,Charagua,2024,1,TOTALES / TOTAL SERVICIO,2
Pando,90101,Cobija,2024,1,TOTALES / TOTAL SERVICIO,7
Cochabamba,30101,Cochabamba,2024,1,TOTALES / TOTAL SERVICIO,76
Cochabamba,30905,Colcapirhua,2024,1,TOTALES / TOTAL SERVICIO,2
Potosí,50901,"Colcha ""k""",2024,1,TOTALES / TOTAL SERVICIO,0
Santa Cruz,71301,Comarapa,2024,1,TOTALES / TOTAL SERVICIO,1
La Paz,21402,Coripata,2024,1,TOTALES / TOTAL SERVICIO,1
La Paz,20804,Desaguadero,2024,1,TOTALES / TOTAL SERVICIO,0
La Paz,20105,El Alto,2024,1,TOTALES / TOTAL SERVICIO,78
Santa Cruz,70105,El Torno,2024,1,TOTALES / TOTAL SERVICIO,1
Cochabamba,31206,Entre Rios Cbba,2024,1,TOTALES / TOTAL SERVICIO,2
Beni,80202,Guayaramerin,2024,1,TOTALES / TOTAL SERVICIO,4
La Paz,21102,Irupana (villa De Lanza),2024,1,TOTALES / TOTAL SERVICIO,0
La Paz,21105,La Asunta,2024,1,TOTALES / TOTAL SERVICIO,1
La Paz,20101,La Paz,2024,1,TOTALES / TOTAL SERVICIO,141
Potosí,50203,Llallagua,2024,1,TOTALES / TOTAL SERVICIO,3
Beni,80801,Magdalena,2024,1,TOTALES / TOTAL SERVICIO,1
Cochabamba,31301,Mizque,2024,1,TOTALES / TOTAL SERVICIO,12
Chuquisaca,10501,Monteagudo,2024,1,TOTALES / TOTAL SERVICIO,1
Santa Cruz,71001,Montero,2024,1,TOTALES / TOTAL SERVICIO,3
Potosí,50404,Ocuri,2024,1,TOTALES / TOTAL SERVICIO,1
Oruro,40101,Oruro,2024,1,TOTALES / TOTAL SERVICIO,45
La Paz,21104,Palos Blancos,2024,1,TOTALES / TOTAL SERVICIO,0
La Paz,21305,Patacamaya,2024,1,TOTALES / TOTAL SERVICIO,2
Potosí,51203,Porco,2024,1,TOTALES / TOTAL SERVICIO,1
Santa Cruz,70601,Portachuelo,2024,1,TOTALES / TOTAL SERVICIO,1
Potosí,50101,Potosi,2024,1,TOTALES / TOTAL SERVICIO,40
Chuquisaca,10302,Presto,2024,1,TOTALES / TOTAL SERVICIO,0
Santa Cruz,71402,Puerto Quijarro,2024,1,TOTALES / TOTAL SERVICIO,3
Cochabamba,31205,Puerto Villarroel,2024,1,TOTALES / TOTAL SERVICIO,6
Cochabamba,31401,Punata,2024,1,TOTALES / TOTAL SERVICIO,1
Cochabamba,30901,Quillacollo,2024,1,TOTALES / TOTAL SERVICIO,2
Beni,80201,Riberalta,2024,1,TOTALES / TOTAL SERVICIO,24
Santa Cruz,70503,Robore,2024,1,TOTALES / TOTAL SERVICIO,1
Cochabamba,31001,Sacaba,2024,1,TOTALES / TOTAL SERVICIO,1
Santa Cruz,70901,Samaipata,2024,1,TOTALES / TOTAL SERVICIO,1
Santa Cruz,71105,San Antonio De Lomerio,2024,1,TOTALES / TOTAL SERVICIO,0
Beni,80302,San Borja,2024,1,TOTALES / TOTAL SERVICIO,3
La Paz,21502,San Buena Ventura,2024,1,TOTALES / TOTAL SERVICIO,4
Santa Cruz,70402,San Carlos,2024,1,TOTALES / TOTAL SERVICIO,1
Beni,80501,San Ignacio,2024,1,TOTALES / TOTAL SERVICIO,1
Santa Cruz,70301,San Ignacio De Velasco,2024,1,TOTALES / TOTAL SERVICIO,6
Santa Cruz,71102,San Javier(stc),2024,1,TOTALES / TOTAL SERVICIO,1
Santa Cruz,70501,San Jose De Chiquitos,2024,1,TOTALES / TOTAL SERVICIO,1
Chuquisaca,10702,San Lucas,2024,1,TOTALES / TOTAL SERVICIO,3
Santa Cruz,70302,San Miguel De Velasco,2024,1,TOTALES / TOTAL SERVICIO,0
Santa Cruz,71005,San Pedro,2024,1,TOTALES / TOTAL SERVICIO,2
Beni,80401,Santa Ana,2024,1,TOTALES / TOTAL SERVICIO,2
Santa Cruz,70101,Santa Cruz De La Sierra,2024,1,TOTALES / TOTAL SERVICIO,78
Cochabamba,31602,Shinaota,2024,1,TOTALES / TOTAL SERVICIO,1
La Paz,20601,Sorata,2024,1,TOTALES / TOTAL SERVICIO,0
Chuquisaca,10101,Sucre,2024,1,TOTALES / TOTAL SERVICIO,37
Chuquisaca,10601,Tarabuco,2024,1,TOTALES / TOTAL SERVICIO,2
La Paz,20807,Taraco,2024,1,TOTALES / TOTAL SERVICIO,0
Tarija,60101,Tarija,2024,1,TOTALES / TOTAL SERVICIO,8
Potosí,50102,Tinguipaya,2024,1,TOTALES / TOTAL SERVICIO,0
Cochabamba,30903,Tiquipaya,2024,1,TOTALES / TOTAL SERVICIO,3
Potosí,50502,Toro Toro,2024,1,TOTALES / TOTAL SERVICIO,1
Beni,80101,Trinidad,2024,1,TOTALES / TOTAL SERVICIO,28
Potosí,50801,Tupiza,2024,1,TOTALES / TOTAL SERVICIO,1
Potosí,50201,Uncia,2024,1,TOTALES / TOTAL SERVICIO,1
Santa Cruz,70801,Vallegrande,2024,1,TOTALES / TOTAL SERVICIO,4
La Paz,20801,Viacha,2024,1,TOTALES / TOTAL SERVICIO,3
Tarija,60303,Villa Montes,2024,1,TOTALES / TOTAL SERVICIO,1
Cochabamba,31003,Villa Tunari,2024,1,TOTALES / TOTAL SERVICIO,9
Potosí,51501,Villazon,2024,1,TOTALES / TOTAL SERVICIO,1
Cochabamba,30904,Vinto,2024,1,TOTALES / TOTAL SERVICIO,1
Tarija,60301,Yacuiba,2024,1,TOTALES / TOTAL SERVICIO,6
Santa Cruz,70403,Yapacani,2024,1,TOTALES / TOTAL SERVICIO,1
La Paz,20201,Achacachi,2024,2,TOTALES / TOTAL SERVICIO,2
Cochabamba,31303,Alalay,2024,2,TOTALES / TOTAL SERVICIO,0
Potosí,51301,Arampampa,2024,2,TOTALES / TOTAL SERVICIO,0
Santa Cruz,71501,Ascencion De Guarayos,2024,2,TOTALES / TOTAL SERVICIO,3
Cochabamba,30301,Ayopaya (v. De Independencia),2024,2,TOTALES / TOTAL SERVICIO,1
La Paz,21203,Batallas,2024,2,TOTALES / TOTAL SERVICIO,1
Tarija,60202,Bermejo,2024,2,TOTALES / TOTAL SERVICIO,1
Chuquisaca,10701,Camargo,2024,2,TOTALES / TOTAL SERVICIO,1
Oruro,40102,Caracollo,2024,2,TOTALES / TOTAL SERVICIO,2
La Paz,22001,Caranavi,2024,2,TOTALES / TOTAL SERVICIO,2
Tarija,60302,Carapari,2024,2,TOTALES / TOTAL SERVICIO,1
Santa Cruz,71403,Carmen Rivero Torrez,2024,2,TOTALES / TOTAL SERVICIO,1
Oruro,40201,Challapata,2024,2,TOTALES / TOTAL SERVICIO,2
La Paz,20203,Chua Cocani,2024,2,TOTALES / TOTAL SERVICIO,1
Pando,90101,Cobija,2024,2,TOTALES / TOTAL SERVICIO,2
Cochabamba,30101,Cochabamba,2024,2,TOTALES / TOTAL SERVICIO,90
Potosí,50401,Colquechaca,2024,2,TOTALES / TOTAL SERVICIO,0
Santa Cruz,71101,Concepcion,2024,2,TOTALES / TOTAL SERVICIO,1
La Paz,20301,Coro Coro,2024,2,TOTALES / TOTAL SERVICIO,1
La Paz,21401,Coroico,2024,2,TOTALES / TOTAL SERVICIO,1
Oruro,40301,Corque,2024,2,TOTALES / TOTAL SERVICIO,0
Chuquisaca,10902,Culpina,2024,2,TOTALES / TOTAL SERVICIO,1
La Paz,20105,El Alto,2024,2,TOTALES / TOTAL SERVICIO,79
Santa Cruz,70105,El Torno,2024,2,TOTALES / TOTAL SERVICIO,1
Cochabamba,31206,Entre Rios Cbba,2024,2,TOTALES / TOTAL SERVICIO,2
Santa Cruz,71004,Fernandez Alonso,2024,2,TOTALES / TOTAL SERVICIO,1
Beni,80202,Guayaramerin,2024,2,TOTALES / TOTAL SERVICIO,5
Oruro,40701,Huanuni,2024,2,TOTALES / TOTAL SERVICIO,2
La Paz,20204,Huarina,2024,2,TOTALES / TOTAL SERVICIO,1
Chuquisaca,10703,Incahuasi,2024,2,TOTALES / TOTAL SERVICIO,0
La Paz,21105,La Asunta,2024,2,TOTALES / TOTAL SERVICIO,2
Santa Cruz,70104,La Guardia,2024,2,TOTALES / TOTAL SERVICIO,2
La Paz,20101,La Paz,2024,2,TOTALES / TOTAL SERVICIO,127
Potosí,50203,Llallagua,2024,2,TOTALES / TOTAL SERVICIO,4
Beni,80601,Loreto,2024,2,TOTALES / TOTAL SERVICIO,0
Santa Cruz,71003,Mineros,2024,2,TOTALES / TOTAL SERVICIO,1
Santa Cruz,71001,Montero,2024,2,TOTALES / TOTAL SERVICIO,8
Potosí,50404,Ocuri,2024,2,TOTALES / TOTAL SERVICIO,1
Oruro,40101,Oruro,2024,2,TOTALES / TOTAL SERVICIO,33
La Paz,21104,Palos Blancos,2024,2,TOTALES / TOTAL SERVICIO,1
La Paz,21305,Patacamaya,2024,2,TOTALES / TOTAL SERVICIO,1
Santa Cruz,70804,Postrer Valle,2024,2,TOTALES / TOTAL SERVICIO,1
Potosí,50101,Potosi,2024,2,TOTALES / TOTAL SERVICIO,34
Pando,90301,Puerto Gonzalo Moreno,2024,2,TOTALES / TOTAL SERVICIO,1
Cochabamba,31205,Puerto Villarroel,2024,2,TOTALES / TOTAL SERVICIO,3
Cochabamba,31401,Punata,2024,2,TOTALES / TOTAL SERVICIO,2
Cochabamba,30901,Quillacollo,2024,2,TOTALES / TOTAL SERVICIO,3
Potosí,50402,Ravelo,2024,2,TOTALES / TOTAL SERVICIO,1
Beni,80201,Riberalta,2024,2,TOTALES / TOTAL SERVICIO,16
Santa Cruz,70503,Robore,2024,2,TOTALES / TOTAL SERVICIO,2
Cochabamba,31001,Sacaba,2024,2,TOTALES / TOTAL SERVICIO,6
Beni,80602,San Andres,2024,2,TOTALES / TOTAL SERVICIO,1
Santa Cruz,71105,San Antonio De Lomerio,2024,2,TOTALES / TOTAL SERVICIO,2
Beni,80302,San Borja,2024,2,TOTALES / TOTAL SERVICIO,2
La Paz,21502,San Buena Ventura,2024,2,TOTALES / TOTAL SERVICIO,1
Santa Cruz,70402,San Carlos,2024,2,TOTALES / TOTAL SERVICIO,2
Beni,80501,San Ignacio,2024,2,TOTALES / TOTAL SERVICIO,1
Santa Cruz,70301,San Ignacio De Velasco,2024,2,TOTALES / TOTAL SERVICIO,3
Santa Cruz,71102,San Javier(stc),2024,2,TOTALES / TOTAL SERVICIO,1
Chuquisaca,10702,San Lucas,2024,2,TOTALES / TOTAL SERVICIO,1
Santa Cruz,70302,San Miguel De Velasco,2024,2,TOTALES / TOTAL SERVICIO,1
Beni,80401,Santa Ana,2024,2,TOTALES / TOTAL SERVICIO,2
Santa Cruz,70101,Santa Cruz De La Sierra,2024,2,TOTALES / TOTAL SERVICIO,309
La Paz,20308,Santiago De Callapa,2024,2,TOTALES / TOTAL SERVICIO,0
Chuquisaca,10101,Sucre,2024,2,TOTALES / TOTAL SERVICIO,29
Tarija,60101,Tarija,2024,2,TOTALES / TOTAL SERVICIO,13
Chuquisaca,10202,Tarvita,2024,2,TOTALES / TOTAL SERVICIO,2
Cochabamba,30903,Tiquipaya,2024,2,TOTALES / TOTAL SERVICIO,5
Beni,80101,Trinidad,2024,2,TOTALES / TOTAL SERVICIO,20
Potosí,50801,Tupiza,2024,2,TOTALES / TOTAL SERVICIO,4
Potosí,50201,Uncia,2024,2,TOTALES / TOTAL SERVICIO,0
Potosí,51201,Uyuni,2024,2,TOTALES / TOTAL SERVICIO,1
La Paz,20801,Viacha,2024,2,TOTALES / TOTAL SERVICIO,7
Chuquisaca,10704,Villa Charcas,2024,2,TOTALES / TOTAL SERVICIO,1
Tarija,60303,Villa Montes,2024,2,TOTALES / TOTAL SERVICIO,2
Cochabamba,31003,Villa Tunari,2024,2,TOTALES / TOTAL SERVICIO,8
Chuquisaca,11001,Villa Vaca Guzman (muyupampa),2024,2,TOTALES / TOTAL SERVICIO,0
Potosí,51501,Villazon,2024,2,TOTALES / TOTAL SERVICIO,2
Cochabamba,30904,Vinto,2024,2,TOTALES / TOTAL SERVICIO,1
Santa Cruz,70201,Warnes,2024,2,TOTALES / TOTAL SERVICIO,2
Tarija,60301,Yacuiba,2024,2,TOTALES / TOTAL SERVICIO,4
Santa Cruz,70403,Yapacani,2024,2,TOTALES / TOTAL SERVICIO,2
La Paz,20201,Achacachi,2024,3,TOTALES / TOTAL SERVICIO,1
La Paz,20104,Achocalla,2024,3,TOTALES / TOTAL SERVICIO,0
Cochabamba,30201,Aiquile,2024,3,TOTALES / TOTAL SERVICIO,1
Cochabamba,30403,Arbieto,2024,3,TOTALES / TOTAL SERVICIO,1
Cochabamba,30601,Arque,2024,3,TOTALES / TOTAL SERVICIO,0
Santa Cruz,71501,Ascencion De Guarayos,2024,3,TOTALES / TOTAL SERVICIO,0
Potosí,50802,Atocha,2024,3,TOTALES / TOTAL SERVICIO,1
La Paz,21303,Ayo Ayo,2024,3,TOTALES / TOTAL SERVICIO,0
Chuquisaca,10201,Azurduy,2024,3,TOTALES / TOTAL SERVICIO,1
La Paz,21203,Batallas,2024,3,TOTALES / TOTAL SERVICIO,6
Tarija,60202,Bermejo,2024,3,TOTALES / TOTAL SERVICIO,2
Pando,90103,Bolpebra,2024,3,TOTALES / TOTAL SERVICIO,0
La Paz,20303,Calacoto,2024,3,TOTALES / TOTAL SERVICIO,0
Chuquisaca,10701,Camargo,2024,3,TOTALES / TOTAL SERVICIO,3
Chuquisaca,10901,Camataqui (c. Villa Abecia),2024,3,TOTALES / TOTAL SERVICIO,1
Santa Cruz,70706,Camiri,2024,3,TOTALES / TOTAL SERVICIO,1
Oruro,40102,Caracollo,2024,3,TOTALES / TOTAL SERVICIO,1
La Paz,22001,Caranavi,2024,3,TOTALES / TOTAL SERVICIO,2
Oruro,40201,Challapata,2024,3,TOTALES / TOTAL SERVICIO,1
Cochabamba,31204,Chimore,2024,3,TOTALES / TOTAL SERVICIO,1
La Paz,20203,Chua Cocani,2024,3,TOTALES / TOTAL SERVICIO,1
La Paz,21101,Chulumani (v. De La Libertad),2024,3,TOTALES / TOTAL SERVICIO,6
Pando,90101,Cobija,2024,3,TOTALES / TOTAL SERVICIO,3
Cochabamba,30101,Cochabamba,2024,3,TOTALES / TOTAL SERVICIO,82
Cochabamba,30905,Colcapirhua,2024,3,TOTALES / TOTAL SERVICIO,1
Cochabamba,31002,Colomi,2024,3,TOTALES / TOTAL SERVICIO,2
Santa Cruz,71101,Concepcion,2024,3,TOTALES / TOTAL SERVICIO,0
La Paz,21402,Coripata,2024,3,TOTALES / TOTAL SERVICIO,1
La Paz,21401,Coroico,2024,3,TOTALES / TOTAL SERVICIO,1
Potosí,50601,Cotagaita,2024,3,TOTALES / TOTAL SERVICIO,1
Santa Cruz,70102,Cotoca,2024,3,TOTALES / TOTAL SERVICIO,0
Santa Cruz,71106,Cuatro Cañadas,2024,3,TOTALES / TOTAL SERVICIO,3
La Paz,20105,El Alto,2024,3,TOTALES / TOTAL SERVICIO,70
La Paz,20405,Escoma,2024,3,TOTALES / TOTAL SERVICIO,0
Beni,80202,Guayaramerin,2024,3,TOTALES / TOTAL SERVICIO,5
Santa Cruz,70705,Gutierrez,2024,3,TOTALES / TOTAL SERVICIO,1
Oruro,40701,Huanuni,2024,3,TOTALES / TOTAL SERVICIO,2
Oruro,41601,Huayllamarca,2024,3,TOTALES / TOTAL SERVICIO,0
Santa Cruz,70104,La Guardia,2024,3,TOTALES / TOTAL SERVICIO,1
La Paz,20101,La Paz,2024,3,TOTALES / TOTAL SERVICIO,111
Oruro,41501,La Rivera,2024,3,TOTALES / TOTAL SERVICIO,1
Potosí,50203,Llallagua,2024,3,TOTALES / TOTAL SERVICIO,1
Beni,80601,Loreto,2024,3,TOTALES / TOTAL SERVICIO,0
Beni,80801,Magdalena,2024,3,TOTALES / TOTAL SERVICIO,1
Santa Cruz,70903,Mairana,2024,3,TOTALES / TOTAL SERVICIO,1
La Paz,20402,Mocomoco,2024,3,TOTALES / TOTAL SERVICIO,0
Chuquisaca,10501,Monteagudo,2024,3,TOTALES / TOTAL SERVICIO,1
Santa Cruz,71001,Montero,2024,3,TOTALES / TOTAL SERVICIO,3
Cochabamba,30302,Morochata,2024,3,TOTALES / TOTAL SERVICIO,0
Oruro,40101,Oruro,2024,3,TOTALES / TOTAL SERVICIO,51
Chuquisaca,10401,Padilla,2024,3,TOTALES / TOTAL SERVICIO,1
Santa Cruz,70502,Pailon,2024,3,TOTALES / TOTAL SERVICIO,2
La Paz,21104,Palos Blancos,2024,3,TOTALES / TOTAL SERVICIO,0
La Paz,21305,Patacamaya,2024,3,TOTALES / TOTAL SERVICIO,1
Oruro,40602,Pazña,2024,3,TOTALES / TOTAL SERVICIO,1
Cochabamba,31203,Pocona,2024,3,TOTALES / TOTAL SERVICIO,1
Potosí,50101,Potosi,2024,3,TOTALES / TOTAL SERVICIO,40
Santa Cruz,71401,Puerto Suarez,2024,3,TOTALES / TOTAL SERVICIO,1
Cochabamba,31205,Puerto Villarroel,2024,3,TOTALES / TOTAL SERVICIO,5
Cochabamba,30901,Quillacollo,2024,3,TOTALES / TOTAL SERVICIO,3
Beni,80201,Riberalta,2024,3,TOTALES / TOTAL SERVICIO,10
Beni,80304,Rurrenabaque,2024,3,TOTALES / TOTAL SERVICIO,1
Cochabamba,31001,Sacaba,2024,3,TOTALES / TOTAL SERVICIO,6
Potosí,50701,Sacaca,2024,3,TOTALES / TOTAL SERVICIO,2
Santa Cruz,71105,San Antonio De Lomerio,2024,3,TOTALES / TOTAL SERVICIO,1
Beni,80302,San Borja,2024,3,TOTALES / TOTAL SERVICIO,2
Santa Cruz,70301,San Ignacio De Velasco,2024,3,TOTALES / TOTAL SERVICIO,4
Santa Cruz,71102,San Javier(stc),2024,3,TOTALES / TOTAL SERVICIO,1
Chuquisaca,10702,San Lucas,2024,3,TOTALES / TOTAL SERVICIO,1
Santa Cruz,70101,Santa Cruz De La Sierra,2024,3,TOTALES / TOTAL SERVICIO,98
Cochabamba,31602,Shinaota,2024,3,TOTALES / TOTAL SERVICIO,1
La Paz,20601,Sorata,2024,3,TOTALES / TOTAL SERVICIO,0
Chuquisaca,10101,Sucre,2024,3,TOTALES / TOTAL SERVICIO,27
Cochabamba,31101,Tapacari,2024,3,TOTALES / TOTAL SERVICIO,0
Chuquisaca,10601,Tarabuco,2024,3,TOTALES / TOTAL SERVICIO,1
Cochabamba,30401,Tarata,2024,3,TOTALES / TOTAL SERVICIO,3
Tarija,60101,Tarija,2024,3,TOTALES / TOTAL SERVICIO,19
Potosí,50102,Tinguipaya,2024,3,TOTALES / TOTAL SERVICIO,0
Cochabamba,30903,Tiquipaya,2024,3,TOTALES / TOTAL SERVICIO,1
Potosí,50502,Toro Toro,2024,3,TOTALES / TOTAL SERVICIO,0
Beni,80101,Trinidad,2024,3,TOTALES / TOTAL SERVICIO,14
Potosí,50801,Tupiza,2024,3,TOTALES / TOTAL SERVICIO,3
La Paz,20801,Viacha,2024,3,TOTALES / TOTAL SERVICIO,1
Tarija,60303,Villa Montes,2024,3,TOTALES / TOTAL SERVICIO,2
Cochabamba,31003,Villa Tunari,2024,3,TOTALES / TOTAL SERVICIO,8
Potosí,51501,Villazon,2024,3,TOTALES / TOTAL SERVICIO,6
Tarija,60301,Yacuiba,2024,3,TOTALES / TOTAL SERVICIO,3
Chuquisaca,10602,Yamparaez,2024,3,TOTALES / TOTAL SERVICIO,1
La Paz,20201,Achacachi,2024,4,TOTALES / TOTAL SERVICIO,2
Potosí,51301,Arampampa,2024,4,TOTALES / TOTAL SERVICIO,1
La Paz,20503,Aucapata,2024,4,TOTALES / TOTAL SERVICIO,0
La Paz,21203,Batallas,2024,4,TOTALES / TOTAL SERVICIO,0
Tarija,60202,Bermejo,2024,4,TOTALES / TOTAL SERVICIO,1
La Paz,21003,Cajuata,2024,4,TOTALES / TOTAL SERVICIO,1
Oruro,40102,Caracollo,2024,4,TOTALES / TOTAL SERVICIO,0
La Paz,22001,Caranavi,2024,4,TOTALES / TOTAL SERVICIO,0
Oruro,40201,Challapata,2024,4,TOTALES / TOTAL SERVICIO,2
La Paz,21101,Chulumani (v. De La Libertad),2024,4,TOTALES / TOTAL SERVICIO,3
Pando,90101,Cobija,2024,4,TOTALES / TOTAL SERVICIO,9
Cochabamba,30101,Cochabamba,2024,4,TOTALES / TOTAL SERVICIO,91
Cochabamba,30905,Colcapirhua,2024,4,TOTALES / TOTAL SERVICIO,1
Santa Cruz,71101,Concepcion,2024,4,TOTALES / TOTAL SERVICIO,0
La Paz,21402,Coripata,2024,4,TOTALES / TOTAL SERVICIO,1
La Paz,20301,Coro Coro,2024,4,TOTALES / TOTAL SERVICIO,0
Chuquisaca,10902,Culpina,2024,4,TOTALES / TOTAL SERVICIO,2
La Paz,20105,El Alto,2024,4,TOTALES / TOTAL SERVICIO,91
Tarija,60601,Entre Rios Trj,2024,4,TOTALES / TOTAL SERVICIO,1
La Paz,20802,Guaqui,2024,4,TOTALES / TOTAL SERVICIO,0
Beni,80202,Guayaramerin,2024,4,TOTALES / TOTAL SERVICIO,12
Oruro,40701,Huanuni,2024,4,TOTALES / TOTAL SERVICIO,4
La Paz,21001,Inquisivi,2024,4,TOTALES / TOTAL SERVICIO,1
La Paz,21501,Ixiamas,2024,4,TOTALES / TOTAL SERVICIO,1
La Paz,21105,La Asunta,2024,4,TOTALES / TOTAL SERVICIO,1
Santa Cruz,70104,La Guardia,2024,4,TOTALES / TOTAL SERVICIO,1
La Paz,20101,La Paz,2024,4,TOTALES / TOTAL SERVICIO,117
Potosí,50203,Llallagua,2024,4,TOTALES / TOTAL SERVICIO,5
Beni,80801,Magdalena,2024,4,TOTALES / TOTAL SERVICIO,0
Santa Cruz,71003,Mineros,2024,4,TOTALES / TOTAL SERVICIO,1
Chuquisaca,10501,Monteagudo,2024,4,TOTALES / TOTAL SERVICIO,1
Santa Cruz,71001,Montero,2024,4,TOTALES / TOTAL SERVICIO,49
Potosí,50404,Ocuri,2024,4,TOTALES / TOTAL SERVICIO,1
Oruro,40101,Oruro,2024,4,TOTALES / TOTAL SERVICIO,72
Tarija,60201,Padcaya,2024,4,TOTALES / TOTAL SERVICIO,0
Chuquisaca,10401,Padilla,2024,4,TOTALES / TOTAL SERVICIO,1
La Paz,21305,Patacamaya,2024,4,TOTALES / TOTAL SERVICIO,1
Potosí,51203,Porco,2024,4,TOTALES / TOTAL SERVICIO,1
Potosí,50101,Potosi,2024,4,TOTALES / TOTAL SERVICIO,37
La Paz,21201,Pucarani,2024,4,TOTALES / TOTAL SERVICIO,1
Pando,90301,Puerto Gonzalo Moreno,2024,4,TOTALES / TOTAL SERVICIO,1
Pando,90201,Puerto Rico,2024,4,TOTALES / TOTAL SERVICIO,0
Beni,80703,Puerto Siles,2024,4,TOTALES / TOTAL SERVICIO,1
Cochabamba,31205,Puerto Villarroel,2024,4,TOTALES / TOTAL SERVICIO,2
Cochabamba,31401,Punata,2024,4,TOTALES / TOTAL SERVICIO,1
Cochabamba,30901,Quillacollo,2024,4,TOTALES / TOTAL SERVICIO,2
Potosí,50402,Ravelo,2024,4,TOTALES / TOTAL SERVICIO,1
Beni,80301,Reyes,2024,4,TOTALES / TOTAL SERVICIO,1
Beni,80201,Riberalta,2024,4,TOTALES / TOTAL SERVICIO,9
Beni,80304,Rurrenabaque,2024,4,TOTALES / TOTAL SERVICIO,1
Potosí,50701,Sacaca,2024,4,TOTALES / TOTAL SERVICIO,1
Beni,80602,San Andres,2024,4,TOTALES / TOTAL SERVICIO,0
Beni,80302,San Borja,2024,4,TOTALES / TOTAL SERVICIO,3
Beni,80501,San Ignacio,2024,4,TOTALES / TOTAL SERVICIO,1
Santa Cruz,70301,San Ignacio De Velasco,2024,4,TOTALES / TOTAL SERVICIO,9
Santa Cruz,71102,San Javier(stc),2024,4,TOTALES / TOTAL SERVICIO,1
Chuquisaca,10702,San Lucas,2024,4,TOTALES / TOTAL SERVICIO,1
Santa Cruz,71201,San Matias,2024,4,TOTALES / TOTAL SERVICIO,0
Santa Cruz,70303,San Rafael,2024,4,TOTALES / TOTAL SERVICIO,1
Santa Cruz,70101,Santa Cruz De La Sierra,2024,4,TOTALES / TOTAL SERVICIO,75
La Paz,20308,Santiago De Callapa,2024,4,TOTALES / TOTAL SERVICIO,0
Cochabamba,31602,Shinaota,2024,4,TOTALES / TOTAL SERVICIO,1
Chuquisaca,10101,Sucre,2024,4,TOTALES / TOTAL SERVICIO,28
Cochabamba,31101,Tapacari,2024,4,TOTALES / TOTAL SERVICIO,0
Tarija,60101,Tarija,2024,4,TOTALES / TOTAL SERVICIO,62
Chuquisaca,10202,Tarvita,2024,4,TOTALES / TOTAL SERVICIO,0
Potosí,50102,Tinguipaya,2024,4,TOTALES / TOTAL SERVICIO,0
Cochabamba,30903,Tiquipaya,2024,4,TOTALES / TOTAL SERVICIO,3
Oruro,41001,Toledo,2024,4,TOTALES / TOTAL SERVICIO,1
Beni,80101,Trinidad,2024,4,TOTALES / TOTAL SERVICIO,17
Potosí,50801,Tupiza,2024,4,TOTALES / TOTAL SERVICIO,1
Potosí,50201,Uncia,2024,4,TOTALES / TOTAL SERVICIO,1
Potosí,51201,Uyuni,2024,4,TOTALES / TOTAL SERVICIO,1
Santa Cruz,70801,Vallegrande,2024,4,TOTALES / TOTAL SERVICIO,2
La Paz,20801,Viacha,2024,4,TOTALES / TOTAL SERVICIO,5
Chuquisaca,10704,Villa Charcas,2024,4,TOTALES / TOTAL SERVICIO,0
Tarija,60303,Villa Montes,2024,4,TOTALES / TOTAL SERVICIO,5
Cochabamba,31003,Villa Tunari,2024,4,TOTALES / TOTAL SERVICIO,9
Chuquisaca,11001,Villa Vaca Guzman (muyupampa),2024,4,TOTALES / TOTAL SERVICIO,1
Potosí,51501,Villazon,2024,4,TOTALES / TOTAL SERVICIO,6
Cochabamba,30904,Vinto,2024,4,TOTALES / TOTAL SERVICIO,3
Santa Cruz,70201,Warnes,2024,4,TOTALES / TOTAL SERVICIO,1
Tarija,60301,Yacuiba,2024,4,TOTALES / TOTAL SERVICIO,7
Santa Cruz,70403,Yapacani,2024,4,TOTALES / TOTAL SERVICIO,2
Chuquisaca,10301,Zudañez,2024,4,TOTALES / TOTAL SERVICIO,0
La Paz,20201,Achacachi,2024,5,TOTALES / TOTAL SERVICIO,2
Cochabamba,30201,Aiquile,2024,5,TOTALES / TOTAL SERVICIO,1
Potosí,50802,Atocha,2024,5,TOTALES / TOTAL SERVICIO,3
La Paz,20502,Ayata,2024,5,TOTALES / TOTAL SERVICIO,0
La Paz,21303,Ayo Ayo,2024,5,TOTALES / TOTAL SERVICIO,0
Cochabamba,30301,Ayopaya (v. De Independencia),2024,5,TOTALES / TOTAL SERVICIO,1
Santa Cruz,70706,Camiri,2024,5,TOTALES / TOTAL SERVICIO,1
Oruro,40102,Caracollo,2024,5,TOTALES / TOTAL SERVICIO,0
Santa Cruz,71403,Carmen Rivero Torrez,2024,5,TOTALES / TOTAL SERVICIO,1
Oruro,40201,Challapata,2024,5,TOTALES / TOTAL SERVICIO,1
Potosí,50202,Chayanta,2024,5,TOTALES / TOTAL SERVICIO,0
Cochabamba,31204,Chimore,2024,5,TOTALES / TOTAL SERVICIO,1
Pando,90101,Cobija,2024,5,TOTALES / TOTAL SERVICIO,7
Cochabamba,30101,Cochabamba,2024,5,TOTALES / TOTAL SERVICIO,71
Potosí,50401,Colquechaca,2024,5,TOTALES / TOTAL SERVICIO,0
La Paz,21306,Colquencha,2024,5,TOTALES / TOTAL SERVICIO,0
Chuquisaca,10902,Culpina,2024,5,TOTALES / TOTAL SERVICIO,0
La Paz,20105,El Alto,2024,5,TOTALES / TOTAL SERVICIO,71
Santa Cruz,70105,El Torno,2024,5,TOTALES / TOTAL SERVICIO,2
La Paz,20405,Escoma,2024,5,TOTALES / TOTAL SERVICIO,1
La Paz,20802,Guaqui,2024,5,TOTALES / TOTAL SERVICIO,1
Beni,80202,Guayaramerin,2024,5,TOTALES / TOTAL SERVICIO,4
Santa Cruz,70705,Gutierrez,2024,5,TOTALES / TOTAL SERVICIO,1
Oruro,40701,Huanuni,2024,5,TOTALES / TOTAL SERVICIO,2
La Paz,20101,La Paz,2024,5,TOTALES / TOTAL SERVICIO,117
Potosí,50203,Llallagua,2024,5,TOTALES / TOTAL SERVICIO,3
Beni,80601,Loreto,2024,5,TOTALES / TOTAL SERVICIO,0
Beni,80801,Magdalena,2024,5,TOTALES / TOTAL SERVICIO,12
La Paz,20607,Mapiri,2024,5,TOTALES / TOTAL SERVICIO,1
Cochabamba,31301,Mizque,2024,5,TOTALES / TOTAL SERVICIO,1
Chuquisaca,10501,Monteagudo,2024,5,TOTALES / TOTAL SERVICIO,1
Santa Cruz,71001,Montero,2024,5,TOTALES / TOTAL SERVICIO,2
Potosí,50404,Ocuri,2024,5,TOTALES / TOTAL SERVICIO,1
Oruro,40101,Oruro,2024,5,TOTALES / TOTAL SERVICIO,56
La Paz,21305,Patacamaya,2024,5,TOTALES / TOTAL SERVICIO,3
Chuquisaca,10103,Poroma,2024,5,TOTALES / TOTAL SERVICIO,1
Potosí,50101,Potosi,2024,5,TOTALES / TOTAL SERVICIO,28
Santa Cruz,70805,Pucara,2024,5,TOTALES / TOTAL SERVICIO,1
Santa Cruz,71402,Puerto Quijarro,2024,5,TOTALES / TOTAL SERVICIO,1
Beni,80703,Puerto Siles,2024,5,TOTALES / TOTAL SERVICIO,2
Cochabamba,31205,Puerto Villarroel,2024,5,TOTALES / TOTAL SERVICIO,6
Cochabamba,31401,Punata,2024,5,TOTALES / TOTAL SERVICIO,3
Cochabamba,30901,Quillacollo,2024,5,TOTALES / TOTAL SERVICIO,3
Beni,80301,Reyes,2024,5,TOTALES / TOTAL SERVICIO,1
Beni,80201,Riberalta,2024,5,TOTALES / TOTAL SERVICIO,16
Santa Cruz,70503,Robore,2024,5,TOTALES / TOTAL SERVICIO,23
Beni,80304,Rurrenabaque,2024,5,TOTALES / TOTAL SERVICIO,1
Cochabamba,31001,Sacaba,2024,5,TOTALES / TOTAL SERVICIO,4
Beni,80501,San Ignacio,2024,5,TOTALES / TOTAL SERVICIO,1
Santa Cruz,70301,San Ignacio De Velasco,2024,5,TOTALES / TOTAL SERVICIO,8
Santa Cruz,71201,San Matias,2024,5,TOTALES / TOTAL SERVICIO,2
La Paz,21801,San Pedro De Curahuara,2024,5,TOTALES / TOTAL SERVICIO,0
Santa Cruz,70303,San Rafael,2024,5,TOTALES / TOTAL SERVICIO,1
Santa Cruz,70101,Santa Cruz De La Sierra,2024,5,TOTALES / TOTAL SERVICIO,113
Santa Cruz,70602,Santa Rosa Del Sara,2024,5,TOTALES / TOTAL SERVICIO,1
La Paz,20902,Sapahaqui,2024,5,TOTALES / TOTAL SERVICIO,0
Pando,90303,Sena,2024,5,TOTALES / TOTAL SERVICIO,0
Cochabamba,30703,Sicaya,2024,5,TOTALES / TOTAL SERVICIO,1
Chuquisaca,10101,Sucre,2024,5,TOTALES / TOTAL SERVICIO,21
Potosí,50303,Tacobamba,2024,5,TOTALES / TOTAL SERVICIO,1
Cochabamba,31101,Tapacari,2024,5,TOTALES / TOTAL SERVICIO,0
Tarija,60101,Tarija,2024,5,TOTALES / TOTAL SERVICIO,17
La Paz,20803,Tiahuanacu,2024,5,TOTALES / TOTAL SERVICIO,0
Cochabamba,30903,Tiquipaya,2024,5,TOTALES / TOTAL SERVICIO,1
Beni,80101,Trinidad,2024,5,TOTALES / TOTAL SERVICIO,23
Potosí,50801,Tupiza,2024,5,TOTALES / TOTAL SERVICIO,3
La Paz,20801,Viacha,2024,5,TOTALES / TOTAL SERVICIO,2
Tarija,60303,Villa Montes,2024,5,TOTALES / TOTAL SERVICIO,2
Chuquisaca,10801,Villa Serrano,2024,5,TOTALES / TOTAL SERVICIO,1
Cochabamba,31003,Villa Tunari,2024,5,TOTALES / TOTAL SERVICIO,4
Potosí,51501,Villazon,2024,5,TOTALES / TOTAL SERVICIO,7
Cochabamba,30904,Vinto,2024,5,TOTALES / TOTAL SERVICIO,4
Potosí,50602,Vitichi,2024,5,TOTALES / TOTAL SERVICIO,2
Santa Cruz,70201,Warnes,2024,5,TOTALES / TOTAL SERVICIO,1
Tarija,60301,Yacuiba,2024,5,TOTALES / TOTAL SERVICIO,8
Chuquisaca,10602,Yamparaez,2024,5,TOTALES / TOTAL SERVICIO,0
Santa Cruz,70403,Yapacani,2024,5,TOTALES / TOTAL SERVICIO,1
Cochabamba,30201,Aiquile,2024,6,TOTALES / TOTAL SERVICIO,1
Santa Cruz,71501,Ascencion De Guarayos,2024,6,TOTALES / TOTAL SERVICIO,2
La Paz,20503,Aucapata,2024,6,TOTALES / TOTAL SERVICIO,1
Cochabamba,30301,Ayopaya (v. De Independencia),2024,6,TOTALES / TOTAL SERVICIO,0
Chuquisaca,10201,Azurduy,2024,6,TOTALES / TOTAL SERVICIO,1
La Paz,21203,Batallas,2024,6,TOTALES / TOTAL SERVICIO,0
Tarija,60202,Bermejo,2024,6,TOTALES / TOTAL SERVICIO,1
Potosí,50301,Betanzos,2024,6,TOTALES / TOTAL SERVICIO,1
Pando,90103,Bolpebra,2024,6,TOTALES / TOTAL SERVICIO,1
Santa Cruz,70703,Cabezas,2024,6,TOTALES / TOTAL SERVICIO,1
La Paz,21003,Cajuata,2024,6,TOTALES / TOTAL SERVICIO,1
Chuquisaca,10701,Camargo,2024,6,TOTALES / TOTAL SERVICIO,1
Santa Cruz,70706,Camiri,2024,6,TOTALES / TOTAL SERVICIO,1
Cochabamba,30701,Capinota,2024,6,TOTALES / TOTAL SERVICIO,3
Oruro,40102,Caracollo,2024,6,TOTALES / TOTAL SERVICIO,1
La Paz,22001,Caranavi,2024,6,TOTALES / TOTAL SERVICIO,1
Oruro,40201,Challapata,2024,6,TOTALES / TOTAL SERVICIO,1
Cochabamba,30801,Cliza,2024,6,TOTALES / TOTAL SERVICIO,2
Pando,90101,Cobija,2024,6,TOTALES / TOTAL SERVICIO,8
Cochabamba,30101,Cochabamba,2024,6,TOTALES / TOTAL SERVICIO,71
Cochabamba,30905,Colcapirhua,2024,6,TOTALES / TOTAL SERVICIO,1
Cochabamba,31002,Colomi,2024,6,TOTALES / TOTAL SERVICIO,1
Santa Cruz,71101,Concepcion,2024,6,TOTALES / TOTAL SERVICIO,1
Chuquisaca,10902,Culpina,2024,6,TOTALES / TOTAL SERVICIO,1
La Paz,20105,El Alto,2024,6,TOTALES / TOTAL SERVICIO,70
Tarija,60502,El Puente(tja),2024,6,TOTALES / TOTAL SERVICIO,1
Santa Cruz,70105,El Torno,2024,6,TOTALES / TOTAL SERVICIO,3
Santa Cruz,71004,Fernandez Alonso,2024,6,TOTALES / TOTAL SERVICIO,1
Beni,80202,Guayaramerin,2024,6,TOTALES / TOTAL SERVICIO,2
Oruro,40701,Huanuni,2024,6,TOTALES / TOTAL SERVICIO,2
La Paz,20204,Huarina,2024,6,TOTALES / TOTAL SERVICIO,0
La Paz,21102,Irupana (villa De Lanza),2024,6,TOTALES / TOTAL SERVICIO,0
La Paz,21105,La Asunta,2024,6,TOTALES / TOTAL SERVICIO,4
La Paz,20101,La Paz,2024,6,TOTALES / TOTAL SERVICIO,137
Potosí,50203,Llallagua,2024,6,TOTALES / TOTAL SERVICIO,3
Beni,80601,Loreto,2024,6,TOTALES / TOTAL SERVICIO,2
Santa Cruz,70903,Mairana,2024,6,TOTALES / TOTAL SERVICIO,0
Cochabamba,31301,Mizque,2024,6,TOTALES / TOTAL SERVICIO,1
Chuquisaca,10501,Monteagudo,2024,6,TOTALES / TOTAL SERVICIO,1
Cochabamba,30302,Morochata,2024,6,TOTALES / TOTAL SERVICIO,1
Oruro,40101,Oruro,2024,6,TOTALES / TOTAL SERVICIO,30
Chuquisaca,10401,Padilla,2024,6,TOTALES / TOTAL SERVICIO,1
La Paz,21305,Patacamaya,2024,6,TOTALES / TOTAL SERVICIO,1
Oruro,40601,Poopo,2024,6,TOTALES / TOTAL SERVICIO,1
Potosí,50101,Potosi,2024,6,TOTALES / TOTAL SERVICIO,32
Pando,90301,Puerto Gonzalo Moreno,2024,6,TOTALES / TOTAL SERVICIO,1
Santa Cruz,71402,Puerto Quijarro,2024,6,TOTALES / TOTAL SERVICIO,11
Cochabamba,31205,Puerto Villarroel,2024,6,TOTALES / TOTAL SERVICIO,2
La Paz,20604,Quiabaya,2024,6,TOTALES / TOTAL SERVICIO,1
Cochabamba,30901,Quillacollo,2024,6,TOTALES / TOTAL SERVICIO,5
Cochabamba,31304,Raqaypampa(eta),2024,6,TOTALES / TOTAL SERVICIO,2
Beni,80301,Reyes,2024,6,TOTALES / TOTAL SERVICIO,1
Beni,80201,Riberalta,2024,6,TOTALES / TOTAL SERVICIO,9
Santa Cruz,70503,Robore,2024,6,TOTALES / TOTAL SERVICIO,16
Cochabamba,31001,Sacaba,2024,6,TOTALES / TOTAL SERVICIO,5
Beni,80302,San Borja,2024,6,TOTALES / TOTAL SERVICIO,1
Santa Cruz,70301,San Ignacio De Velasco,2024,6,TOTALES / TOTAL SERVICIO,6
Santa Cruz,71102,San Javier(stc),2024,6,TOTALES / TOTAL SERVICIO,18
Santa Cruz,70501,San Jose De Chiquitos,2024,6,TOTALES / TOTAL SERVICIO,1
Santa Cruz,70302,San Miguel De Velasco,2024,6,TOTALES / TOTAL SERVICIO,1
Potosí,50501,San Pedro De Buena Vista,2024,6,TOTALES / TOTAL SERVICIO,0
Santa Cruz,70303,San Rafael,2024,6,TOTALES / TOTAL SERVICIO,1
Santa Cruz,70101,Santa Cruz De La Sierra,2024,6,TOTALES / TOTAL SERVICIO,60
Chuquisaca,10101,Sucre,2024,6,TOTALES / TOTAL SERVICIO,18
Potosí,50303,Tacobamba,2024,6,TOTALES / TOTAL SERVICIO,0
Cochabamba,31101,Tapacari,2024,6,TOTALES / TOTAL SERVICIO,0
Tarija,60101,Tarija,2024,6,TOTALES / TOTAL SERVICIO,11
La Paz,20803,Tiahuanacu,2024,6,TOTALES / TOTAL SERVICIO,1
Cochabamba,30903,Tiquipaya,2024,6,TOTALES / TOTAL SERVICIO,1
Beni,80101,Trinidad,2024,6,TOTALES / TOTAL SERVICIO,10
La Paz,20801,Viacha,2024,6,TOTALES / TOTAL SERVICIO,2
Pando,90502,Villa Nueva (loma Alta),2024,6,TOTALES / TOTAL SERVICIO,0
Cochabamba,31003,Villa Tunari,2024,6,TOTALES / TOTAL SERVICIO,9
Potosí,51501,Villazon,2024,6,TOTALES / TOTAL SERVICIO,3
Cochabamba,30904,Vinto,2024,6,TOTALES / TOTAL SERVICIO,3
Tarija,60301,Yacuiba,2024,6,TOTALES / TOTAL SERVICIO,3
La Paz,20201,Achacachi,2024,7,TOTALES / TOTAL SERVICIO,2
Cochabamba,30201,Aiquile,2024,7,TOTALES / TOTAL SERVICIO,1
Potosí,51301,Arampampa,2024,7,TOTALES / TOTAL SERVICIO,0
La Paz,20503,Aucapata,2024,7,TOTALES / TOTAL SERVICIO,1
La Paz,20502,Ayata,2024,7,TOTALES / TOTAL SERVICIO,0
Cochabamba,30301,Ayopaya (v. De Independencia),2024,7,TOTALES / TOTAL SERVICIO,0
Tarija,60202,Bermejo,2024,7,TOTALES / TOTAL SERVICIO,3
Potosí,50301,Betanzos,2024,7,TOTALES / TOTAL SERVICIO,1
Santa Cruz,70707,Boyuibe,2024,7,TOTALES / TOTAL SERVICIO,0
Chuquisaca,10701,Camargo,2024,7,TOTALES / TOTAL SERVICIO,1
Oruro,40102,Caracollo,2024,7,TOTALES / TOTAL SERVICIO,1
La Paz,22001,Caranavi,2024,7,TOTALES / TOTAL SERVICIO,0
Oruro,40201,Challapata,2024,7,TOTALES / TOTAL SERVICIO,1
Santa Cruz,70702,Charagua,2024,7,TOTALES / TOTAL SERVICIO,1
Cochabamba,30801,Cliza,2024,7,TOTALES / TOTAL SERVICIO,1
Pando,90101,Cobija,2024,7,TOTALES / TOTAL SERVICIO,12
Cochabamba,30101,Cochabamba,2024,7,TOTALES / TOTAL SERVICIO,82
Cochabamba,30905,Colcapirhua,2024,7,TOTALES / TOTAL SERVICIO,1
Cochabamba,31002,Colomi,2024,7,TOTALES / TOTAL SERVICIO,1
Potosí,50401,Colquechaca,2024,7,TOTALES / TOTAL SERVICIO,1
Santa Cruz,71101,Concepcion,2024,7,TOTALES / TOTAL SERVICIO,1
La Paz,21701,Copacabana,2024,7,TOTALES / TOTAL SERVICIO,1
La Paz,20301,Coro Coro,2024,7,TOTALES / TOTAL SERVICIO,0
Santa Cruz,70102,Cotoca,2024,7,TOTALES / TOTAL SERVICIO,1
Santa Cruz,71106,Cuatro Cañadas,2024,7,TOTALES / TOTAL SERVICIO,3
Chuquisaca,10902,Culpina,2024,7,TOTALES / TOTAL SERVICIO,0
La Paz,21602,Curva,2024,7,TOTALES / TOTAL SERVICIO,0
La Paz,20105,El Alto,2024,7,TOTALES / TOTAL SERVICIO,80
Tarija,60502,El Puente(tja),2024,7,TOTALES / TOTAL SERVICIO,1
Cochabamba,31206,Entre Rios Cbba,2024,7,TOTALES / TOTAL SERVICIO,1
La Paz,20405,Escoma,2024,7,TOTALES / TOTAL SERVICIO,1
Oruro,41101,Eucaliptus,2024,7,TOTALES / TOTAL SERVICIO,1
Beni,80202,Guayaramerin,2024,7,TOTALES / TOTAL SERVICIO,8
La Paz,21105,La Asunta,2024,7,TOTALES / TOTAL SERVICIO,1
La Paz,20101,La Paz,2024,7,TOTALES / TOTAL SERVICIO,125
Potosí,50203,Llallagua,2024,7,TOTALES / TOTAL SERVICIO,3
Chuquisaca,11003,Machareti,2024,7,TOTALES / TOTAL SERVICIO,0
Beni,80801,Magdalena,2024,7,TOTALES / TOTAL SERVICIO,7
Santa Cruz,71003,Mineros,2024,7,TOTALES / TOTAL SERVICIO,1
Chuquisaca,10501,Monteagudo,2024,7,TOTALES / TOTAL SERVICIO,1
Santa Cruz,71001,Montero,2024,7,TOTALES / TOTAL SERVICIO,7
Oruro,40101,Oruro,2024,7,TOTALES / TOTAL SERVICIO,38
La Paz,21305,Patacamaya,2024,7,TOTALES / TOTAL SERVICIO,1
Chuquisaca,10103,Poroma,2024,7,TOTALES / TOTAL SERVICIO,2
Potosí,50101,Potosi,2024,7,TOTALES / TOTAL SERVICIO,28
La Paz,21201,Pucarani,2024,7,TOTALES / TOTAL SERVICIO,1
Santa Cruz,71401,Puerto Suarez,2024,7,TOTALES / TOTAL SERVICIO,1
Cochabamba,31205,Puerto Villarroel,2024,7,TOTALES / TOTAL SERVICIO,1
Cochabamba,31401,Punata,2024,7,TOTALES / TOTAL SERVICIO,1
Cochabamba,30901,Quillacollo,2024,7,TOTALES / TOTAL SERVICIO,5
Beni,80201,Riberalta,2024,7,TOTALES / TOTAL SERVICIO,28
Beni,80304,Rurrenabaque,2024,7,TOTALES / TOTAL SERVICIO,2
Cochabamba,31001,Sacaba,2024,7,TOTALES / TOTAL SERVICIO,2
Beni,80302,San Borja,2024,7,TOTALES / TOTAL SERVICIO,4
Santa Cruz,70402,San Carlos,2024,7,TOTALES / TOTAL SERVICIO,1
Beni,80501,San Ignacio,2024,7,TOTALES / TOTAL SERVICIO,1
Santa Cruz,70301,San Ignacio De Velasco,2024,7,TOTALES / TOTAL SERVICIO,6
Santa Cruz,71104,San Julian,2024,7,TOTALES / TOTAL SERVICIO,1
Chuquisaca,10702,San Lucas,2024,7,TOTALES / TOTAL SERVICIO,3
Santa Cruz,71201,San Matias,2024,7,TOTALES / TOTAL SERVICIO,1
Santa Cruz,70302,San Miguel De Velasco,2024,7,TOTALES / TOTAL SERVICIO,1
Santa Cruz,70101,Santa Cruz De La Sierra,2024,7,TOTALES / TOTAL SERVICIO,51
Santa Cruz,70602,Santa Rosa Del Sara,2024,7,TOTALES / TOTAL SERVICIO,1
Cochabamba,30902,Sipe Sipe,2024,7,TOTALES / TOTAL SERVICIO,1
Chuquisaca,10403,Sopachuy,2024,7,TOTALES / TOTAL SERVICIO,1
Chuquisaca,10101,Sucre,2024,7,TOTALES / TOTAL SERVICIO,20
Cochabamba,31101,Tapacari,2024,7,TOTALES / TOTAL SERVICIO,0
Tarija,60101,Tarija,2024,7,TOTALES / TOTAL SERVICIO,18
Potosí,50102,Tinguipaya,2024,7,TOTALES / TOTAL SERVICIO,0
Cochabamba,30903,Tiquipaya,2024,7,TOTALES / TOTAL SERVICIO,2
Potosí,50502,Toro Toro,2024,7,TOTALES / TOTAL SERVICIO,1
Beni,80101,Trinidad,2024,7,TOTALES / TOTAL SERVICIO,14
Potosí,51201,Uyuni,2024,7,TOTALES / TOTAL SERVICIO,2
Santa Cruz,70801,Vallegrande,2024,7,TOTALES / TOTAL SERVICIO,5
La Paz,20801,Viacha,2024,7,TOTALES / TOTAL SERVICIO,3
Chuquisaca,10704,Villa Charcas,2024,7,TOTALES / TOTAL SERVICIO,1
Tarija,60303,Villa Montes,2024,7,TOTALES / TOTAL SERVICIO,2
Cochabamba,31003,Villa Tunari,2024,7,TOTALES / TOTAL SERVICIO,10
Potosí,51501,Villazon,2024,7,TOTALES / TOTAL SERVICIO,2
Cochabamba,30904,Vinto,2024,7,TOTALES / TOTAL SERVICIO,2
Tarija,60301,Yacuiba,2024,7,TOTALES / TOTAL SERVICIO,5
Santa Cruz,70403,Yapacani,2024,7,TOTALES / TOTAL SERVICIO,3
La Paz,20201,Achacachi,2024,8,TOTALES / TOTAL SERVICIO,4
Cochabamba,30301,Ayopaya (v. De Independencia),2024,8,TOTALES / TOTAL SERVICIO,0
Tarija,60202,Bermejo,2024,8,TOTALES / TOTAL SERVICIO,4
Santa Cruz,70706,Camiri,2024,8,TOTALES / TOTAL SERVICIO,2
Oruro,40102,Caracollo,2024,8,TOTALES / TOTAL SERVICIO,1
La Paz,22001,Caranavi,2024,8,TOTALES / TOTAL SERVICIO,2
Oruro,40201,Challapata,2024,8,TOTALES / TOTAL SERVICIO,5
Potosí,50302,Chaqui,2024,8,TOTALES / TOTAL SERVICIO,0
Potosí,50202,Chayanta,2024,8,TOTALES / TOTAL SERVICIO,0
Cochabamba,31204,Chimore,2024,8,TOTALES / TOTAL SERVICIO,1
Pando,90101,Cobija,2024,8,TOTALES / TOTAL SERVICIO,2
Cochabamba,30101,Cochabamba,2024,8,TOTALES / TOTAL SERVICIO,71
Cochabamba,30905,Colcapirhua,2024,8,TOTALES / TOTAL SERVICIO,2
Potosí,50401,Colquechaca,2024,8,TOTALES / TOTAL SERVICIO,1
La Paz,21004,Colquiri,2024,8,TOTALES / TOTAL SERVICIO,1
Santa Cruz,71101,Concepcion,2024,8,TOTALES / TOTAL SERVICIO,3
La Paz,21701,Copacabana,2024,8,TOTALES / TOTAL SERVICIO,1
La Paz,21402,Coripata,2024,8,TOTALES / TOTAL SERVICIO,1
La Paz,21401,Coroico,2024,8,TOTALES / TOTAL SERVICIO,1
Chuquisaca,10902,Culpina,2024,8,TOTALES / TOTAL SERVICIO,6
Oruro,40401,Curahuara De Carangas,2024,8,TOTALES / TOTAL SERVICIO,1
La Paz,20105,El Alto,2024,8,TOTALES / TOTAL SERVICIO,87
Beni,80202,Guayaramerin,2024,8,TOTALES / TOTAL SERVICIO,5
Oruro,40701,Huanuni,2024,8,TOTALES / TOTAL SERVICIO,2
La Paz,21105,La Asunta,2024,8,TOTALES / TOTAL SERVICIO,3
La Paz,20101,La Paz,2024,8,TOTALES / TOTAL SERVICIO,132
Santa Cruz,70701,Lagunillas,2024,8,TOTALES / TOTAL SERVICIO,1
Potosí,50203,Llallagua,2024,8,TOTALES / TOTAL SERVICIO,3
Chuquisaca,11003,Machareti,2024,8,TOTALES / TOTAL SERVICIO,3
Beni,80801,Magdalena,2024,8,TOTALES / TOTAL SERVICIO,1
La Paz,20103,Mecapaca,2024,8,TOTALES / TOTAL SERVICIO,1
Santa Cruz,71001,Montero,2024,8,TOTALES / TOTAL SERVICIO,4
Cochabamba,30302,Morochata,2024,8,TOTALES / TOTAL SERVICIO,0
Oruro,40101,Oruro,2024,8,TOTALES / TOTAL SERVICIO,34
Santa Cruz,70601,Portachuelo,2024,8,TOTALES / TOTAL SERVICIO,5
Potosí,50101,Potosi,2024,8,TOTALES / TOTAL SERVICIO,57
Santa Cruz,71402,Puerto Quijarro,2024,8,TOTALES / TOTAL SERVICIO,2
Santa Cruz,71401,Puerto Suarez,2024,8,TOTALES / TOTAL SERVICIO,1
Cochabamba,31205,Puerto Villarroel,2024,8,TOTALES / TOTAL SERVICIO,1
Cochabamba,31401,Punata,2024,8,TOTALES / TOTAL SERVICIO,2
Cochabamba,30901,Quillacollo,2024,8,TOTALES / TOTAL SERVICIO,4
Beni,80201,Riberalta,2024,8,TOTALES / TOTAL SERVICIO,13
Santa Cruz,70503,Robore,2024,8,TOTALES / TOTAL SERVICIO,1
Cochabamba,31001,Sacaba,2024,8,TOTALES / TOTAL SERVICIO,3
Potosí,50701,Sacaca,2024,8,TOTALES / TOTAL SERVICIO,0
Santa Cruz,71105,San Antonio De Lomerio,2024,8,TOTALES / TOTAL SERVICIO,1
Beni,80302,San Borja,2024,8,TOTALES / TOTAL SERVICIO,7
La Paz,21502,San Buena Ventura,2024,8,TOTALES / TOTAL SERVICIO,0
Beni,80501,San Ignacio,2024,8,TOTALES / TOTAL SERVICIO,4
Santa Cruz,70301,San Ignacio De Velasco,2024,8,TOTALES / TOTAL SERVICIO,1
Chuquisaca,10702,San Lucas,2024,8,TOTALES / TOTAL SERVICIO,3
Beni,80401,Santa Ana,2024,8,TOTALES / TOTAL SERVICIO,2
Santa Cruz,70101,Santa Cruz De La Sierra,2024,8,TOTALES / TOTAL SERVICIO,100
Pando,90303,Sena,2024,8,TOTALES / TOTAL SERVICIO,2
Cochabamba,31602,Shinaota,2024,8,TOTALES / TOTAL SERVICIO,1
Chuquisaca,10403,Sopachuy,2024,8,TOTALES / TOTAL SERVICIO,1
Chuquisaca,10101,Sucre,2024,8,TOTALES / TOTAL SERVICIO,28
Chuquisaca,10601,Tarabuco,2024,8,TOTALES / TOTAL SERVICIO,1
Tarija,60101,Tarija,2024,8,TOTALES / TOTAL SERVICIO,17
Beni,80101,Trinidad,2024,8,TOTALES / TOTAL SERVICIO,15
Potosí,50801,Tupiza,2024,8,TOTALES / TOTAL SERVICIO,7
Potosí,51201,Uyuni,2024,8,TOTALES / TOTAL SERVICIO,1
La Paz,20801,Viacha,2024,8,TOTALES / TOTAL SERVICIO,11
Chuquisaca,10704,Villa Charcas,2024,8,TOTALES / TOTAL SERVICIO,1
Tarija,60303,Villa Montes,2024,8,TOTALES / TOTAL SERVICIO,1
Cochabamba,31003,Villa Tunari,2024,8,TOTALES / TOTAL SERVICIO,13
Potosí,51501,Villazon,2024,8,TOTALES / TOTAL SERVICIO,5
Santa Cruz,70201,Warnes,2024,8,TOTALES / TOTAL SERVICIO,1
Tarija,60301,Yacuiba,2024,8,TOTALES / TOTAL SERVICIO,3
Santa Cruz,70403,Yapacani,2024,8,TOTALES / TOTAL SERVICIO,2
Tarija,60402,Yunchara,2024,8,TOTALES / TOTAL SERVICIO,1
Chuquisaca,10301,Zudañez,2024,8,TOTALES / TOTAL SERVICIO,1
La Paz,20201,Achacachi,2024,9,TOTALES / TOTAL SERVICIO,4
La Paz,20104,Achocalla,2024,9,TOTALES / TOTAL SERVICIO,1
Santa Cruz,71501,Ascencion De Guarayos,2024,9,TOTALES / TOTAL SERVICIO,1
Cochabamba,30301,Ayopaya (v. De Independencia),2024,9,TOTALES / TOTAL SERVICIO,0
Beni,80802,Baures,2024,9,TOTALES / TOTAL SERVICIO,1
Tarija,60202,Bermejo,2024,9,TOTALES / TOTAL SERVICIO,1
Santa Cruz,70703,Cabezas,2024,9,TOTALES / TOTAL SERVICIO,5
La Paz,20905,Cairoma,2024,9,TOTALES / TOTAL SERVICIO,1
Santa Cruz,70706,Camiri,2024,9,TOTALES / TOTAL SERVICIO,5
La Paz,22001,Caranavi,2024,9,TOTALES / TOTAL SERVICIO,3
Oruro,40201,Challapata,2024,9,TOTALES / TOTAL SERVICIO,1
Cochabamba,31204,Chimore,2024,9,TOTALES / TOTAL SERVICIO,0
La Paz,20203,Chua Cocani,2024,9,TOTALES / TOTAL SERVICIO,2
Pando,90101,Cobija,2024,9,TOTALES / TOTAL SERVICIO,11
Cochabamba,30101,Cochabamba,2024,9,TOTALES / TOTAL SERVICIO,75
Cochabamba,30905,Colcapirhua,2024,9,TOTALES / TOTAL SERVICIO,1
Potosí,50401,Colquechaca,2024,9,TOTALES / TOTAL SERVICIO,0
La Paz,20304,Comanche,2024,9,TOTALES / TOTAL SERVICIO,0
Santa Cruz,71301,Comarapa,2024,9,TOTALES / TOTAL SERVICIO,2
Santa Cruz,71101,Concepcion,2024,9,TOTALES / TOTAL SERVICIO,3
La Paz,21701,Copacabana,2024,9,TOTALES / TOTAL SERVICIO,1
La Paz,20105,El Alto,2024,9,TOTALES / TOTAL SERVICIO,47
Tarija,60601,Entre Rios Trj,2024,9,TOTALES / TOTAL SERVICIO,4
Beni,80502,Gia-tim,2024,9,TOTALES / TOTAL SERVICIO,0
Oruro,40701,Huanuni,2024,9,TOTALES / TOTAL SERVICIO,2
La Paz,20204,Huarina,2024,9,TOTALES / TOTAL SERVICIO,0
La Paz,20101,La Paz,2024,9,TOTALES / TOTAL SERVICIO,65
Potosí,50203,Llallagua,2024,9,TOTALES / TOTAL SERVICIO,4
Potosí,51401,Llica,2024,9,TOTALES / TOTAL SERVICIO,1
Beni,80601,Loreto,2024,9,TOTALES / TOTAL SERVICIO,0
La Paz,20402,Mocomoco,2024,9,TOTALES / TOTAL SERVICIO,0
Santa Cruz,70803,Moro Moro,2024,9,TOTALES / TOTAL SERVICIO,0
Oruro,40101,Oruro,2024,9,TOTALES / TOTAL SERVICIO,53
Tarija,60201,Padcaya,2024,9,TOTALES / TOTAL SERVICIO,1
Chuquisaca,10401,Padilla,2024,9,TOTALES / TOTAL SERVICIO,1
La Paz,20102,Palca,2024,9,TOTALES / TOTAL SERVICIO,3
La Paz,21305,Patacamaya,2024,9,TOTALES / TOTAL SERVICIO,4
Oruro,40601,Poopo,2024,9,TOTALES / TOTAL SERVICIO,1
Potosí,51203,Porco,2024,9,TOTALES / TOTAL SERVICIO,1
Potosí,50101,Potosi,2024,9,TOTALES / TOTAL SERVICIO,41
Pando,90301,Puerto Gonzalo Moreno,2024,9,TOTALES / TOTAL SERVICIO,1
Santa Cruz,71401,Puerto Suarez,2024,9,TOTALES / TOTAL SERVICIO,1
Cochabamba,31205,Puerto Villarroel,2024,9,TOTALES / TOTAL SERVICIO,4
Cochabamba,31401,Punata,2024,9,TOTALES / TOTAL SERVICIO,5
Cochabamba,30901,Quillacollo,2024,9,TOTALES / TOTAL SERVICIO,2
Beni,80301,Reyes,2024,9,TOTALES / TOTAL SERVICIO,1
Beni,80201,Riberalta,2024,9,TOTALES / TOTAL SERVICIO,20
Santa Cruz,70503,Robore,2024,9,TOTALES / TOTAL SERVICIO,1
Oruro,40901,Sabaya,2024,9,TOTALES / TOTAL SERVICIO,1
Santa Cruz,71105,San Antonio De Lomerio,2024,9,TOTALES / TOTAL SERVICIO,1
Beni,80302,San Borja,2024,9,TOTALES / TOTAL SERVICIO,3
La Paz,21502,San Buena Ventura,2024,9,TOTALES / TOTAL SERVICIO,3
Santa Cruz,70402,San Carlos,2024,9,TOTALES / TOTAL SERVICIO,1
Beni,80501,San Ignacio,2024,9,TOTALES / TOTAL SERVICIO,0
Santa Cruz,70301,San Ignacio De Velasco,2024,9,TOTALES / TOTAL SERVICIO,8
Santa Cruz,71102,San Javier(stc),2024,9,TOTALES / TOTAL SERVICIO,1
Santa Cruz,70501,San Jose De Chiquitos,2024,9,TOTALES / TOTAL SERVICIO,2
Santa Cruz,71104,San Julian,2024,9,TOTALES / TOTAL SERVICIO,1
Santa Cruz,70101,Santa Cruz De La Sierra,2024,9,TOTALES / TOTAL SERVICIO,41
Cochabamba,30702,Santivañes,2024,9,TOTALES / TOTAL SERVICIO,1
Oruro,40104,Soracachi,2024,9,TOTALES / TOTAL SERVICIO,0
La Paz,20601,Sorata,2024,9,TOTALES / TOTAL SERVICIO,2
Chuquisaca,10101,Sucre,2024,9,TOTALES / TOTAL SERVICIO,31
Tarija,60101,Tarija,2024,9,TOTALES / TOTAL SERVICIO,19
Chuquisaca,10202,Tarvita,2024,9,TOTALES / TOTAL SERVICIO,2
La Paz,20803,Tiahuanacu,2024,9,TOTALES / TOTAL SERVICIO,3
Cochabamba,30903,Tiquipaya,2024,9,TOTALES / TOTAL SERVICIO,1
Beni,80101,Trinidad,2024,9,TOTALES / TOTAL SERVICIO,15
Potosí,50801,Tupiza,2024,9,TOTALES / TOTAL SERVICIO,4
Potosí,51201,Uyuni,2024,9,TOTALES / TOTAL SERVICIO,2
La Paz,20801,Viacha,2024,9,TOTALES / TOTAL SERVICIO,3
Cochabamba,31302,Vila Vila,2024,9,TOTALES / TOTAL SERVICIO,0
Chuquisaca,10704,Villa Charcas,2024,9,TOTALES / TOTAL SERVICIO,2
Tarija,60303,Villa Montes,2024,9,TOTALES / TOTAL SERVICIO,2
Cochabamba,31003,Villa Tunari,2024,9,TOTALES / TOTAL SERVICIO,6
Potosí,51501,Villazon,2024,9,TOTALES / TOTAL SERVICIO,3
Cochabamba,30904,Vinto,2024,9,TOTALES / TOTAL SERVICIO,1
Tarija,60301,Yacuiba,2024,9,TOTALES / TOTAL SERVICIO,1
Chuquisaca,10301,Zudañez,2024,9,TOTALES / TOTAL SERVICIO,3
La Paz,20201,Achacachi,2024,10,TOTALES / TOTAL SERVICIO,1
Cochabamba,30301,Ayopaya (v. De Independencia),2024,10,TOTALES / TOTAL SERVICIO,0
Pando,90104,Bella Flor,2024,10,TOTALES / TOTAL SERVICIO,1
Tarija,60202,Bermejo,2024,10,TOTALES / TOTAL SERVICIO,1
Chuquisaca,10701,Camargo,2024,10,TOTALES / TOTAL SERVICIO,1
Santa Cruz,70706,Camiri,2024,10,TOTALES / TOTAL SERVICIO,4
Oruro,40102,Caracollo,2024,10,TOTALES / TOTAL SERVICIO,1
Oruro,40201,Challapata,2024,10,TOTALES / TOTAL SERVICIO,4
Cochabamba,30801,Cliza,2024,10,TOTALES / TOTAL SERVICIO,2
Pando,90101,Cobija,2024,10,TOTALES / TOTAL SERVICIO,10
Cochabamba,30101,Cochabamba,2024,10,TOTALES / TOTAL SERVICIO,79
Cochabamba,31002,Colomi,2024,10,TOTALES / TOTAL SERVICIO,1
Santa Cruz,71301,Comarapa,2024,10,TOTALES / TOTAL SERVICIO,1
Santa Cruz,71101,Concepcion,2024,10,TOTALES / TOTAL SERVICIO,1
La Paz,20301,Coro Coro,2024,10,TOTALES / TOTAL SERVICIO,0
Santa Cruz,70102,Cotoca,2024,10,TOTALES / TOTAL SERVICIO,5
La Paz,20105,El Alto,2024,10,TOTALES / TOTAL SERVICIO,73
Tarija,60601,Entre Rios Trj,2024,10,TOTALES / TOTAL SERVICIO,1
La Paz,20405,Escoma,2024,10,TOTALES / TOTAL SERVICIO,2
Beni,80202,Guayaramerin,2024,10,TOTALES / TOTAL SERVICIO,4
Chuquisaca,10502,Huacareta,2024,10,TOTALES / TOTAL SERVICIO,1
Oruro,40701,Huanuni,2024,10,TOTALES / TOTAL SERVICIO,2
La Paz,21005,Ichoca,2024,10,TOTALES / TOTAL SERVICIO,0
Chuquisaca,10304,Icla,2024,10,TOTALES / TOTAL SERVICIO,1
La Paz,20101,La Paz,2024,10,TOTALES / TOTAL SERVICIO,92
Chuquisaca,10903,Las Carreras,2024,10,TOTALES / TOTAL SERVICIO,1
Potosí,50203,Llallagua,2024,10,TOTALES / TOTAL SERVICIO,3
Beni,80601,Loreto,2024,10,TOTALES / TOTAL SERVICIO,2
Beni,80801,Magdalena,2024,10,TOTALES / TOTAL SERVICIO,1
Santa Cruz,71001,Montero,2024,10,TOTALES / TOTAL SERVICIO,7
Potosí,50404,Ocuri,2024,10,TOTALES / TOTAL SERVICIO,1
Oruro,40101,Oruro,2024,10,TOTALES / TOTAL SERVICIO,31
La Paz,20102,Palca,2024,10,TOTALES / TOTAL SERVICIO,0
Santa Cruz,70902,Pampa Grande,2024,10,TOTALES / TOTAL SERVICIO,1
Potosí,50101,Potosi,2024,10,TOTALES / TOTAL SERVICIO,36
La Paz,21201,Pucarani,2024,10,TOTALES / TOTAL SERVICIO,1
Cochabamba,31205,Puerto Villarroel,2024,10,TOTALES / TOTAL SERVICIO,3
Cochabamba,30901,Quillacollo,2024,10,TOTALES / TOTAL SERVICIO,6
Beni,80301,Reyes,2024,10,TOTALES / TOTAL SERVICIO,2
Beni,80201,Riberalta,2024,10,TOTALES / TOTAL SERVICIO,20
Santa Cruz,70503,Robore,2024,10,TOTALES / TOTAL SERVICIO,1
Beni,80304,Rurrenabaque,2024,10,TOTALES / TOTAL SERVICIO,3
Oruro,40901,Sabaya,2024,10,TOTALES / TOTAL SERVICIO,0
Cochabamba,31001,Sacaba,2024,10,TOTALES / TOTAL SERVICIO,8
Santa Cruz,70901,Samaipata,2024,10,TOTALES / TOTAL SERVICIO,1
Beni,80302,San Borja,2024,10,TOTALES / TOTAL SERVICIO,2
La Paz,21502,San Buena Ventura,2024,10,TOTALES / TOTAL SERVICIO,1
Beni,80501,San Ignacio,2024,10,TOTALES / TOTAL SERVICIO,1
Santa Cruz,70301,San Ignacio De Velasco,2024,10,TOTALES / TOTAL SERVICIO,5
Chuquisaca,10702,San Lucas,2024,10,TOTALES / TOTAL SERVICIO,2
Santa Cruz,71201,San Matias,2024,10,TOTALES / TOTAL SERVICIO,1
La Paz,21801,San Pedro De Curahuara,2024,10,TOTALES / TOTAL SERVICIO,0
Santa Cruz,70101,Santa Cruz De La Sierra,2024,10,TOTALES / TOTAL SERVICIO,59
La Paz,21901,Santiago De Machaca,2024,10,TOTALES / TOTAL SERVICIO,0
Cochabamba,30702,Santivañes,2024,10,TOTALES / TOTAL SERVICIO,1
Pando,90303,Sena,2024,10,TOTALES / TOTAL SERVICIO,0
Cochabamba,31602,Shinaota,2024,10,TOTALES / TOTAL SERVICIO,1
La Paz,20601,Sorata,2024,10,TOTALES / TOTAL SERVICIO,1
Chuquisaca,10101,Sucre,2024,10,TOTALES / TOTAL SERVICIO,36
Chuquisaca,10601,Tarabuco,2024,10,TOTALES / TOTAL SERVICIO,1
Tarija,60101,Tarija,2024,10,TOTALES / TOTAL SERVICIO,64
Cochabamba,30903,Tiquipaya,2024,10,TOTALES / TOTAL SERVICIO,1
Cochabamba,30803,Tolata,2024,10,TOTALES / TOTAL SERVICIO,0
Beni,80101,Trinidad,2024,10,TOTALES / TOTAL SERVICIO,19
Potosí,50801,Tupiza,2024,10,TOTALES / TOTAL SERVICIO,4
Potosí,50201,Uncia,2024,10,TOTALES / TOTAL SERVICIO,1
Cochabamba,31003,Villa Tunari,2024,10,TOTALES / TOTAL SERVICIO,8
Potosí,51501,Villazon,2024,10,TOTALES / TOTAL SERVICIO,2
Cochabamba,30904,Vinto,2024,10,TOTALES / TOTAL SERVICIO,1
Santa Cruz,70201,Warnes,2024,10,TOTALES / TOTAL SERVICIO,2
Tarija,60301,Yacuiba,2024,10,TOTALES / TOTAL SERVICIO,3
La Paz,20201,Achacachi,2024,11,TOTALES / TOTAL SERVICIO,2
Potosí,51301,Arampampa,2024,11,TOTALES / TOTAL SERVICIO,0
Santa Cruz,71501,Ascencion De Guarayos,2024,11,TOTALES / TOTAL SERVICIO,2
La Paz,20503,Aucapata,2024,11,TOTALES / TOTAL SERVICIO,1
Cochabamba,30301,Ayopaya (v. De Independencia),2024,11,TOTALES / TOTAL SERVICIO,0
Oruro,41202,Belen De Andamarca,2024,11,TOTALES / TOTAL SERVICIO,1
Tarija,60202,Bermejo,2024,11,TOTALES / TOTAL SERVICIO,1
Potosí,50301,Betanzos,2024,11,TOTALES / TOTAL SERVICIO,1
La Paz,22001,Caranavi,2024,11,TOTALES / TOTAL SERVICIO,4
Tarija,60302,Carapari,2024,11,TOTALES / TOTAL SERVICIO,2
Oruro,40201,Challapata,2024,11,TOTALES / TOTAL SERVICIO,4
La Paz,20305,Charaña,2024,11,TOTALES / TOTAL SERVICIO,1
Potosí,50204,Chuquihuta Ayllu Jucumani,2024,11,TOTALES / TOTAL SERVICIO,5
Cochabamba,30801,Cliza,2024,11,TOTALES / TOTAL SERVICIO,1
Pando,90101,Cobija,2024,11,TOTALES / TOTAL SERVICIO,6
Cochabamba,30303,Cocapata,2024,11,TOTALES / TOTAL SERVICIO,2
Cochabamba,30101,Cochabamba,2024,11,TOTALES / TOTAL SERVICIO,70
Cochabamba,31002,Colomi,2024,11,TOTALES / TOTAL SERVICIO,2
La Paz,21004,Colquiri,2024,11,TOTALES / TOTAL SERVICIO,1
Santa Cruz,71101,Concepcion,2024,11,TOTALES / TOTAL SERVICIO,3
La Paz,20301,Coro Coro,2024,11,TOTALES / TOTAL SERVICIO,0
La Paz,21401,Coroico,2024,11,TOTALES / TOTAL SERVICIO,1
Santa Cruz,70102,Cotoca,2024,11,TOTALES / TOTAL SERVICIO,2
Santa Cruz,71106,Cuatro Cañadas,2024,11,TOTALES / TOTAL SERVICIO,1
Chuquisaca,10902,Culpina,2024,11,TOTALES / TOTAL SERVICIO,0
La Paz,20804,Desaguadero,2024,11,TOTALES / TOTAL SERVICIO,0
La Paz,20105,El Alto,2024,11,TOTALES / TOTAL SERVICIO,66
Tarija,60502,El Puente(tja),2024,11,TOTALES / TOTAL SERVICIO,2
La Paz,20405,Escoma,2024,11,TOTALES / TOTAL SERVICIO,4
Potosí,51204,Gaioc Jatun Ayllu Yura,2024,11,TOTALES / TOTAL SERVICIO,1
La Paz,20802,Guaqui,2024,11,TOTALES / TOTAL SERVICIO,0
Beni,80202,Guayaramerin,2024,11,TOTALES / TOTAL SERVICIO,4
Oruro,40701,Huanuni,2024,11,TOTALES / TOTAL SERVICIO,1
La Paz,21005,Ichoca,2024,11,TOTALES / TOTAL SERVICIO,0
Chuquisaca,10703,Incahuasi,2024,11,TOTALES / TOTAL SERVICIO,2
La Paz,21501,Ixiamas,2024,11,TOTALES / TOTAL SERVICIO,1
La Paz,21105,La Asunta,2024,11,TOTALES / TOTAL SERVICIO,2
La Paz,20101,La Paz,2024,11,TOTALES / TOTAL SERVICIO,93
Potosí,50203,Llallagua,2024,11,TOTALES / TOTAL SERVICIO,5
La Paz,20901,Luribay,2024,11,TOTALES / TOTAL SERVICIO,1
La Paz,20607,Mapiri,2024,11,TOTALES / TOTAL SERVICIO,4
Chuquisaca,10501,Monteagudo,2024,11,TOTALES / TOTAL SERVICIO,2
Santa Cruz,71001,Montero,2024,11,TOTALES / TOTAL SERVICIO,5
Oruro,40101,Oruro,2024,11,TOTALES / TOTAL SERVICIO,54
La Paz,21104,Palos Blancos,2024,11,TOTALES / TOTAL SERVICIO,1
Potosí,50101,Potosi,2024,11,TOTALES / TOTAL SERVICIO,42
Beni,80703,Puerto Siles,2024,11,TOTALES / TOTAL SERVICIO,1
Santa Cruz,71401,Puerto Suarez,2024,11,TOTALES / TOTAL SERVICIO,1
Cochabamba,31205,Puerto Villarroel,2024,11,TOTALES / TOTAL SERVICIO,1
Cochabamba,31401,Punata,2024,11,TOTALES / TOTAL SERVICIO,1
Cochabamba,30901,Quillacollo,2024,11,TOTALES / TOTAL SERVICIO,4
Beni,80301,Reyes,2024,11,TOTALES / TOTAL SERVICIO,1
Beni,80201,Riberalta,2024,11,TOTALES / TOTAL SERVICIO,14
Beni,80304,Rurrenabaque,2024,11,TOTALES / TOTAL SERVICIO,2
Cochabamba,31001,Sacaba,2024,11,TOTALES / TOTAL SERVICIO,21
Beni,80302,San Borja,2024,11,TOTALES / TOTAL SERVICIO,5
Beni,80501,San Ignacio,2024,11,TOTALES / TOTAL SERVICIO,2
Santa Cruz,70301,San Ignacio De Velasco,2024,11,TOTALES / TOTAL SERVICIO,7
Santa Cruz,71102,San Javier(stc),2024,11,TOTALES / TOTAL SERVICIO,3
Santa Cruz,70501,San Jose De Chiquitos,2024,11,TOTALES / TOTAL SERVICIO,20
Chuquisaca,10702,San Lucas,2024,11,TOTALES / TOTAL SERVICIO,1
Santa Cruz,71201,San Matias,2024,11,TOTALES / TOTAL SERVICIO,1
Santa Cruz,71103,San Ramon Scz,2024,11,TOTALES / TOTAL SERVICIO,7
Santa Cruz,70101,Santa Cruz De La Sierra,2024,11,TOTALES / TOTAL SERVICIO,45
Beni,80303,Santa Rosa,2024,11,TOTALES / TOTAL SERVICIO,1
La Paz,21301,Sica Sica (villa Aroma),2024,11,TOTALES / TOTAL SERVICIO,0
Cochabamba,30703,Sicaya,2024,11,TOTALES / TOTAL SERVICIO,0
La Paz,20601,Sorata,2024,11,TOTALES / TOTAL SERVICIO,0
Chuquisaca,10101,Sucre,2024,11,TOTALES / TOTAL SERVICIO,27
Cochabamba,31101,Tapacari,2024,11,TOTALES / TOTAL SERVICIO,0
Chuquisaca,10601,Tarabuco,2024,11,TOTALES / TOTAL SERVICIO,0
Tarija,60101,Tarija,2024,11,TOTALES / TOTAL SERVICIO,10
Cochabamba,30903,Tiquipaya,2024,11,TOTALES / TOTAL SERVICIO,1
Beni,80101,Trinidad,2024,11,TOTALES / TOTAL SERVICIO,15
Potosí,50801,Tupiza,2024,11,TOTALES / TOTAL SERVICIO,3
Santa Cruz,70801,Vallegrande,2024,11,TOTALES / TOTAL SERVICIO,2
Cochabamba,31003,Villa Tunari,2024,11,TOTALES / TOTAL SERVICIO,13
Potosí,51501,Villazon,2024,11,TOTALES / TOTAL SERVICIO,1
Santa Cruz,70201,Warnes,2024,11,TOTALES / TOTAL SERVICIO,3
Tarija,60301,Yacuiba,2024,11,TOTALES / TOTAL SERVICIO,4
Cochabamba,30601,Arque,2024,12,TOTALES / TOTAL SERVICIO,0
Santa Cruz,71501,Ascencion De Guarayos,2024,12,TOTALES / TOTAL SERVICIO,1
Cochabamba,30301,Ayopaya (v. De Independencia),2024,12,TOTALES / TOTAL SERVICIO,1
La Paz,20905,Cairoma,2024,12,TOTALES / TOTAL SERVICIO,2
Chuquisaca,10701,Camargo,2024,12,TOTALES / TOTAL SERVICIO,1
Oruro,40102,Caracollo,2024,12,TOTALES / TOTAL SERVICIO,1
La Paz,22001,Caranavi,2024,12,TOTALES / TOTAL SERVICIO,4
Tarija,60302,Carapari,2024,12,TOTALES / TOTAL SERVICIO,1
La Paz,20203,Chua Cocani,2024,12,TOTALES / TOTAL SERVICIO,1
Pando,90101,Cobija,2024,12,TOTALES / TOTAL SERVICIO,9
Cochabamba,30303,Cocapata,2024,12,TOTALES / TOTAL SERVICIO,0
Cochabamba,30101,Cochabamba,2024,12,TOTALES / TOTAL SERVICIO,115
Potosí,50401,Colquechaca,2024,12,TOTALES / TOTAL SERVICIO,1
La Paz,21004,Colquiri,2024,12,TOTALES / TOTAL SERVICIO,0
Santa Cruz,71101,Concepcion,2024,12,TOTALES / TOTAL SERVICIO,1
Santa Cruz,70102,Cotoca,2024,12,TOTALES / TOTAL SERVICIO,2
Chuquisaca,10902,Culpina,2024,12,TOTALES / TOTAL SERVICIO,1
La Paz,20804,Desaguadero,2024,12,TOTALES / TOTAL SERVICIO,1
La Paz,20105,El Alto,2024,12,TOTALES / TOTAL SERVICIO,80
Tarija,60601,Entre Rios Trj,2024,12,TOTALES / TOTAL SERVICIO,0
La Paz,20405,Escoma,2024,12,TOTALES / TOTAL SERVICIO,1
Potosí,51204,Gaioc Jatun Ayllu Yura,2024,12,TOTALES / TOTAL SERVICIO,1
Beni,80202,Guayaramerin,2024,12,TOTALES / TOTAL SERVICIO,8
Oruro,40701,Huanuni,2024,12,TOTALES / TOTAL SERVICIO,1
La Paz,20101,La Paz,2024,12,TOTALES / TOTAL SERVICIO,101
Potosí,50203,Llallagua,2024,12,TOTALES / TOTAL SERVICIO,5
Santa Cruz,70903,Mairana,2024,12,TOTALES / TOTAL SERVICIO,1
Oruro,40101,Oruro,2024,12,TOTALES / TOTAL SERVICIO,38
Tarija,60201,Padcaya,2024,12,TOTALES / TOTAL SERVICIO,1
Potosí,50403,Pocoata,2024,12,TOTALES / TOTAL SERVICIO,1
Santa Cruz,70601,Portachuelo,2024,12,TOTALES / TOTAL SERVICIO,2
Potosí,50101,Potosi,2024,12,TOTALES / TOTAL SERVICIO,51
Chuquisaca,10302,Presto,2024,12,TOTALES / TOTAL SERVICIO,0
Cochabamba,31205,Puerto Villarroel,2024,12,TOTALES / TOTAL SERVICIO,1
Cochabamba,31401,Punata,2024,12,TOTALES / TOTAL SERVICIO,1
Cochabamba,30901,Quillacollo,2024,12,TOTALES / TOTAL SERVICIO,3
Beni,80301,Reyes,2024,12,TOTALES / TOTAL SERVICIO,1
Beni,80201,Riberalta,2024,12,TOTALES / TOTAL SERVICIO,11
Santa Cruz,70503,Robore,2024,12,TOTALES / TOTAL SERVICIO,1
Beni,80304,Rurrenabaque,2024,12,TOTALES / TOTAL SERVICIO,0
Cochabamba,31001,Sacaba,2024,12,TOTALES / TOTAL SERVICIO,15
La Paz,20805,San Andres De Machaca,2024,12,TOTALES / TOTAL SERVICIO,0
Santa Cruz,71105,San Antonio De Lomerio,2024,12,TOTALES / TOTAL SERVICIO,1
Beni,80302,San Borja,2024,12,TOTALES / TOTAL SERVICIO,1
La Paz,21502,San Buena Ventura,2024,12,TOTALES / TOTAL SERVICIO,0
Beni,80501,San Ignacio,2024,12,TOTALES / TOTAL SERVICIO,1
Santa Cruz,70301,San Ignacio De Velasco,2024,12,TOTALES / TOTAL SERVICIO,4
Chuquisaca,10702,San Lucas,2024,12,TOTALES / TOTAL SERVICIO,1
Santa Cruz,71201,San Matias,2024,12,TOTALES / TOTAL SERVICIO,1
La Paz,21702,San Pedro De Tiquina,2024,12,TOTALES / TOTAL SERVICIO,0
Beni,80401,Santa Ana,2024,12,TOTALES / TOTAL SERVICIO,2
Santa Cruz,70101,Santa Cruz De La Sierra,2024,12,TOTALES / TOTAL SERVICIO,42
La Paz,20205,Santiago De Huata,2024,12,TOTALES / TOTAL SERVICIO,0
Cochabamba,31602,Shinaota,2024,12,TOTALES / TOTAL SERVICIO,1
La Paz,20601,Sorata,2024,12,TOTALES / TOTAL SERVICIO,1
Chuquisaca,10101,Sucre,2024,12,TOTALES / TOTAL SERVICIO,34
Tarija,60101,Tarija,2024,12,TOTALES / TOTAL SERVICIO,11
Cochabamba,31601,Tiraque (cbba),2024,12,TOTALES / TOTAL SERVICIO,2
Santa Cruz,70802,Trigal,2024,12,TOTALES / TOTAL SERVICIO,1
Beni,80101,Trinidad,2024,12,TOTALES / TOTAL SERVICIO,14
Potosí,50801,Tupiza,2024,12,TOTALES / TOTAL SERVICIO,0
Potosí,51201,Uyuni,2024,12,TOTALES / TOTAL SERVICIO,2
Santa Cruz,70801,Vallegrande,2024,12,TOTALES / TOTAL SERVICIO,1
La Paz,20801,Viacha,2024,12,TOTALES / TOTAL SERVICIO,3
Tarija,60303,Villa Montes,2024,12,TOTALES / TOTAL SERVICIO,3
Cochabamba,31003,Villa Tunari,2024,12,TOTALES / TOTAL SERVICIO,10
Potosí,51501,Villazon,2024,12,TOTALES / TOTAL SERVICIO,3
Cochabamba,30904,Vinto,2024,12,TOTALES / TOTAL SERVICIO,1
Santa Cruz,70201,Warnes,2024,12,TOTALES / TOTAL SERVICIO,1
Tarija,60301,Yacuiba,2024,12,TOTALES / TOTAL SERVICIO,2
Santa Cruz,70403,Yapacani,2024,12,TOTALES / TOTAL SERVICIO,2
Cochabamba,30201,Aiquile,2024,1,TOTALES / TOTAL DOMICILIO,1
Tarija,60202,Bermejo,2024,1,TOTALES / TOTAL DOMICILIO,0
Santa Cruz,70703,Cabezas,2024,1,TOTALES / TOTAL DOMICILIO,0
La Paz,20303,Calacoto,2024,1,TOTALES / TOTAL DOMICILIO,2
Chuquisaca,10701,Camargo,2024,1,TOTALES / TOTAL DOMICILIO,0
Santa Cruz,70706,Camiri,2024,1,TOTALES / TOTAL DOMICILIO,0
Cochabamba,30701,Capinota,2024,1,TOTALES / TOTAL DOMICILIO,0
La Paz,22001,Caranavi,2024,1,TOTALES / TOTAL DOMICILIO,0
Oruro,40201,Challapata,2024,1,TOTALES / TOTAL DOMICILIO,0
Santa Cruz,70702,Charagua,2024,1,TOTALES / TOTAL DOMICILIO,0
Pando,90101,Cobija,2024,1,TOTALES / TOTAL DOMICILIO,0
Cochabamba,30101,Cochabamba,2024,1,TOTALES / TOTAL DOMICILIO,0
Cochabamba,30905,Colcapirhua,2024,1,TOTALES / TOTAL DOMICILIO,0
Potosí,50901,"Colcha ""k""",2024,1,TOTALES / TOTAL DOMICILIO,1
Santa Cruz,71301,Comarapa,2024,1,TOTALES / TOTAL DOMICILIO,0
La Paz,21402,Coripata,2024,1,TOTALES / TOTAL DOMICILIO,0
La Paz,20804,Desaguadero,2024,1,TOTALES / TOTAL DOMICILIO,1
La Paz,20105,El Alto,2024,1,TOTALES / TOTAL DOMICILIO,1
Santa Cruz,70105,El Torno,2024,1,TOTALES / TOTAL DOMICILIO,0
Cochabamba,31206,Entre Rios Cbba,2024,1,TOTALES / TOTAL DOMICILIO,0
Beni,80202,Guayaramerin,2024,1,TOTALES / TOTAL DOMICILIO,0
La Paz,21102,Irupana (villa De Lanza),2024,1,TOTALES / TOTAL DOMICILIO,1
La Paz,21105,La Asunta,2024,1,TOTALES / TOTAL DOMICILIO,1
La Paz,20101,La Paz,2024,1,TOTALES / TOTAL DOMICILIO,3
Potosí,50203,Llallagua,2024,1,TOTALES / TOTAL DOMICILIO,0
Beni,80801,Magdalena,2024,1,TOTALES / TOTAL DOMICILIO,0
Cochabamba,31301,Mizque,2024,1,TOTALES / TOTAL DOMICILIO,0
Chuquisaca,10501,Monteagudo,2024,1,TOTALES / TOTAL DOMICILIO,0
Santa Cruz,71001,Montero,2024,1,TOTALES / TOTAL DOMICILIO,0
Potosí,50404,Ocuri,2024,1,TOTALES / TOTAL DOMICILIO,0
Oruro,40101,Oruro,2024,1,TOTALES / TOTAL DOMICILIO,0
La Paz,21104,Palos Blancos,2024,1,TOTALES / TOTAL DOMICILIO,1
La Paz,21305,Patacamaya,2024,1,TOTALES / TOTAL DOMICILIO,1
Potosí,51203,Porco,2024,1,TOTALES / TOTAL DOMICILIO,0
Santa Cruz,70601,Portachuelo,2024,1,TOTALES / TOTAL DOMICILIO,0
Potosí,50101,Potosi,2024,1,TOTALES / TOTAL DOMICILIO,0
Chuquisaca,10302,Presto,2024,1,TOTALES / TOTAL DOMICILIO,2
Santa Cruz,71402,Puerto Quijarro,2024,1,TOTALES / TOTAL DOMICILIO,0
Cochabamba,31205,Puerto Villarroel,2024,1,TOTALES / TOTAL DOMICILIO,0
Cochabamba,31401,Punata,2024,1,TOTALES / TOTAL DOMICILIO,0
Cochabamba,30901,Quillacollo,2024,1,TOTALES / TOTAL DOMICILIO,0
Beni,80201,Riberalta,2024,1,TOTALES / TOTAL DOMICILIO,0
Santa Cruz,70503,Robore,2024,1,TOTALES / TOTAL DOMICILIO,0
Cochabamba,31001,Sacaba,2024,1,TOTALES / TOTAL DOMICILIO,0
Santa Cruz,70901,Samaipata,2024,1,TOTALES / TOTAL DOMICILIO,0
Santa Cruz,71105,San Antonio De Lomerio,2024,1,TOTALES / TOTAL DOMICILIO,1
Beni,80302,San Borja,2024,1,TOTALES / TOTAL DOMICILIO,0
La Paz,21502,San Buena Ventura,2024,1,TOTALES / TOTAL DOMICILIO,0
Santa Cruz,70402,San Carlos,2024,1,TOTALES / TOTAL DOMICILIO,0
Beni,80501,San Ignacio,2024,1,TOTALES / TOTAL DOMICILIO,0
Santa Cruz,70301,San Ignacio De Velasco,2024,1,TOTALES / TOTAL DOMICILIO,0
Santa Cruz,71102,San Javier(stc),2024,1,TOTALES / TOTAL DOMICILIO,0
Santa Cruz,70501,San Jose De Chiquitos,2024,1,TOTALES / TOTAL DOMICILIO,0
Chuquisaca,10702,San Lucas,2024,1,TOTALES / TOTAL DOMICILIO,0
Santa Cruz,70302,San Miguel De Velasco,2024,1,TOTALES / TOTAL DOMICILIO,1
Santa Cruz,71005,San Pedro,2024,1,TOTALES / TOTAL DOMICILIO,0
Beni,80401,Santa Ana,2024,1,TOTALES / TOTAL DOMICILIO,0
Santa Cruz,70101,Santa Cruz De La Sierra,2024,1,TOTALES / TOTAL DOMICILIO,0
Cochabamba,31602,Shinaota,2024,1,TOTALES / TOTAL DOMICILIO,0
La Paz,20601,Sorata,2024,1,TOTALES / TOTAL DOMICILIO,1
Chuquisaca,10101,Sucre,2024,1,TOTALES / TOTAL DOMICILIO,0
Chuquisaca,10601,Tarabuco,2024,1,TOTALES / TOTAL DOMICILIO,0
La Paz,20807,Taraco,2024,1,TOTALES / TOTAL DOMICILIO,1
Tarija,60101,Tarija,2024,1,TOTALES / TOTAL DOMICILIO,0
Potosí,50102,Tinguipaya,2024,1,TOTALES / TOTAL DOMICILIO,1
Cochabamba,30903,Tiquipaya,2024,1,TOTALES / TOTAL DOMICILIO,2
Potosí,50502,Toro Toro,2024,1,TOTALES / TOTAL DOMICILIO,0
Beni,80101,Trinidad,2024,1,TOTALES / TOTAL DOMICILIO,0
Potosí,50801,Tupiza,2024,1,TOTALES / TOTAL DOMICILIO,0
Potosí,50201,Uncia,2024,1,TOTALES / TOTAL DOMICILIO,0
Santa Cruz,70801,Vallegrande,2024,1,TOTALES / TOTAL DOMICILIO,0
La Paz,20801,Viacha,2024,1,TOTALES / TOTAL DOMICILIO,0
Tarija,60303,Villa Montes,2024,1,TOTALES / TOTAL DOMICILIO,0
Cochabamba,31003,Villa Tunari,2024,1,TOTALES / TOTAL DOMICILIO,0
Potosí,51501,Villazon,2024,1,TOTALES / TOTAL DOMICILIO,0
Cochabamba,30904,Vinto,2024,1,TOTALES / TOTAL DOMICILIO,0
Tarija,60301,Yacuiba,2024,1,TOTALES / TOTAL DOMICILIO,0
Santa Cruz,70403,Yapacani,2024,1,TOTALES / TOTAL DOMICILIO,0
La Paz,20201,Achacachi,2024,2,TOTALES / TOTAL DOMICILIO,2
Cochabamba,31303,Alalay,2024,2,TOTALES / TOTAL DOMICILIO,2
Potosí,51301,Arampampa,2024,2,TOTALES / TOTAL DOMICILIO,1
Santa Cruz,71501,Ascencion De Guarayos,2024,2,TOTALES / TOTAL DOMICILIO,0
Cochabamba,30301,Ayopaya (v. De Independencia),2024,2,TOTALES / TOTAL DOMICILIO,0
La Paz,21203,Batallas,2024,2,TOTALES / TOTAL DOMICILIO,0
Tarija,60202,Bermejo,2024,2,TOTALES / TOTAL DOMICILIO,0
Chuquisaca,10701,Camargo,2024,2,TOTALES / TOTAL DOMICILIO,0
Oruro,40102,Caracollo,2024,2,TOTALES / TOTAL DOMICILIO,0
La Paz,22001,Caranavi,2024,2,TOTALES / TOTAL DOMICILIO,0
Tarija,60302,Carapari,2024,2,TOTALES / TOTAL DOMICILIO,0
Santa Cruz,71403,Carmen Rivero Torrez,2024,2,TOTALES / TOTAL DOMICILIO,0
Oruro,40201,Challapata,2024,2,TOTALES / TOTAL DOMICILIO,0
La Paz,20203,Chua Cocani,2024,2,TOTALES / TOTAL DOMICILIO,1
Pando,90101,Cobija,2024,2,TOTALES / TOTAL DOMICILIO,0
Cochabamba,30101,Cochabamba,2024,2,TOTALES / TOTAL DOMICILIO,0
Potosí,50401,Colquechaca,2024,2,TOTALES / TOTAL DOMICILIO,1
Santa Cruz,71101,Concepcion,2024,2,TOTALES / TOTAL DOMICILIO,0
La Paz,20301,Coro Coro,2024,2,TOTALES / TOTAL DOMICILIO,0
La Paz,21401,Coroico,2024,2,TOTALES / TOTAL DOMICILIO,1
Oruro,40301,Corque,2024,2,TOTALES / TOTAL DOMICILIO,1
Chuquisaca,10902,Culpina,2024,2,TOTALES / TOTAL DOMICILIO,0
La Paz,20105,El Alto,2024,2,TOTALES / TOTAL DOMICILIO,1
Santa Cruz,70105,El Torno,2024,2,TOTALES / TOTAL DOMICILIO,0
Cochabamba,31206,Entre Rios Cbba,2024,2,TOTALES / TOTAL DOMICILIO,0
Santa Cruz,71004,Fernandez Alonso,2024,2,TOTALES / TOTAL DOMICILIO,0
Beni,80202,Guayaramerin,2024,2,TOTALES / TOTAL DOMICILIO,0
Oruro,40701,Huanuni,2024,2,TOTALES / TOTAL DOMICILIO,0
La Paz,20204,Huarina,2024,2,TOTALES / TOTAL DOMICILIO,0
Chuquisaca,10703,Incahuasi,2024,2,TOTALES / TOTAL DOMICILIO,1
La Paz,21105,La Asunta,2024,2,TOTALES / TOTAL DOMICILIO,0
Santa Cruz,70104,La Guardia,2024,2,TOTALES / TOTAL DOMICILIO,0
La Paz,20101,La Paz,2024,2,TOTALES / TOTAL DOMICILIO,0
Potosí,50203,Llallagua,2024,2,TOTALES / TOTAL DOMICILIO,0
Beni,80601,Loreto,2024,2,TOTALES / TOTAL DOMICILIO,1
Santa Cruz,71003,Mineros,2024,2,TOTALES / TOTAL DOMICILIO,0
Santa Cruz,71001,Montero,2024,2,TOTALES / TOTAL DOMICILIO,0
Potosí,50404,Ocuri,2024,2,TOTALES / TOTAL DOMICILIO,0
Oruro,40101,Oruro,2024,2,TOTALES / TOTAL DOMICILIO,0
La Paz,21104,Palos Blancos,2024,2,TOTALES / TOTAL DOMICILIO,0
La Paz,21305,Patacamaya,2024,2,TOTALES / TOTAL DOMICILIO,0
Santa Cruz,70804,Postrer Valle,2024,2,TOTALES / TOTAL DOMICILIO,0
Potosí,50101,Potosi,2024,2,TOTALES / TOTAL DOMICILIO,0
Pando,90301,Puerto Gonzalo Moreno,2024,2,TOTALES / TOTAL DOMICILIO,0
Cochabamba,31205,Puerto Villarroel,2024,2,TOTALES / TOTAL DOMICILIO,0
Cochabamba,31401,Punata,2024,2,TOTALES / TOTAL DOMICILIO,0
Cochabamba,30901,Quillacollo,2024,2,TOTALES / TOTAL DOMICILIO,0
Potosí,50402,Ravelo,2024,2,TOTALES / TOTAL DOMICILIO,0
Beni,80201,Riberalta,2024,2,TOTALES / TOTAL DOMICILIO,0
Santa Cruz,70503,Robore,2024,2,TOTALES / TOTAL DOMICILIO,0
Cochabamba,31001,Sacaba,2024,2,TOTALES / TOTAL DOMICILIO,0
Beni,80602,San Andres,2024,2,TOTALES / TOTAL DOMICILIO,0
Santa Cruz,71105,San Antonio De Lomerio,2024,2,TOTALES / TOTAL DOMICILIO,1
Beni,80302,San Borja,2024,2,TOTALES / TOTAL DOMICILIO,0
La Paz,21502,San Buena Ventura,2024,2,TOTALES / TOTAL DOMICILIO,0
Santa Cruz,70402,San Carlos,2024,2,TOTALES / TOTAL DOMICILIO,0
Beni,80501,San Ignacio,2024,2,TOTALES / TOTAL DOMICILIO,0
Santa Cruz,70301,San Ignacio De Velasco,2024,2,TOTALES / TOTAL DOMICILIO,0
Santa Cruz,71102,San Javier(stc),2024,2,TOTALES / TOTAL DOMICILIO,0
Chuquisaca,10702,San Lucas,2024,2,TOTALES / TOTAL DOMICILIO,0
Santa Cruz,70302,San Miguel De Velasco,2024,2,TOTALES / TOTAL DOMICILIO,0
Beni,80401,Santa Ana,2024,2,TOTALES / TOTAL DOMICILIO,0
Santa Cruz,70101,Santa Cruz De La Sierra,2024,2,TOTALES / TOTAL DOMICILIO,1
La Paz,20308,Santiago De Callapa,2024,2,TOTALES / TOTAL DOMICILIO,1
Chuquisaca,10101,Sucre,2024,2,TOTALES / TOTAL DOMICILIO,0
Tarija,60101,Tarija,2024,2,TOTALES / TOTAL DOMICILIO,0
Chuquisaca,10202,Tarvita,2024,2,TOTALES / TOTAL DOMICILIO,0
Cochabamba,30903,Tiquipaya,2024,2,TOTALES / TOTAL DOMICILIO,1
Beni,80101,Trinidad,2024,2,TOTALES / TOTAL DOMICILIO,0
Potosí,50801,Tupiza,2024,2,TOTALES / TOTAL DOMICILIO,0
Potosí,50201,Uncia,2024,2,TOTALES / TOTAL DOMICILIO,1
Potosí,51201,Uyuni,2024,2,TOTALES / TOTAL DOMICILIO,0
La Paz,20801,Viacha,2024,2,TOTALES / TOTAL DOMICILIO,0
Chuquisaca,10704,Villa Charcas,2024,2,TOTALES / TOTAL DOMICILIO,0
Tarija,60303,Villa Montes,2024,2,TOTALES / TOTAL DOMICILIO,0
Cochabamba,31003,Villa Tunari,2024,2,TOTALES / TOTAL DOMICILIO,0
Chuquisaca,11001,Villa Vaca Guzman (muyupampa),2024,2,TOTALES / TOTAL DOMICILIO,1
Potosí,51501,Villazon,2024,2,TOTALES / TOTAL DOMICILIO,0
Cochabamba,30904,Vinto,2024,2,TOTALES / TOTAL DOMICILIO,0
Santa Cruz,70201,Warnes,2024,2,TOTALES / TOTAL DOMICILIO,0
Tarija,60301,Yacuiba,2024,2,TOTALES / TOTAL DOMICILIO,0
Santa Cruz,70403,Yapacani,2024,2,TOTALES / TOTAL DOMICILIO,0
La Paz,20201,Achacachi,2024,3,TOTALES / TOTAL DOMICILIO,0
La Paz,20104,Achocalla,2024,3,TOTALES / TOTAL DOMICILIO,1
Cochabamba,30201,Aiquile,2024,3,TOTALES / TOTAL DOMICILIO,0
Cochabamba,30403,Arbieto,2024,3,TOTALES / TOTAL DOMICILIO,0
Cochabamba,30601,Arque,2024,3,TOTALES / TOTAL DOMICILIO,1
Santa Cruz,71501,Ascencion De Guarayos,2024,3,TOTALES / TOTAL DOMICILIO,1
Potosí,50802,Atocha,2024,3,TOTALES / TOTAL DOMICILIO,0
La Paz,21303,Ayo Ayo,2024,3,TOTALES / TOTAL DOMICILIO,1
Chuquisaca,10201,Azurduy,2024,3,TOTALES / TOTAL DOMICILIO,0
La Paz,21203,Batallas,2024,3,TOTALES / TOTAL DOMICILIO,2
Tarija,60202,Bermejo,2024,3,TOTALES / TOTAL DOMICILIO,0
Pando,90103,Bolpebra,2024,3,TOTALES / TOTAL DOMICILIO,1
La Paz,20303,Calacoto,2024,3,TOTALES / TOTAL DOMICILIO,1
Chuquisaca,10701,Camargo,2024,3,TOTALES / TOTAL DOMICILIO,0
Chuquisaca,10901,Camataqui (c. Villa Abecia),2024,3,TOTALES / TOTAL DOMICILIO,0
Santa Cruz,70706,Camiri,2024,3,TOTALES / TOTAL DOMICILIO,0
Oruro,40102,Caracollo,2024,3,TOTALES / TOTAL DOMICILIO,0
La Paz,22001,Caranavi,2024,3,TOTALES / TOTAL DOMICILIO,0
Oruro,40201,Challapata,2024,3,TOTALES / TOTAL DOMICILIO,0
Cochabamba,31204,Chimore,2024,3,TOTALES / TOTAL DOMICILIO,0
La Paz,20203,Chua Cocani,2024,3,TOTALES / TOTAL DOMICILIO,0
La Paz,21101,Chulumani (v. De La Libertad),2024,3,TOTALES / TOTAL DOMICILIO,0
Pando,90101,Cobija,2024,3,TOTALES / TOTAL DOMICILIO,0
Cochabamba,30101,Cochabamba,2024,3,TOTALES / TOTAL DOMICILIO,0
Cochabamba,30905,Colcapirhua,2024,3,TOTALES / TOTAL DOMICILIO,0
Cochabamba,31002,Colomi,2024,3,TOTALES / TOTAL DOMICILIO,0
Santa Cruz,71101,Concepcion,2024,3,TOTALES / TOTAL DOMICILIO,2
La Paz,21402,Coripata,2024,3,TOTALES / TOTAL DOMICILIO,0
La Paz,21401,Coroico,2024,3,TOTALES / TOTAL DOMICILIO,0
Potosí,50601,Cotagaita,2024,3,TOTALES / TOTAL DOMICILIO,0
Santa Cruz,70102,Cotoca,2024,3,TOTALES / TOTAL DOMICILIO,1
Santa Cruz,71106,Cuatro Cañadas,2024,3,TOTALES / TOTAL DOMICILIO,0
La Paz,20105,El Alto,2024,3,TOTALES / TOTAL DOMICILIO,1
La Paz,20405,Escoma,2024,3,TOTALES / TOTAL DOMICILIO,1
Beni,80202,Guayaramerin,2024,3,TOTALES / TOTAL DOMICILIO,0
Santa Cruz,70705,Gutierrez,2024,3,TOTALES / TOTAL DOMICILIO,0
Oruro,40701,Huanuni,2024,3,TOTALES / TOTAL DOMICILIO,0
Oruro,41601,Huayllamarca,2024,3,TOTALES / TOTAL DOMICILIO,1
Santa Cruz,70104,La Guardia,2024,3,TOTALES / TOTAL DOMICILIO,0
La Paz,20101,La Paz,2024,3,TOTALES / TOTAL DOMICILIO,1
Oruro,41501,La Rivera,2024,3,TOTALES / TOTAL DOMICILIO,0
Potosí,50203,Llallagua,2024,3,TOTALES / TOTAL DOMICILIO,1
Beni,80601,Loreto,2024,3,TOTALES / TOTAL DOMICILIO,1
Beni,80801,Magdalena,2024,3,TOTALES / TOTAL DOMICILIO,1
Santa Cruz,70903,Mairana,2024,3,TOTALES / TOTAL DOMICILIO,0
La Paz,20402,Mocomoco,2024,3,TOTALES / TOTAL DOMICILIO,1
Chuquisaca,10501,Monteagudo,2024,3,TOTALES / TOTAL DOMICILIO,0
Santa Cruz,71001,Montero,2024,3,TOTALES / TOTAL DOMICILIO,0
Cochabamba,30302,Morochata,2024,3,TOTALES / TOTAL DOMICILIO,1
Oruro,40101,Oruro,2024,3,TOTALES / TOTAL DOMICILIO,1
Chuquisaca,10401,Padilla,2024,3,TOTALES / TOTAL DOMICILIO,0
Santa Cruz,70502,Pailon,2024,3,TOTALES / TOTAL DOMICILIO,0
La Paz,21104,Palos Blancos,2024,3,TOTALES / TOTAL DOMICILIO,1
La Paz,21305,Patacamaya,2024,3,TOTALES / TOTAL DOMICILIO,0
Oruro,40602,Pazña,2024,3,TOTALES / TOTAL DOMICILIO,0
Cochabamba,31203,Pocona,2024,3,TOTALES / TOTAL DOMICILIO,0
Potosí,50101,Potosi,2024,3,TOTALES / TOTAL DOMICILIO,1
Santa Cruz,71401,Puerto Suarez,2024,3,TOTALES / TOTAL DOMICILIO,0
Cochabamba,31205,Puerto Villarroel,2024,3,TOTALES / TOTAL DOMICILIO,0
Cochabamba,30901,Quillacollo,2024,3,TOTALES / TOTAL DOMICILIO,0
Beni,80201,Riberalta,2024,3,TOTALES / TOTAL DOMICILIO,0
Beni,80304,Rurrenabaque,2024,3,TOTALES / TOTAL DOMICILIO,0
Cochabamba,31001,Sacaba,2024,3,TOTALES / TOTAL DOMICILIO,0
Potosí,50701,Sacaca,2024,3,TOTALES / TOTAL DOMICILIO,0
Santa Cruz,71105,San Antonio De Lomerio,2024,3,TOTALES / TOTAL DOMICILIO,0
Beni,80302,San Borja,2024,3,TOTALES / TOTAL DOMICILIO,0
Santa Cruz,70301,San Ignacio De Velasco,2024,3,TOTALES / TOTAL DOMICILIO,0
Santa Cruz,71102,San Javier(stc),2024,3,TOTALES / TOTAL DOMICILIO,0
Chuquisaca,10702,San Lucas,2024,3,TOTALES / TOTAL DOMICILIO,0
Santa Cruz,70101,Santa Cruz De La Sierra,2024,3,TOTALES / TOTAL DOMICILIO,0
Cochabamba,31602,Shinaota,2024,3,TOTALES / TOTAL DOMICILIO,0
La Paz,20601,Sorata,2024,3,TOTALES / TOTAL DOMICILIO,1
Chuquisaca,10101,Sucre,2024,3,TOTALES / TOTAL DOMICILIO,1
Cochabamba,31101,Tapacari,2024,3,TOTALES / TOTAL DOMICILIO,2
Chuquisaca,10601,Tarabuco,2024,3,TOTALES / TOTAL DOMICILIO,1
Cochabamba,30401,Tarata,2024,3,TOTALES / TOTAL DOMICILIO,0
Tarija,60101,Tarija,2024,3,TOTALES / TOTAL DOMICILIO,0
Potosí,50102,Tinguipaya,2024,3,TOTALES / TOTAL DOMICILIO,1
Cochabamba,30903,Tiquipaya,2024,3,TOTALES / TOTAL DOMICILIO,0
Potosí,50502,Toro Toro,2024,3,TOTALES / TOTAL DOMICILIO,1
Beni,80101,Trinidad,2024,3,TOTALES / TOTAL DOMICILIO,0
Potosí,50801,Tupiza,2024,3,TOTALES / TOTAL DOMICILIO,0
La Paz,20801,Viacha,2024,3,TOTALES / TOTAL DOMICILIO,0
Tarija,60303,Villa Montes,2024,3,TOTALES / TOTAL DOMICILIO,0
Cochabamba,31003,Villa Tunari,2024,3,TOTALES / TOTAL DOMICILIO,0
Potosí,51501,Villazon,2024,3,TOTALES / TOTAL DOMICILIO,0
Tarija,60301,Yacuiba,2024,3,TOTALES / TOTAL DOMICILIO,0
Chuquisaca,10602,Yamparaez,2024,3,TOTALES / TOTAL DOMICILIO,0
La Paz,20201,Achacachi,2024,4,TOTALES / TOTAL DOMICILIO,0
Potosí,51301,Arampampa,2024,4,TOTALES / TOTAL DOMICILIO,0
La Paz,20503,Aucapata,2024,4,TOTALES / TOTAL DOMICILIO,2
La Paz,21203,Batallas,2024,4,TOTALES / TOTAL DOMICILIO,1
Tarija,60202,Bermejo,2024,4,TOTALES / TOTAL DOMICILIO,0
La Paz,21003,Cajuata,2024,4,TOTALES / TOTAL DOMICILIO,0
Oruro,40102,Caracollo,2024,4,TOTALES / TOTAL DOMICILIO,2
La Paz,22001,Caranavi,2024,4,TOTALES / TOTAL DOMICILIO,1
Oruro,40201,Challapata,2024,4,TOTALES / TOTAL DOMICILIO,2
La Paz,21101,Chulumani (v. De La Libertad),2024,4,TOTALES / TOTAL DOMICILIO,0
Pando,90101,Cobija,2024,4,TOTALES / TOTAL DOMICILIO,0
Cochabamba,30101,Cochabamba,2024,4,TOTALES / TOTAL DOMICILIO,0
Cochabamba,30905,Colcapirhua,2024,4,TOTALES / TOTAL DOMICILIO,0
Santa Cruz,71101,Concepcion,2024,4,TOTALES / TOTAL DOMICILIO,1
La Paz,21402,Coripata,2024,4,TOTALES / TOTAL DOMICILIO,0
La Paz,20301,Coro Coro,2024,4,TOTALES / TOTAL DOMICILIO,1
Chuquisaca,10902,Culpina,2024,4,TOTALES / TOTAL DOMICILIO,1
La Paz,20105,El Alto,2024,4,TOTALES / TOTAL DOMICILIO,1
Tarija,60601,Entre Rios Trj,2024,4,TOTALES / TOTAL DOMICILIO,0
La Paz,20802,Guaqui,2024,4,TOTALES / TOTAL DOMICILIO,1
Beni,80202,Guayaramerin,2024,4,TOTALES / TOTAL DOMICILIO,1
Oruro,40701,Huanuni,2024,4,TOTALES / TOTAL DOMICILIO,0
La Paz,21001,Inquisivi,2024,4,TOTALES / TOTAL DOMICILIO,0
La Paz,21501,Ixiamas,2024,4,TOTALES / TOTAL DOMICILIO,0
La Paz,21105,La Asunta,2024,4,TOTALES / TOTAL DOMICILIO,0
Santa Cruz,70104,La Guardia,2024,4,TOTALES / TOTAL DOMICILIO,0
La Paz,20101,La Paz,2024,4,TOTALES / TOTAL DOMICILIO,0
Potosí,50203,Llallagua,2024,4,TOTALES / TOTAL DOMICILIO,1
Beni,80801,Magdalena,2024,4,TOTALES / TOTAL DOMICILIO,1
Santa Cruz,71003,Mineros,2024,4,TOTALES / TOTAL DOMICILIO,0
Chuquisaca,10501,Monteagudo,2024,4,TOTALES / TOTAL DOMICILIO,0
Santa Cruz,71001,Montero,2024,4,TOTALES / TOTAL DOMICILIO,0
Potosí,50404,Ocuri,2024,4,TOTALES / TOTAL DOMICILIO,0
Oruro,40101,Oruro,2024,4,TOTALES / TOTAL DOMICILIO,0
Tarija,60201,Padcaya,2024,4,TOTALES / TOTAL DOMICILIO,1
Chuquisaca,10401,Padilla,2024,4,TOTALES / TOTAL DOMICILIO,0
La Paz,21305,Patacamaya,2024,4,TOTALES / TOTAL DOMICILIO,0
Potosí,51203,Porco,2024,4,TOTALES / TOTAL DOMICILIO,0
Potosí,50101,Potosi,2024,4,TOTALES / TOTAL DOMICILIO,0
La Paz,21201,Pucarani,2024,4,TOTALES / TOTAL DOMICILIO,0
Pando,90301,Puerto Gonzalo Moreno,2024,4,TOTALES / TOTAL DOMICILIO,0
Pando,90201,Puerto Rico,2024,4,TOTALES / TOTAL DOMICILIO,1
Beni,80703,Puerto Siles,2024,4,TOTALES / TOTAL DOMICILIO,0
Cochabamba,31205,Puerto Villarroel,2024,4,TOTALES / TOTAL DOMICILIO,0
Cochabamba,31401,Punata,2024,4,TOTALES / TOTAL DOMICILIO,0
Cochabamba,30901,Quillacollo,2024,4,TOTALES / TOTAL DOMICILIO,1
Potosí,50402,Ravelo,2024,4,TOTALES / TOTAL DOMICILIO,1
Beni,80301,Reyes,2024,4,TOTALES / TOTAL DOMICILIO,0
Beni,80201,Riberalta,2024,4,TOTALES / TOTAL DOMICILIO,0
Beni,80304,Rurrenabaque,2024,4,TOTALES / TOTAL DOMICILIO,0
Potosí,50701,Sacaca,2024,4,TOTALES / TOTAL DOMICILIO,0
Beni,80602,San Andres,2024,4,TOTALES / TOTAL DOMICILIO,1
Beni,80302,San Borja,2024,4,TOTALES / TOTAL DOMICILIO,0
Beni,80501,San Ignacio,2024,4,TOTALES / TOTAL DOMICILIO,0
Santa Cruz,70301,San Ignacio De Velasco,2024,4,TOTALES / TOTAL DOMICILIO,0
Santa Cruz,71102,San Javier(stc),2024,4,TOTALES / TOTAL DOMICILIO,0
Chuquisaca,10702,San Lucas,2024,4,TOTALES / TOTAL DOMICILIO,0
Santa Cruz,71201,San Matias,2024,4,TOTALES / TOTAL DOMICILIO,1
Santa Cruz,70303,San Rafael,2024,4,TOTALES / TOTAL DOMICILIO,0
Santa Cruz,70101,Santa Cruz De La Sierra,2024,4,TOTALES / TOTAL DOMICILIO,2
La Paz,20308,Santiago De Callapa,2024,4,TOTALES / TOTAL DOMICILIO,1
Cochabamba,31602,Shinaota,2024,4,TOTALES / TOTAL DOMICILIO,0
Chuquisaca,10101,Sucre,2024,4,TOTALES / TOTAL DOMICILIO,0
Cochabamba,31101,Tapacari,2024,4,TOTALES / TOTAL DOMICILIO,2
Tarija,60101,Tarija,2024,4,TOTALES / TOTAL DOMICILIO,0
Chuquisaca,10202,Tarvita,2024,4,TOTALES / TOTAL DOMICILIO,1
Potosí,50102,Tinguipaya,2024,4,TOTALES / TOTAL DOMICILIO,2
Cochabamba,30903,Tiquipaya,2024,4,TOTALES / TOTAL DOMICILIO,0
Oruro,41001,Toledo,2024,4,TOTALES / TOTAL DOMICILIO,0
Beni,80101,Trinidad,2024,4,TOTALES / TOTAL DOMICILIO,0
Potosí,50801,Tupiza,2024,4,TOTALES / TOTAL DOMICILIO,1
Potosí,50201,Uncia,2024,4,TOTALES / TOTAL DOMICILIO,0
Potosí,51201,Uyuni,2024,4,TOTALES / TOTAL DOMICILIO,0
Santa Cruz,70801,Vallegrande,2024,4,TOTALES / TOTAL DOMICILIO,0
La Paz,20801,Viacha,2024,4,TOTALES / TOTAL DOMICILIO,0
Chuquisaca,10704,Villa Charcas,2024,4,TOTALES / TOTAL DOMICILIO,2
Tarija,60303,Villa Montes,2024,4,TOTALES / TOTAL DOMICILIO,0
Cochabamba,31003,Villa Tunari,2024,4,TOTALES / TOTAL DOMICILIO,0
Chuquisaca,11001,Villa Vaca Guzman (muyupampa),2024,4,TOTALES / TOTAL DOMICILIO,0
Potosí,51501,Villazon,2024,4,TOTALES / TOTAL DOMICILIO,0
Cochabamba,30904,Vinto,2024,4,TOTALES / TOTAL DOMICILIO,0
Santa Cruz,70201,Warnes,2024,4,TOTALES / TOTAL DOMICILIO,0
Tarija,60301,Yacuiba,2024,4,TOTALES / TOTAL DOMICILIO,0
Santa Cruz,70403,Yapacani,2024,4,TOTALES / TOTAL DOMICILIO,0
Chuquisaca,10301,Zudañez,2024,4,TOTALES / TOTAL DOMICILIO,1
La Paz,20201,Achacachi,2024,5,TOTALES / TOTAL DOMICILIO,0
Cochabamba,30201,Aiquile,2024,5,TOTALES / TOTAL DOMICILIO,2
Potosí,50802,Atocha,2024,5,TOTALES / TOTAL DOMICILIO,0
La Paz,20502,Ayata,2024,5,TOTALES / TOTAL DOMICILIO,1
La Paz,21303,Ayo Ayo,2024,5,TOTALES / TOTAL DOMICILIO,1
Cochabamba,30301,Ayopaya (v. De Independencia),2024,5,TOTALES / TOTAL DOMICILIO,2
Santa Cruz,70706,Camiri,2024,5,TOTALES / TOTAL DOMICILIO,0
Oruro,40102,Caracollo,2024,5,TOTALES / TOTAL DOMICILIO,1
Santa Cruz,71403,Carmen Rivero Torrez,2024,5,TOTALES / TOTAL DOMICILIO,0
Oruro,40201,Challapata,2024,5,TOTALES / TOTAL DOMICILIO,1
Potosí,50202,Chayanta,2024,5,TOTALES / TOTAL DOMICILIO,2
Cochabamba,31204,Chimore,2024,5,TOTALES / TOTAL DOMICILIO,0
Pando,90101,Cobija,2024,5,TOTALES / TOTAL DOMICILIO,0
Cochabamba,30101,Cochabamba,2024,5,TOTALES / TOTAL DOMICILIO,0
Potosí,50401,Colquechaca,2024,5,TOTALES / TOTAL DOMICILIO,1
La Paz,21306,Colquencha,2024,5,TOTALES / TOTAL DOMICILIO,1
Chuquisaca,10902,Culpina,2024,5,TOTALES / TOTAL DOMICILIO,1
La Paz,20105,El Alto,2024,5,TOTALES / TOTAL DOMICILIO,3
Santa Cruz,70105,El Torno,2024,5,TOTALES / TOTAL DOMICILIO,0
La Paz,20405,Escoma,2024,5,TOTALES / TOTAL DOMICILIO,0
La Paz,20802,Guaqui,2024,5,TOTALES / TOTAL DOMICILIO,0
Beni,80202,Guayaramerin,2024,5,TOTALES / TOTAL DOMICILIO,0
Santa Cruz,70705,Gutierrez,2024,5,TOTALES / TOTAL DOMICILIO,0
Oruro,40701,Huanuni,2024,5,TOTALES / TOTAL DOMICILIO,2
La Paz,20101,La Paz,2024,5,TOTALES / TOTAL DOMICILIO,0
Potosí,50203,Llallagua,2024,5,TOTALES / TOTAL DOMICILIO,0
Beni,80601,Loreto,2024,5,TOTALES / TOTAL DOMICILIO,2
Beni,80801,Magdalena,2024,5,TOTALES / TOTAL DOMICILIO,0
La Paz,20607,Mapiri,2024,5,TOTALES / TOTAL DOMICILIO,0
Cochabamba,31301,Mizque,2024,5,TOTALES / TOTAL DOMICILIO,0
Chuquisaca,10501,Monteagudo,2024,5,TOTALES / TOTAL DOMICILIO,0
Santa Cruz,71001,Montero,2024,5,TOTALES / TOTAL DOMICILIO,0
Potosí,50404,Ocuri,2024,5,TOTALES / TOTAL DOMICILIO,0
Oruro,40101,Oruro,2024,5,TOTALES / TOTAL DOMICILIO,0
La Paz,21305,Patacamaya,2024,5,TOTALES / TOTAL DOMICILIO,0
Chuquisaca,10103,Poroma,2024,5,TOTALES / TOTAL DOMICILIO,0
Potosí,50101,Potosi,2024,5,TOTALES / TOTAL DOMICILIO,1
Santa Cruz,70805,Pucara,2024,5,TOTALES / TOTAL DOMICILIO,0
Santa Cruz,71402,Puerto Quijarro,2024,5,TOTALES / TOTAL DOMICILIO,0
Beni,80703,Puerto Siles,2024,5,TOTALES / TOTAL DOMICILIO,0
Cochabamba,31205,Puerto Villarroel,2024,5,TOTALES / TOTAL DOMICILIO,1
Cochabamba,31401,Punata,2024,5,TOTALES / TOTAL DOMICILIO,0
Cochabamba,30901,Quillacollo,2024,5,TOTALES / TOTAL DOMICILIO,0
Beni,80301,Reyes,2024,5,TOTALES / TOTAL DOMICILIO,0
Beni,80201,Riberalta,2024,5,TOTALES / TOTAL DOMICILIO,0
Santa Cruz,70503,Robore,2024,5,TOTALES / TOTAL DOMICILIO,0
Beni,80304,Rurrenabaque,2024,5,TOTALES / TOTAL DOMICILIO,0
Cochabamba,31001,Sacaba,2024,5,TOTALES / TOTAL DOMICILIO,0
Beni,80501,San Ignacio,2024,5,TOTALES / TOTAL DOMICILIO,0
Santa Cruz,70301,San Ignacio De Velasco,2024,5,TOTALES / TOTAL DOMICILIO,0
Santa Cruz,71201,San Matias,2024,5,TOTALES / TOTAL DOMICILIO,0
La Paz,21801,San Pedro De Curahuara,2024,5,TOTALES / TOTAL DOMICILIO,1
Santa Cruz,70303,San Rafael,2024,5,TOTALES / TOTAL DOMICILIO,0
Santa Cruz,70101,Santa Cruz De La Sierra,2024,5,TOTALES / TOTAL DOMICILIO,1
Santa Cruz,70602,Santa Rosa Del Sara,2024,5,TOTALES / TOTAL DOMICILIO,0
La Paz,20902,Sapahaqui,2024,5,TOTALES / TOTAL DOMICILIO,1
Pando,90303,Sena,2024,5,TOTALES / TOTAL DOMICILIO,2
Cochabamba,30703,Sicaya,2024,5,TOTALES / TOTAL DOMICILIO,0
Chuquisaca,10101,Sucre,2024,5,TOTALES / TOTAL DOMICILIO,1
Potosí,50303,Tacobamba,2024,5,TOTALES / TOTAL DOMICILIO,0
Cochabamba,31101,Tapacari,2024,5,TOTALES / TOTAL DOMICILIO,3
Tarija,60101,Tarija,2024,5,TOTALES / TOTAL DOMICILIO,0
La Paz,20803,Tiahuanacu,2024,5,TOTALES / TOTAL DOMICILIO,1
Cochabamba,30903,Tiquipaya,2024,5,TOTALES / TOTAL DOMICILIO,0
Beni,80101,Trinidad,2024,5,TOTALES / TOTAL DOMICILIO,0
Potosí,50801,Tupiza,2024,5,TOTALES / TOTAL DOMICILIO,0
La Paz,20801,Viacha,2024,5,TOTALES / TOTAL DOMICILIO,0
Tarija,60303,Villa Montes,2024,5,TOTALES / TOTAL DOMICILIO,0
Chuquisaca,10801,Villa Serrano,2024,5,TOTALES / TOTAL DOMICILIO,0
Cochabamba,31003,Villa Tunari,2024,5,TOTALES / TOTAL DOMICILIO,0
Potosí,51501,Villazon,2024,5,TOTALES / TOTAL DOMICILIO,0
Cochabamba,30904,Vinto,2024,5,TOTALES / TOTAL DOMICILIO,0
Potosí,50602,Vitichi,2024,5,TOTALES / TOTAL DOMICILIO,0
Santa Cruz,70201,Warnes,2024,5,TOTALES / TOTAL DOMICILIO,0
Tarija,60301,Yacuiba,2024,5,TOTALES / TOTAL DOMICILIO,0
Chuquisaca,10602,Yamparaez,2024,5,TOTALES / TOTAL DOMICILIO,1
Santa Cruz,70403,Yapacani,2024,5,TOTALES / TOTAL DOMICILIO,0
Cochabamba,30201,Aiquile,2024,6,TOTALES / TOTAL DOMICILIO,1
Santa Cruz,71501,Ascencion De Guarayos,2024,6,TOTALES / TOTAL DOMICILIO,0
La Paz,20503,Aucapata,2024,6,TOTALES / TOTAL DOMICILIO,0
Cochabamba,30301,Ayopaya (v. De Independencia),2024,6,TOTALES / TOTAL DOMICILIO,1
Chuquisaca,10201,Azurduy,2024,6,TOTALES / TOTAL DOMICILIO,0
La Paz,21203,Batallas,2024,6,TOTALES / TOTAL DOMICILIO,1
Tarija,60202,Bermejo,2024,6,TOTALES / TOTAL DOMICILIO,0
Potosí,50301,Betanzos,2024,6,TOTALES / TOTAL DOMICILIO,0
Pando,90103,Bolpebra,2024,6,TOTALES / TOTAL DOMICILIO,0
Santa Cruz,70703,Cabezas,2024,6,TOTALES / TOTAL DOMICILIO,0
La Paz,21003,Cajuata,2024,6,TOTALES / TOTAL DOMICILIO,0
Chuquisaca,10701,Camargo,2024,6,TOTALES / TOTAL DOMICILIO,0
Santa Cruz,70706,Camiri,2024,6,TOTALES / TOTAL DOMICILIO,0
Cochabamba,30701,Capinota,2024,6,TOTALES / TOTAL DOMICILIO,1
Oruro,40102,Caracollo,2024,6,TOTALES / TOTAL DOMICILIO,0
La Paz,22001,Caranavi,2024,6,TOTALES / TOTAL DOMICILIO,0
Oruro,40201,Challapata,2024,6,TOTALES / TOTAL DOMICILIO,1
Cochabamba,30801,Cliza,2024,6,TOTALES / TOTAL DOMICILIO,0
Pando,90101,Cobija,2024,6,TOTALES / TOTAL DOMICILIO,0
Cochabamba,30101,Cochabamba,2024,6,TOTALES / TOTAL DOMICILIO,1
Cochabamba,30905,Colcapirhua,2024,6,TOTALES / TOTAL DOMICILIO,0
Cochabamba,31002,Colomi,2024,6,TOTALES / TOTAL DOMICILIO,1
Santa Cruz,71101,Concepcion,2024,6,TOTALES / TOTAL DOMICILIO,0
Chuquisaca,10902,Culpina,2024,6,TOTALES / TOTAL DOMICILIO,1
La Paz,20105,El Alto,2024,6,TOTALES / TOTAL DOMICILIO,0
Tarija,60502,El Puente(tja),2024,6,TOTALES / TOTAL DOMICILIO,0
Santa Cruz,70105,El Torno,2024,6,TOTALES / TOTAL DOMICILIO,0
Santa Cruz,71004,Fernandez Alonso,2024,6,TOTALES / TOTAL DOMICILIO,0
Beni,80202,Guayaramerin,2024,6,TOTALES / TOTAL DOMICILIO,0
Oruro,40701,Huanuni,2024,6,TOTALES / TOTAL DOMICILIO,0
La Paz,20204,Huarina,2024,6,TOTALES / TOTAL DOMICILIO,1
La Paz,21102,Irupana (villa De Lanza),2024,6,TOTALES / TOTAL DOMICILIO,4
La Paz,21105,La Asunta,2024,6,TOTALES / TOTAL DOMICILIO,0
La Paz,20101,La Paz,2024,6,TOTALES / TOTAL DOMICILIO,0
Potosí,50203,Llallagua,2024,6,TOTALES / TOTAL DOMICILIO,0
Beni,80601,Loreto,2024,6,TOTALES / TOTAL DOMICILIO,0
Santa Cruz,70903,Mairana,2024,6,TOTALES / TOTAL DOMICILIO,1
Cochabamba,31301,Mizque,2024,6,TOTALES / TOTAL DOMICILIO,0
Chuquisaca,10501,Monteagudo,2024,6,TOTALES / TOTAL DOMICILIO,0
Cochabamba,30302,Morochata,2024,6,TOTALES / TOTAL DOMICILIO,0
Oruro,40101,Oruro,2024,6,TOTALES / TOTAL DOMICILIO,0
Chuquisaca,10401,Padilla,2024,6,TOTALES / TOTAL DOMICILIO,0
La Paz,21305,Patacamaya,2024,6,TOTALES / TOTAL DOMICILIO,0
Oruro,40601,Poopo,2024,6,TOTALES / TOTAL DOMICILIO,0
Potosí,50101,Potosi,2024,6,TOTALES / TOTAL DOMICILIO,0
Pando,90301,Puerto Gonzalo Moreno,2024,6,TOTALES / TOTAL DOMICILIO,0
Santa Cruz,71402,Puerto Quijarro,2024,6,TOTALES / TOTAL DOMICILIO,1
Cochabamba,31205,Puerto Villarroel,2024,6,TOTALES / TOTAL DOMICILIO,0
La Paz,20604,Quiabaya,2024,6,TOTALES / TOTAL DOMICILIO,0
Cochabamba,30901,Quillacollo,2024,6,TOTALES / TOTAL DOMICILIO,0
Cochabamba,31304,Raqaypampa(eta),2024,6,TOTALES / TOTAL DOMICILIO,0
Beni,80301,Reyes,2024,6,TOTALES / TOTAL DOMICILIO,0
Beni,80201,Riberalta,2024,6,TOTALES / TOTAL DOMICILIO,0
Santa Cruz,70503,Robore,2024,6,TOTALES / TOTAL DOMICILIO,0
Cochabamba,31001,Sacaba,2024,6,TOTALES / TOTAL DOMICILIO,0
Beni,80302,San Borja,2024,6,TOTALES / TOTAL DOMICILIO,0
Santa Cruz,70301,San Ignacio De Velasco,2024,6,TOTALES / TOTAL DOMICILIO,0
Santa Cruz,71102,San Javier(stc),2024,6,TOTALES / TOTAL DOMICILIO,0
Santa Cruz,70501,San Jose De Chiquitos,2024,6,TOTALES / TOTAL DOMICILIO,0
Santa Cruz,70302,San Miguel De Velasco,2024,6,TOTALES / TOTAL DOMICILIO,0
Potosí,50501,San Pedro De Buena Vista,2024,6,TOTALES / TOTAL DOMICILIO,1
Santa Cruz,70303,San Rafael,2024,6,TOTALES / TOTAL DOMICILIO,0
Santa Cruz,70101,Santa Cruz De La Sierra,2024,6,TOTALES / TOTAL DOMICILIO,0
Chuquisaca,10101,Sucre,2024,6,TOTALES / TOTAL DOMICILIO,0
Potosí,50303,Tacobamba,2024,6,TOTALES / TOTAL DOMICILIO,1
Cochabamba,31101,Tapacari,2024,6,TOTALES / TOTAL DOMICILIO,4
Tarija,60101,Tarija,2024,6,TOTALES / TOTAL DOMICILIO,0
La Paz,20803,Tiahuanacu,2024,6,TOTALES / TOTAL DOMICILIO,0
Cochabamba,30903,Tiquipaya,2024,6,TOTALES / TOTAL DOMICILIO,0
Beni,80101,Trinidad,2024,6,TOTALES / TOTAL DOMICILIO,0
La Paz,20801,Viacha,2024,6,TOTALES / TOTAL DOMICILIO,0
Pando,90502,Villa Nueva (loma Alta),2024,6,TOTALES / TOTAL DOMICILIO,1
Cochabamba,31003,Villa Tunari,2024,6,TOTALES / TOTAL DOMICILIO,0
Potosí,51501,Villazon,2024,6,TOTALES / TOTAL DOMICILIO,0
Cochabamba,30904,Vinto,2024,6,TOTALES / TOTAL DOMICILIO,0
Tarija,60301,Yacuiba,2024,6,TOTALES / TOTAL DOMICILIO,0
La Paz,20201,Achacachi,2024,7,TOTALES / TOTAL DOMICILIO,1
Cochabamba,30201,Aiquile,2024,7,TOTALES / TOTAL DOMICILIO,1
Potosí,51301,Arampampa,2024,7,TOTALES / TOTAL DOMICILIO,1
La Paz,20503,Aucapata,2024,7,TOTALES / TOTAL DOMICILIO,0
La Paz,20502,Ayata,2024,7,TOTALES / TOTAL DOMICILIO,1
Cochabamba,30301,Ayopaya (v. De Independencia),2024,7,TOTALES / TOTAL DOMICILIO,1
Tarija,60202,Bermejo,2024,7,TOTALES / TOTAL DOMICILIO,0
Potosí,50301,Betanzos,2024,7,TOTALES / TOTAL DOMICILIO,0
Santa Cruz,70707,Boyuibe,2024,7,TOTALES / TOTAL DOMICILIO,1
Chuquisaca,10701,Camargo,2024,7,TOTALES / TOTAL DOMICILIO,0
Oruro,40102,Caracollo,2024,7,TOTALES / TOTAL DOMICILIO,0
La Paz,22001,Caranavi,2024,7,TOTALES / TOTAL DOMICILIO,1
Oruro,40201,Challapata,2024,7,TOTALES / TOTAL DOMICILIO,0
Santa Cruz,70702,Charagua,2024,7,TOTALES / TOTAL DOMICILIO,0
Cochabamba,30801,Cliza,2024,7,TOTALES / TOTAL DOMICILIO,0
Pando,90101,Cobija,2024,7,TOTALES / TOTAL DOMICILIO,0
Cochabamba,30101,Cochabamba,2024,7,TOTALES / TOTAL DOMICILIO,0
Cochabamba,30905,Colcapirhua,2024,7,TOTALES / TOTAL DOMICILIO,0
Cochabamba,31002,Colomi,2024,7,TOTALES / TOTAL DOMICILIO,0
Potosí,50401,Colquechaca,2024,7,TOTALES / TOTAL DOMICILIO,0
Santa Cruz,71101,Concepcion,2024,7,TOTALES / TOTAL DOMICILIO,0
La Paz,21701,Copacabana,2024,7,TOTALES / TOTAL DOMICILIO,0
La Paz,20301,Coro Coro,2024,7,TOTALES / TOTAL DOMICILIO,1
Santa Cruz,70102,Cotoca,2024,7,TOTALES / TOTAL DOMICILIO,0
Santa Cruz,71106,Cuatro Cañadas,2024,7,TOTALES / TOTAL DOMICILIO,0
Chuquisaca,10902,Culpina,2024,7,TOTALES / TOTAL DOMICILIO,1
La Paz,21602,Curva,2024,7,TOTALES / TOTAL DOMICILIO,1
La Paz,20105,El Alto,2024,7,TOTALES / TOTAL DOMICILIO,0
Tarija,60502,El Puente(tja),2024,7,TOTALES / TOTAL DOMICILIO,0
Cochabamba,31206,Entre Rios Cbba,2024,7,TOTALES / TOTAL DOMICILIO,0
La Paz,20405,Escoma,2024,7,TOTALES / TOTAL DOMICILIO,0
Oruro,41101,Eucaliptus,2024,7,TOTALES / TOTAL DOMICILIO,0
Beni,80202,Guayaramerin,2024,7,TOTALES / TOTAL DOMICILIO,0
La Paz,21105,La Asunta,2024,7,TOTALES / TOTAL DOMICILIO,0
La Paz,20101,La Paz,2024,7,TOTALES / TOTAL DOMICILIO,1
Potosí,50203,Llallagua,2024,7,TOTALES / TOTAL DOMICILIO,1
Chuquisaca,11003,Machareti,2024,7,TOTALES / TOTAL DOMICILIO,1
Beni,80801,Magdalena,2024,7,TOTALES / TOTAL DOMICILIO,0
Santa Cruz,71003,Mineros,2024,7,TOTALES / TOTAL DOMICILIO,0
Chuquisaca,10501,Monteagudo,2024,7,TOTALES / TOTAL DOMICILIO,0
Santa Cruz,71001,Montero,2024,7,TOTALES / TOTAL DOMICILIO,0
Oruro,40101,Oruro,2024,7,TOTALES / TOTAL DOMICILIO,0
La Paz,21305,Patacamaya,2024,7,TOTALES / TOTAL DOMICILIO,0
Chuquisaca,10103,Poroma,2024,7,TOTALES / TOTAL DOMICILIO,0
Potosí,50101,Potosi,2024,7,TOTALES / TOTAL DOMICILIO,0
La Paz,21201,Pucarani,2024,7,TOTALES / TOTAL DOMICILIO,0
Santa Cruz,71401,Puerto Suarez,2024,7,TOTALES / TOTAL DOMICILIO,0
Cochabamba,31205,Puerto Villarroel,2024,7,TOTALES / TOTAL DOMICILIO,0
Cochabamba,31401,Punata,2024,7,TOTALES / TOTAL DOMICILIO,0
Cochabamba,30901,Quillacollo,2024,7,TOTALES / TOTAL DOMICILIO,1
Beni,80201,Riberalta,2024,7,TOTALES / TOTAL DOMICILIO,0
Beni,80304,Rurrenabaque,2024,7,TOTALES / TOTAL DOMICILIO,0
Cochabamba,31001,Sacaba,2024,7,TOTALES / TOTAL DOMICILIO,0
Beni,80302,San Borja,2024,7,TOTALES / TOTAL DOMICILIO,1
Santa Cruz,70402,San Carlos,2024,7,TOTALES / TOTAL DOMICILIO,0
Beni,80501,San Ignacio,2024,7,TOTALES / TOTAL DOMICILIO,0
Santa Cruz,70301,San Ignacio De Velasco,2024,7,TOTALES / TOTAL DOMICILIO,0
Santa Cruz,71104,San Julian,2024,7,TOTALES / TOTAL DOMICILIO,0
Chuquisaca,10702,San Lucas,2024,7,TOTALES / TOTAL DOMICILIO,0
Santa Cruz,71201,San Matias,2024,7,TOTALES / TOTAL DOMICILIO,0
Santa Cruz,70302,San Miguel De Velasco,2024,7,TOTALES / TOTAL DOMICILIO,0
Santa Cruz,70101,Santa Cruz De La Sierra,2024,7,TOTALES / TOTAL DOMICILIO,0
Santa Cruz,70602,Santa Rosa Del Sara,2024,7,TOTALES / TOTAL DOMICILIO,0
Cochabamba,30902,Sipe Sipe,2024,7,TOTALES / TOTAL DOMICILIO,0
Chuquisaca,10403,Sopachuy,2024,7,TOTALES / TOTAL DOMICILIO,0
Chuquisaca,10101,Sucre,2024,7,TOTALES / TOTAL DOMICILIO,0
Cochabamba,31101,Tapacari,2024,7,TOTALES / TOTAL DOMICILIO,1
Tarija,60101,Tarija,2024,7,TOTALES / TOTAL DOMICILIO,0
Potosí,50102,Tinguipaya,2024,7,TOTALES / TOTAL DOMICILIO,1
Cochabamba,30903,Tiquipaya,2024,7,TOTALES / TOTAL DOMICILIO,0
Potosí,50502,Toro Toro,2024,7,TOTALES / TOTAL DOMICILIO,0
Beni,80101,Trinidad,2024,7,TOTALES / TOTAL DOMICILIO,1
Potosí,51201,Uyuni,2024,7,TOTALES / TOTAL DOMICILIO,0
Santa Cruz,70801,Vallegrande,2024,7,TOTALES / TOTAL DOMICILIO,0
La Paz,20801,Viacha,2024,7,TOTALES / TOTAL DOMICILIO,0
Chuquisaca,10704,Villa Charcas,2024,7,TOTALES / TOTAL DOMICILIO,1
Tarija,60303,Villa Montes,2024,7,TOTALES / TOTAL DOMICILIO,0
Cochabamba,31003,Villa Tunari,2024,7,TOTALES / TOTAL DOMICILIO,2
Potosí,51501,Villazon,2024,7,TOTALES / TOTAL DOMICILIO,1
Cochabamba,30904,Vinto,2024,7,TOTALES / TOTAL DOMICILIO,0
Tarija,60301,Yacuiba,2024,7,TOTALES / TOTAL DOMICILIO,0
Santa Cruz,70403,Yapacani,2024,7,TOTALES / TOTAL DOMICILIO,1
La Paz,20201,Achacachi,2024,8,TOTALES / TOTAL DOMICILIO,0
Cochabamba,30301,Ayopaya (v. De Independencia),2024,8,TOTALES / TOTAL DOMICILIO,3
Tarija,60202,Bermejo,2024,8,TOTALES / TOTAL DOMICILIO,0
Santa Cruz,70706,Camiri,2024,8,TOTALES / TOTAL DOMICILIO,0
Oruro,40102,Caracollo,2024,8,TOTALES / TOTAL DOMICILIO,0
La Paz,22001,Caranavi,2024,8,TOTALES / TOTAL DOMICILIO,0
Oruro,40201,Challapata,2024,8,TOTALES / TOTAL DOMICILIO,1
Potosí,50302,Chaqui,2024,8,TOTALES / TOTAL DOMICILIO,1
Potosí,50202,Chayanta,2024,8,TOTALES / TOTAL DOMICILIO,1
Cochabamba,31204,Chimore,2024,8,TOTALES / TOTAL DOMICILIO,1
Pando,90101,Cobija,2024,8,TOTALES / TOTAL DOMICILIO,0
Cochabamba,30101,Cochabamba,2024,8,TOTALES / TOTAL DOMICILIO,0
Cochabamba,30905,Colcapirhua,2024,8,TOTALES / TOTAL DOMICILIO,0
Potosí,50401,Colquechaca,2024,8,TOTALES / TOTAL DOMICILIO,2
La Paz,21004,Colquiri,2024,8,TOTALES / TOTAL DOMICILIO,0
Santa Cruz,71101,Concepcion,2024,8,TOTALES / TOTAL DOMICILIO,1
La Paz,21701,Copacabana,2024,8,TOTALES / TOTAL DOMICILIO,0
La Paz,21402,Coripata,2024,8,TOTALES / TOTAL DOMICILIO,0
La Paz,21401,Coroico,2024,8,TOTALES / TOTAL DOMICILIO,0
Chuquisaca,10902,Culpina,2024,8,TOTALES / TOTAL DOMICILIO,0
Oruro,40401,Curahuara De Carangas,2024,8,TOTALES / TOTAL DOMICILIO,0
La Paz,20105,El Alto,2024,8,TOTALES / TOTAL DOMICILIO,1
Beni,80202,Guayaramerin,2024,8,TOTALES / TOTAL DOMICILIO,0
Oruro,40701,Huanuni,2024,8,TOTALES / TOTAL DOMICILIO,0
La Paz,21105,La Asunta,2024,8,TOTALES / TOTAL DOMICILIO,0
La Paz,20101,La Paz,2024,8,TOTALES / TOTAL DOMICILIO,2
Santa Cruz,70701,Lagunillas,2024,8,TOTALES / TOTAL DOMICILIO,0
Potosí,50203,Llallagua,2024,8,TOTALES / TOTAL DOMICILIO,0
Chuquisaca,11003,Machareti,2024,8,TOTALES / TOTAL DOMICILIO,0
Beni,80801,Magdalena,2024,8,TOTALES / TOTAL DOMICILIO,0
La Paz,20103,Mecapaca,2024,8,TOTALES / TOTAL DOMICILIO,0
Santa Cruz,71001,Montero,2024,8,TOTALES / TOTAL DOMICILIO,0
Cochabamba,30302,Morochata,2024,8,TOTALES / TOTAL DOMICILIO,2
Oruro,40101,Oruro,2024,8,TOTALES / TOTAL DOMICILIO,0
Santa Cruz,70601,Portachuelo,2024,8,TOTALES / TOTAL DOMICILIO,0
Potosí,50101,Potosi,2024,8,TOTALES / TOTAL DOMICILIO,0
Santa Cruz,71402,Puerto Quijarro,2024,8,TOTALES / TOTAL DOMICILIO,0
Santa Cruz,71401,Puerto Suarez,2024,8,TOTALES / TOTAL DOMICILIO,0
Cochabamba,31205,Puerto Villarroel,2024,8,TOTALES / TOTAL DOMICILIO,0
Cochabamba,31401,Punata,2024,8,TOTALES / TOTAL DOMICILIO,0
Cochabamba,30901,Quillacollo,2024,8,TOTALES / TOTAL DOMICILIO,0
Beni,80201,Riberalta,2024,8,TOTALES / TOTAL DOMICILIO,0
Santa Cruz,70503,Robore,2024,8,TOTALES / TOTAL DOMICILIO,0
Cochabamba,31001,Sacaba,2024,8,TOTALES / TOTAL DOMICILIO,0
Potosí,50701,Sacaca,2024,8,TOTALES / TOTAL DOMICILIO,1
Santa Cruz,71105,San Antonio De Lomerio,2024,8,TOTALES / TOTAL DOMICILIO,0
Beni,80302,San Borja,2024,8,TOTALES / TOTAL DOMICILIO,1
La Paz,21502,San Buena Ventura,2024,8,TOTALES / TOTAL DOMICILIO,1
Beni,80501,San Ignacio,2024,8,TOTALES / TOTAL DOMICILIO,0
Santa Cruz,70301,San Ignacio De Velasco,2024,8,TOTALES / TOTAL DOMICILIO,0
Chuquisaca,10702,San Lucas,2024,8,TOTALES / TOTAL DOMICILIO,0
Beni,80401,Santa Ana,2024,8,TOTALES / TOTAL DOMICILIO,0
Santa Cruz,70101,Santa Cruz De La Sierra,2024,8,TOTALES / TOTAL DOMICILIO,0
Pando,90303,Sena,2024,8,TOTALES / TOTAL DOMICILIO,0
Cochabamba,31602,Shinaota,2024,8,TOTALES / TOTAL DOMICILIO,0
Chuquisaca,10403,Sopachuy,2024,8,TOTALES / TOTAL DOMICILIO,0
Chuquisaca,10101,Sucre,2024,8,TOTALES / TOTAL DOMICILIO,0
Chuquisaca,10601,Tarabuco,2024,8,TOTALES / TOTAL DOMICILIO,0
Tarija,60101,Tarija,2024,8,TOTALES / TOTAL DOMICILIO,0
Beni,80101,Trinidad,2024,8,TOTALES / TOTAL DOMICILIO,0
Potosí,50801,Tupiza,2024,8,TOTALES / TOTAL DOMICILIO,1
Potosí,51201,Uyuni,2024,8,TOTALES / TOTAL DOMICILIO,0
La Paz,20801,Viacha,2024,8,TOTALES / TOTAL DOMICILIO,0
Chuquisaca,10704,Villa Charcas,2024,8,TOTALES / TOTAL DOMICILIO,0
Tarija,60303,Villa Montes,2024,8,TOTALES / TOTAL DOMICILIO,0
Cochabamba,31003,Villa Tunari,2024,8,TOTALES / TOTAL DOMICILIO,0
Potosí,51501,Villazon,2024,8,TOTALES / TOTAL DOMICILIO,0
Santa Cruz,70201,Warnes,2024,8,TOTALES / TOTAL DOMICILIO,0
Tarija,60301,Yacuiba,2024,8,TOTALES / TOTAL DOMICILIO,0
Santa Cruz,70403,Yapacani,2024,8,TOTALES / TOTAL DOMICILIO,0
Tarija,60402,Yunchara,2024,8,TOTALES / TOTAL DOMICILIO,0
Chuquisaca,10301,Zudañez,2024,8,TOTALES / TOTAL DOMICILIO,0
La Paz,20201,Achacachi,2024,9,TOTALES / TOTAL DOMICILIO,0
La Paz,20104,Achocalla,2024,9,TOTALES / TOTAL DOMICILIO,1
Santa Cruz,71501,Ascencion De Guarayos,2024,9,TOTALES / TOTAL DOMICILIO,0
Cochabamba,30301,Ayopaya (v. De Independencia),2024,9,TOTALES / TOTAL DOMICILIO,1
Beni,80802,Baures,2024,9,TOTALES / TOTAL DOMICILIO,0
Tarija,60202,Bermejo,2024,9,TOTALES / TOTAL DOMICILIO,0
Santa Cruz,70703,Cabezas,2024,9,TOTALES / TOTAL DOMICILIO,0
La Paz,20905,Cairoma,2024,9,TOTALES / TOTAL DOMICILIO,0
Santa Cruz,70706,Camiri,2024,9,TOTALES / TOTAL DOMICILIO,0
La Paz,22001,Caranavi,2024,9,TOTALES / TOTAL DOMICILIO,0
Oruro,40201,Challapata,2024,9,TOTALES / TOTAL DOMICILIO,1
Cochabamba,31204,Chimore,2024,9,TOTALES / TOTAL DOMICILIO,3
La Paz,20203,Chua Cocani,2024,9,TOTALES / TOTAL DOMICILIO,0
Pando,90101,Cobija,2024,9,TOTALES / TOTAL DOMICILIO,0
Cochabamba,30101,Cochabamba,2024,9,TOTALES / TOTAL DOMICILIO,2
Cochabamba,30905,Colcapirhua,2024,9,TOTALES / TOTAL DOMICILIO,0
Potosí,50401,Colquechaca,2024,9,TOTALES / TOTAL DOMICILIO,2
La Paz,20304,Comanche,2024,9,TOTALES / TOTAL DOMICILIO,2
Santa Cruz,71301,Comarapa,2024,9,TOTALES / TOTAL DOMICILIO,0
Santa Cruz,71101,Concepcion,2024,9,TOTALES / TOTAL DOMICILIO,0
La Paz,21701,Copacabana,2024,9,TOTALES / TOTAL DOMICILIO,0
La Paz,20105,El Alto,2024,9,TOTALES / TOTAL DOMICILIO,1
Tarija,60601,Entre Rios Trj,2024,9,TOTALES / TOTAL DOMICILIO,0
Beni,80502,Gia-tim,2024,9,TOTALES / TOTAL DOMICILIO,1
Oruro,40701,Huanuni,2024,9,TOTALES / TOTAL DOMICILIO,0
La Paz,20204,Huarina,2024,9,TOTALES / TOTAL DOMICILIO,1
La Paz,20101,La Paz,2024,9,TOTALES / TOTAL DOMICILIO,0
Potosí,50203,Llallagua,2024,9,TOTALES / TOTAL DOMICILIO,1
Potosí,51401,Llica,2024,9,TOTALES / TOTAL DOMICILIO,0
Beni,80601,Loreto,2024,9,TOTALES / TOTAL DOMICILIO,1
La Paz,20402,Mocomoco,2024,9,TOTALES / TOTAL DOMICILIO,1
Santa Cruz,70803,Moro Moro,2024,9,TOTALES / TOTAL DOMICILIO,1
Oruro,40101,Oruro,2024,9,TOTALES / TOTAL DOMICILIO,0
Tarija,60201,Padcaya,2024,9,TOTALES / TOTAL DOMICILIO,0
Chuquisaca,10401,Padilla,2024,9,TOTALES / TOTAL DOMICILIO,0
La Paz,20102,Palca,2024,9,TOTALES / TOTAL DOMICILIO,3
La Paz,21305,Patacamaya,2024,9,TOTALES / TOTAL DOMICILIO,0
Oruro,40601,Poopo,2024,9,TOTALES / TOTAL DOMICILIO,0
Potosí,51203,Porco,2024,9,TOTALES / TOTAL DOMICILIO,0
Potosí,50101,Potosi,2024,9,TOTALES / TOTAL DOMICILIO,0
Pando,90301,Puerto Gonzalo Moreno,2024,9,TOTALES / TOTAL DOMICILIO,0
Santa Cruz,71401,Puerto Suarez,2024,9,TOTALES / TOTAL DOMICILIO,0
Cochabamba,31205,Puerto Villarroel,2024,9,TOTALES / TOTAL DOMICILIO,0
Cochabamba,31401,Punata,2024,9,TOTALES / TOTAL DOMICILIO,0
Cochabamba,30901,Quillacollo,2024,9,TOTALES / TOTAL DOMICILIO,0
Beni,80301,Reyes,2024,9,TOTALES / TOTAL DOMICILIO,0
Beni,80201,Riberalta,2024,9,TOTALES / TOTAL DOMICILIO,0
Santa Cruz,70503,Robore,2024,9,TOTALES / TOTAL DOMICILIO,0
Oruro,40901,Sabaya,2024,9,TOTALES / TOTAL DOMICILIO,0
Santa Cruz,71105,San Antonio De Lomerio,2024,9,TOTALES / TOTAL DOMICILIO,0
Beni,80302,San Borja,2024,9,TOTALES / TOTAL DOMICILIO,0
La Paz,21502,San Buena Ventura,2024,9,TOTALES / TOTAL DOMICILIO,0
Santa Cruz,70402,San Carlos,2024,9,TOTALES / TOTAL DOMICILIO,0
Beni,80501,San Ignacio,2024,9,TOTALES / TOTAL DOMICILIO,4
Santa Cruz,70301,San Ignacio De Velasco,2024,9,TOTALES / TOTAL DOMICILIO,0
Santa Cruz,71102,San Javier(stc),2024,9,TOTALES / TOTAL DOMICILIO,0
Santa Cruz,70501,San Jose De Chiquitos,2024,9,TOTALES / TOTAL DOMICILIO,0
Santa Cruz,71104,San Julian,2024,9,TOTALES / TOTAL DOMICILIO,0
Santa Cruz,70101,Santa Cruz De La Sierra,2024,9,TOTALES / TOTAL DOMICILIO,0
Cochabamba,30702,Santivañes,2024,9,TOTALES / TOTAL DOMICILIO,0
Oruro,40104,Soracachi,2024,9,TOTALES / TOTAL DOMICILIO,1
La Paz,20601,Sorata,2024,9,TOTALES / TOTAL DOMICILIO,1
Chuquisaca,10101,Sucre,2024,9,TOTALES / TOTAL DOMICILIO,0
Tarija,60101,Tarija,2024,9,TOTALES / TOTAL DOMICILIO,0
Chuquisaca,10202,Tarvita,2024,9,TOTALES / TOTAL DOMICILIO,0
La Paz,20803,Tiahuanacu,2024,9,TOTALES / TOTAL DOMICILIO,0
Cochabamba,30903,Tiquipaya,2024,9,TOTALES / TOTAL DOMICILIO,0
Beni,80101,Trinidad,2024,9,TOTALES / TOTAL DOMICILIO,0
Potosí,50801,Tupiza,2024,9,TOTALES / TOTAL DOMICILIO,0
Potosí,51201,Uyuni,2024,9,TOTALES / TOTAL DOMICILIO,0
La Paz,20801,Viacha,2024,9,TOTALES / TOTAL DOMICILIO,0
Cochabamba,31302,Vila Vila,2024,9,TOTALES / TOTAL DOMICILIO,1
Chuquisaca,10704,Villa Charcas,2024,9,TOTALES / TOTAL DOMICILIO,1
Tarija,60303,Villa Montes,2024,9,TOTALES / TOTAL DOMICILIO,0
Cochabamba,31003,Villa Tunari,2024,9,TOTALES / TOTAL DOMICILIO,0
Potosí,51501,Villazon,2024,9,TOTALES / TOTAL DOMICILIO,0
Cochabamba,30904,Vinto,2024,9,TOTALES / TOTAL DOMICILIO,0
Tarija,60301,Yacuiba,2024,9,TOTALES / TOTAL DOMICILIO,0
Chuquisaca,10301,Zudañez,2024,9,TOTALES / TOTAL DOMICILIO,0
La Paz,20201,Achacachi,2024,10,TOTALES / TOTAL DOMICILIO,0
Cochabamba,30301,Ayopaya (v. De Independencia),2024,10,TOTALES / TOTAL DOMICILIO,2
Pando,90104,Bella Flor,2024,10,TOTALES / TOTAL DOMICILIO,0
Tarija,60202,Bermejo,2024,10,TOTALES / TOTAL DOMICILIO,0
Chuquisaca,10701,Camargo,2024,10,TOTALES / TOTAL DOMICILIO,0
Santa Cruz,70706,Camiri,2024,10,TOTALES / TOTAL DOMICILIO,0
Oruro,40102,Caracollo,2024,10,TOTALES / TOTAL DOMICILIO,0
Oruro,40201,Challapata,2024,10,TOTALES / TOTAL DOMICILIO,1
Cochabamba,30801,Cliza,2024,10,TOTALES / TOTAL DOMICILIO,0
Pando,90101,Cobija,2024,10,TOTALES / TOTAL DOMICILIO,0
Cochabamba,30101,Cochabamba,2024,10,TOTALES / TOTAL DOMICILIO,0
Cochabamba,31002,Colomi,2024,10,TOTALES / TOTAL DOMICILIO,0
Santa Cruz,71301,Comarapa,2024,10,TOTALES / TOTAL DOMICILIO,0
Santa Cruz,71101,Concepcion,2024,10,TOTALES / TOTAL DOMICILIO,0
La Paz,20301,Coro Coro,2024,10,TOTALES / TOTAL DOMICILIO,1
Santa Cruz,70102,Cotoca,2024,10,TOTALES / TOTAL DOMICILIO,0
La Paz,20105,El Alto,2024,10,TOTALES / TOTAL DOMICILIO,0
Tarija,60601,Entre Rios Trj,2024,10,TOTALES / TOTAL DOMICILIO,0
La Paz,20405,Escoma,2024,10,TOTALES / TOTAL DOMICILIO,0
Beni,80202,Guayaramerin,2024,10,TOTALES / TOTAL DOMICILIO,0
Chuquisaca,10502,Huacareta,2024,10,TOTALES / TOTAL DOMICILIO,0
Oruro,40701,Huanuni,2024,10,TOTALES / TOTAL DOMICILIO,0
La Paz,21005,Ichoca,2024,10,TOTALES / TOTAL DOMICILIO,1
Chuquisaca,10304,Icla,2024,10,TOTALES / TOTAL DOMICILIO,0
La Paz,20101,La Paz,2024,10,TOTALES / TOTAL DOMICILIO,1
Chuquisaca,10903,Las Carreras,2024,10,TOTALES / TOTAL DOMICILIO,0
Potosí,50203,Llallagua,2024,10,TOTALES / TOTAL DOMICILIO,0
Beni,80601,Loreto,2024,10,TOTALES / TOTAL DOMICILIO,0
Beni,80801,Magdalena,2024,10,TOTALES / TOTAL DOMICILIO,0
Santa Cruz,71001,Montero,2024,10,TOTALES / TOTAL DOMICILIO,0
Potosí,50404,Ocuri,2024,10,TOTALES / TOTAL DOMICILIO,1
Oruro,40101,Oruro,2024,10,TOTALES / TOTAL DOMICILIO,0
La Paz,20102,Palca,2024,10,TOTALES / TOTAL DOMICILIO,2
Santa Cruz,70902,Pampa Grande,2024,10,TOTALES / TOTAL DOMICILIO,0
Potosí,50101,Potosi,2024,10,TOTALES / TOTAL DOMICILIO,0
La Paz,21201,Pucarani,2024,10,TOTALES / TOTAL DOMICILIO,0
Cochabamba,31205,Puerto Villarroel,2024,10,TOTALES / TOTAL DOMICILIO,0
Cochabamba,30901,Quillacollo,2024,10,TOTALES / TOTAL DOMICILIO,0
Beni,80301,Reyes,2024,10,TOTALES / TOTAL DOMICILIO,0
Beni,80201,Riberalta,2024,10,TOTALES / TOTAL DOMICILIO,0
Santa Cruz,70503,Robore,2024,10,TOTALES / TOTAL DOMICILIO,0
Beni,80304,Rurrenabaque,2024,10,TOTALES / TOTAL DOMICILIO,0
Oruro,40901,Sabaya,2024,10,TOTALES / TOTAL DOMICILIO,1
Cochabamba,31001,Sacaba,2024,10,TOTALES / TOTAL DOMICILIO,0
Santa Cruz,70901,Samaipata,2024,10,TOTALES / TOTAL DOMICILIO,0
Beni,80302,San Borja,2024,10,TOTALES / TOTAL DOMICILIO,2
La Paz,21502,San Buena Ventura,2024,10,TOTALES / TOTAL DOMICILIO,0
Beni,80501,San Ignacio,2024,10,TOTALES / TOTAL DOMICILIO,2
Santa Cruz,70301,San Ignacio De Velasco,2024,10,TOTALES / TOTAL DOMICILIO,0
Chuquisaca,10702,San Lucas,2024,10,TOTALES / TOTAL DOMICILIO,0
Santa Cruz,71201,San Matias,2024,10,TOTALES / TOTAL DOMICILIO,0
La Paz,21801,San Pedro De Curahuara,2024,10,TOTALES / TOTAL DOMICILIO,1
Santa Cruz,70101,Santa Cruz De La Sierra,2024,10,TOTALES / TOTAL DOMICILIO,1
La Paz,21901,Santiago De Machaca,2024,10,TOTALES / TOTAL DOMICILIO,1
Cochabamba,30702,Santivañes,2024,10,TOTALES / TOTAL DOMICILIO,0
Pando,90303,Sena,2024,10,TOTALES / TOTAL DOMICILIO,1
Cochabamba,31602,Shinaota,2024,10,TOTALES / TOTAL DOMICILIO,0
La Paz,20601,Sorata,2024,10,TOTALES / TOTAL DOMICILIO,0
Chuquisaca,10101,Sucre,2024,10,TOTALES / TOTAL DOMICILIO,0
Chuquisaca,10601,Tarabuco,2024,10,TOTALES / TOTAL DOMICILIO,1
Tarija,60101,Tarija,2024,10,TOTALES / TOTAL DOMICILIO,0
Cochabamba,30903,Tiquipaya,2024,10,TOTALES / TOTAL DOMICILIO,0
Cochabamba,30803,Tolata,2024,10,TOTALES / TOTAL DOMICILIO,2
Beni,80101,Trinidad,2024,10,TOTALES / TOTAL DOMICILIO,0
Potosí,50801,Tupiza,2024,10,TOTALES / TOTAL DOMICILIO,0
Potosí,50201,Uncia,2024,10,TOTALES / TOTAL DOMICILIO,0
Cochabamba,31003,Villa Tunari,2024,10,TOTALES / TOTAL DOMICILIO,0
Potosí,51501,Villazon,2024,10,TOTALES / TOTAL DOMICILIO,0
Cochabamba,30904,Vinto,2024,10,TOTALES / TOTAL DOMICILIO,0
Santa Cruz,70201,Warnes,2024,10,TOTALES / TOTAL DOMICILIO,0
Tarija,60301,Yacuiba,2024,10,TOTALES / TOTAL DOMICILIO,0
La Paz,20201,Achacachi,2024,11,TOTALES / TOTAL DOMICILIO,0
Potosí,51301,Arampampa,2024,11,TOTALES / TOTAL DOMICILIO,1
Santa Cruz,71501,Ascencion De Guarayos,2024,11,TOTALES / TOTAL DOMICILIO,0
La Paz,20503,Aucapata,2024,11,TOTALES / TOTAL DOMICILIO,0
Cochabamba,30301,Ayopaya (v. De Independencia),2024,11,TOTALES / TOTAL DOMICILIO,2
Oruro,41202,Belen De Andamarca,2024,11,TOTALES / TOTAL DOMICILIO,0
Tarija,60202,Bermejo,2024,11,TOTALES / TOTAL DOMICILIO,0
Potosí,50301,Betanzos,2024,11,TOTALES / TOTAL DOMICILIO,1
La Paz,22001,Caranavi,2024,11,TOTALES / TOTAL DOMICILIO,0
Tarija,60302,Carapari,2024,11,TOTALES / TOTAL DOMICILIO,0
Oruro,40201,Challapata,2024,11,TOTALES / TOTAL DOMICILIO,1
La Paz,20305,Charaña,2024,11,TOTALES / TOTAL DOMICILIO,0
Potosí,50204,Chuquihuta Ayllu Jucumani,2024,11,TOTALES / TOTAL DOMICILIO,0
Cochabamba,30801,Cliza,2024,11,TOTALES / TOTAL DOMICILIO,0
Pando,90101,Cobija,2024,11,TOTALES / TOTAL DOMICILIO,0
Cochabamba,30303,Cocapata,2024,11,TOTALES / TOTAL DOMICILIO,0
Cochabamba,30101,Cochabamba,2024,11,TOTALES / TOTAL DOMICILIO,0
Cochabamba,31002,Colomi,2024,11,TOTALES / TOTAL DOMICILIO,0
La Paz,21004,Colquiri,2024,11,TOTALES / TOTAL DOMICILIO,1
Santa Cruz,71101,Concepcion,2024,11,TOTALES / TOTAL DOMICILIO,0
La Paz,20301,Coro Coro,2024,11,TOTALES / TOTAL DOMICILIO,1
La Paz,21401,Coroico,2024,11,TOTALES / TOTAL DOMICILIO,0
Santa Cruz,70102,Cotoca,2024,11,TOTALES / TOTAL DOMICILIO,0
Santa Cruz,71106,Cuatro Cañadas,2024,11,TOTALES / TOTAL DOMICILIO,0
Chuquisaca,10902,Culpina,2024,11,TOTALES / TOTAL DOMICILIO,1
La Paz,20804,Desaguadero,2024,11,TOTALES / TOTAL DOMICILIO,1
La Paz,20105,El Alto,2024,11,TOTALES / TOTAL DOMICILIO,0
Tarija,60502,El Puente(tja),2024,11,TOTALES / TOTAL DOMICILIO,0
La Paz,20405,Escoma,2024,11,TOTALES / TOTAL DOMICILIO,2
Potosí,51204,Gaioc Jatun Ayllu Yura,2024,11,TOTALES / TOTAL DOMICILIO,0
La Paz,20802,Guaqui,2024,11,TOTALES / TOTAL DOMICILIO,1
Beni,80202,Guayaramerin,2024,11,TOTALES / TOTAL DOMICILIO,0
Oruro,40701,Huanuni,2024,11,TOTALES / TOTAL DOMICILIO,0
La Paz,21005,Ichoca,2024,11,TOTALES / TOTAL DOMICILIO,1
Chuquisaca,10703,Incahuasi,2024,11,TOTALES / TOTAL DOMICILIO,1
La Paz,21501,Ixiamas,2024,11,TOTALES / TOTAL DOMICILIO,0
La Paz,21105,La Asunta,2024,11,TOTALES / TOTAL DOMICILIO,0
La Paz,20101,La Paz,2024,11,TOTALES / TOTAL DOMICILIO,0
Potosí,50203,Llallagua,2024,11,TOTALES / TOTAL DOMICILIO,0
La Paz,20901,Luribay,2024,11,TOTALES / TOTAL DOMICILIO,0
La Paz,20607,Mapiri,2024,11,TOTALES / TOTAL DOMICILIO,0
Chuquisaca,10501,Monteagudo,2024,11,TOTALES / TOTAL DOMICILIO,0
Santa Cruz,71001,Montero,2024,11,TOTALES / TOTAL DOMICILIO,0
Oruro,40101,Oruro,2024,11,TOTALES / TOTAL DOMICILIO,0
La Paz,21104,Palos Blancos,2024,11,TOTALES / TOTAL DOMICILIO,0
Potosí,50101,Potosi,2024,11,TOTALES / TOTAL DOMICILIO,0
Beni,80703,Puerto Siles,2024,11,TOTALES / TOTAL DOMICILIO,0
Santa Cruz,71401,Puerto Suarez,2024,11,TOTALES / TOTAL DOMICILIO,0
Cochabamba,31205,Puerto Villarroel,2024,11,TOTALES / TOTAL DOMICILIO,0
Cochabamba,31401,Punata,2024,11,TOTALES / TOTAL DOMICILIO,0
Cochabamba,30901,Quillacollo,2024,11,TOTALES / TOTAL DOMICILIO,0
Beni,80301,Reyes,2024,11,TOTALES / TOTAL DOMICILIO,0
Beni,80201,Riberalta,2024,11,TOTALES / TOTAL DOMICILIO,0
Beni,80304,Rurrenabaque,2024,11,TOTALES / TOTAL DOMICILIO,0
Cochabamba,31001,Sacaba,2024,11,TOTALES / TOTAL DOMICILIO,0
Beni,80302,San Borja,2024,11,TOTALES / TOTAL DOMICILIO,0
Beni,80501,San Ignacio,2024,11,TOTALES / TOTAL DOMICILIO,0
Santa Cruz,70301,San Ignacio De Velasco,2024,11,TOTALES / TOTAL DOMICILIO,0
Santa Cruz,71102,San Javier(stc),2024,11,TOTALES / TOTAL DOMICILIO,0
Santa Cruz,70501,San Jose De Chiquitos,2024,11,TOTALES / TOTAL DOMICILIO,0
Chuquisaca,10702,San Lucas,2024,11,TOTALES / TOTAL DOMICILIO,0
Santa Cruz,71201,San Matias,2024,11,TOTALES / TOTAL DOMICILIO,0
Santa Cruz,71103,San Ramon Scz,2024,11,TOTALES / TOTAL DOMICILIO,0
Santa Cruz,70101,Santa Cruz De La Sierra,2024,11,TOTALES / TOTAL DOMICILIO,0
Beni,80303,Santa Rosa,2024,11,TOTALES / TOTAL DOMICILIO,1
La Paz,21301,Sica Sica (villa Aroma),2024,11,TOTALES / TOTAL DOMICILIO,1
Cochabamba,30703,Sicaya,2024,11,TOTALES / TOTAL DOMICILIO,1
La Paz,20601,Sorata,2024,11,TOTALES / TOTAL DOMICILIO,1
Chuquisaca,10101,Sucre,2024,11,TOTALES / TOTAL DOMICILIO,0
Cochabamba,31101,Tapacari,2024,11,TOTALES / TOTAL DOMICILIO,3
Chuquisaca,10601,Tarabuco,2024,11,TOTALES / TOTAL DOMICILIO,1
Tarija,60101,Tarija,2024,11,TOTALES / TOTAL DOMICILIO,0
Cochabamba,30903,Tiquipaya,2024,11,TOTALES / TOTAL DOMICILIO,0
Beni,80101,Trinidad,2024,11,TOTALES / TOTAL DOMICILIO,0
Potosí,50801,Tupiza,2024,11,TOTALES / TOTAL DOMICILIO,0
Santa Cruz,70801,Vallegrande,2024,11,TOTALES / TOTAL DOMICILIO,0
Cochabamba,31003,Villa Tunari,2024,11,TOTALES / TOTAL DOMICILIO,1
Potosí,51501,Villazon,2024,11,TOTALES / TOTAL DOMICILIO,0
Santa Cruz,70201,Warnes,2024,11,TOTALES / TOTAL DOMICILIO,0
Tarija,60301,Yacuiba,2024,11,TOTALES / TOTAL DOMICILIO,0
Cochabamba,30601,Arque,2024,12,TOTALES / TOTAL DOMICILIO,1
Santa Cruz,71501,Ascencion De Guarayos,2024,12,TOTALES / TOTAL DOMICILIO,0
Cochabamba,30301,Ayopaya (v. De Independencia),2024,12,TOTALES / TOTAL DOMICILIO,5
La Paz,20905,Cairoma,2024,12,TOTALES / TOTAL DOMICILIO,0
Chuquisaca,10701,Camargo,2024,12,TOTALES / TOTAL DOMICILIO,0
Oruro,40102,Caracollo,2024,12,TOTALES / TOTAL DOMICILIO,0
La Paz,22001,Caranavi,2024,12,TOTALES / TOTAL DOMICILIO,0
Tarija,60302,Carapari,2024,12,TOTALES / TOTAL DOMICILIO,1
La Paz,20203,Chua Cocani,2024,12,TOTALES / TOTAL DOMICILIO,1
Pando,90101,Cobija,2024,12,TOTALES / TOTAL DOMICILIO,0
Cochabamba,30303,Cocapata,2024,12,TOTALES / TOTAL DOMICILIO,1
Cochabamba,30101,Cochabamba,2024,12,TOTALES / TOTAL DOMICILIO,0
Potosí,50401,Colquechaca,2024,12,TOTALES / TOTAL DOMICILIO,0
La Paz,21004,Colquiri,2024,12,TOTALES / TOTAL DOMICILIO,1
Santa Cruz,71101,Concepcion,2024,12,TOTALES / TOTAL DOMICILIO,0
Santa Cruz,70102,Cotoca,2024,12,TOTALES / TOTAL DOMICILIO,0
Chuquisaca,10902,Culpina,2024,12,TOTALES / TOTAL DOMICILIO,0
La Paz,20804,Desaguadero,2024,12,TOTALES / TOTAL DOMICILIO,0
La Paz,20105,El Alto,2024,12,TOTALES / TOTAL DOMICILIO,1
Tarija,60601,Entre Rios Trj,2024,12,TOTALES / TOTAL DOMICILIO,1
La Paz,20405,Escoma,2024,12,TOTALES / TOTAL DOMICILIO,0
Potosí,51204,Gaioc Jatun Ayllu Yura,2024,12,TOTALES / TOTAL DOMICILIO,0
Beni,80202,Guayaramerin,2024,12,TOTALES / TOTAL DOMICILIO,0
Oruro,40701,Huanuni,2024,12,TOTALES / TOTAL DOMICILIO,0
La Paz,20101,La Paz,2024,12,TOTALES / TOTAL DOMICILIO,0
Potosí,50203,Llallagua,2024,12,TOTALES / TOTAL DOMICILIO,0
Santa Cruz,70903,Mairana,2024,12,TOTALES / TOTAL DOMICILIO,0
Oruro,40101,Oruro,2024,12,TOTALES / TOTAL DOMICILIO,0
Tarija,60201,Padcaya,2024,12,TOTALES / TOTAL DOMICILIO,0
Potosí,50403,Pocoata,2024,12,TOTALES / TOTAL DOMICILIO,0
Santa Cruz,70601,Portachuelo,2024,12,TOTALES / TOTAL DOMICILIO,0
Potosí,50101,Potosi,2024,12,TOTALES / TOTAL DOMICILIO,0
Chuquisaca,10302,Presto,2024,12,TOTALES / TOTAL DOMICILIO,2
Cochabamba,31205,Puerto Villarroel,2024,12,TOTALES / TOTAL DOMICILIO,0
Cochabamba,31401,Punata,2024,12,TOTALES / TOTAL DOMICILIO,0
Cochabamba,30901,Quillacollo,2024,12,TOTALES / TOTAL DOMICILIO,0
Beni,80301,Reyes,2024,12,TOTALES / TOTAL DOMICILIO,0
Beni,80201,Riberalta,2024,12,TOTALES / TOTAL DOMICILIO,0
Santa Cruz,70503,Robore,2024,12,TOTALES / TOTAL DOMICILIO,0
Beni,80304,Rurrenabaque,2024,12,TOTALES / TOTAL DOMICILIO,1
Cochabamba,31001,Sacaba,2024,12,TOTALES / TOTAL DOMICILIO,0
La Paz,20805,San Andres De Machaca,2024,12,TOTALES / TOTAL DOMICILIO,1
Santa Cruz,71105,San Antonio De Lomerio,2024,12,TOTALES / TOTAL DOMICILIO,0
Beni,80302,San Borja,2024,12,TOTALES / TOTAL DOMICILIO,0
La Paz,21502,San Buena Ventura,2024,12,TOTALES / TOTAL DOMICILIO,1
Beni,80501,San Ignacio,2024,12,TOTALES / TOTAL DOMICILIO,0
Santa Cruz,70301,San Ignacio De Velasco,2024,12,TOTALES / TOTAL DOMICILIO,0
Chuquisaca,10702,San Lucas,2024,12,TOTALES / TOTAL DOMICILIO,0
Santa Cruz,71201,San Matias,2024,12,TOTALES / TOTAL DOMICILIO,0
La Paz,21702,San Pedro De Tiquina,2024,12,TOTALES / TOTAL DOMICILIO,1
Beni,80401,Santa Ana,2024,12,TOTALES / TOTAL DOMICILIO,0
Santa Cruz,70101,Santa Cruz De La Sierra,2024,12,TOTALES / TOTAL DOMICILIO,0
La Paz,20205,Santiago De Huata,2024,12,TOTALES / TOTAL DOMICILIO,1
Cochabamba,31602,Shinaota,2024,12,TOTALES / TOTAL DOMICILIO,0
La Paz,20601,Sorata,2024,12,TOTALES / TOTAL DOMICILIO,0
Chuquisaca,10101,Sucre,2024,12,TOTALES / TOTAL DOMICILIO,0
Tarija,60101,Tarija,2024,12,TOTALES / TOTAL DOMICILIO,0
Cochabamba,31601,Tiraque (cbba),2024,12,TOTALES / TOTAL DOMICILIO,0
Santa Cruz,70802,Trigal,2024,12,TOTALES / TOTAL DOMICILIO,0
Beni,80101,Trinidad,2024,12,TOTALES / TOTAL DOMICILIO,0
Potosí,50801,Tupiza,2024,12,TOTALES / TOTAL DOMICILIO,1
Potosí,51201,Uyuni,2024,12,TOTALES / TOTAL DOMICILIO,0
Santa Cruz,70801,Vallegrande,2024,12,TOTALES / TOTAL DOMICILIO,0
La Paz,20801,Viacha,2024,12,TOTALES / TOTAL DOMICILIO,0
Tarija,60303,Villa Montes,2024,12,TOTALES / TOTAL DOMICILIO,0
Cochabamba,31003,Villa Tunari,2024,12,TOTALES / TOTAL DOMICILIO,0
Potosí,51501,Villazon,2024,12,TOTALES / TOTAL DOMICILIO,0
Cochabamba,30904,Vinto,2024,12,TOTALES / TOTAL DOMICILIO,0
Santa Cruz,70201,Warnes,2024,12,TOTALES / TOTAL DOMICILIO,0
Tarija,60301,Yacuiba,2024,12,TOTALES / TOTAL DOMICILIO,0
Santa Cruz,70403,Yapacani,2024,12,TOTALES / TOTAL DOMICILIO,0
Cochabamba,30201,Aiquile,2024,1,TOTALES / TOTAL,1
Tarija,60202,Bermejo,2024,1,TOTALES / TOTAL,1
Santa Cruz,70703,Cabezas,2024,1,TOTALES / TOTAL,1
La Paz,20303,Calacoto,2024,1,TOTALES / TOTAL,2
Chuquisaca,10701,Camargo,2024,1,TOTALES / TOTAL,1
Santa Cruz,70706,Camiri,2024,1,TOTALES / TOTAL,1
Cochabamba,30701,Capinota,2024,1,TOTALES / TOTAL,2
La Paz,22001,Caranavi,2024,1,TOTALES / TOTAL,1
Oruro,40201,Challapata,2024,1,TOTALES / TOTAL,2
Santa Cruz,70702,Charagua,2024,1,TOTALES / TOTAL,2
Pando,90101,Cobija,2024,1,TOTALES / TOTAL,7
Cochabamba,30101,Cochabamba,2024,1,TOTALES / TOTAL,76
Cochabamba,30905,Colcapirhua,2024,1,TOTALES / TOTAL,2
Potosí,50901,"Colcha ""k""",2024,1,TOTALES / TOTAL,1
Santa Cruz,71301,Comarapa,2024,1,TOTALES / TOTAL,1
La Paz,21402,Coripata,2024,1,TOTALES / TOTAL,1
La Paz,20804,Desaguadero,2024,1,TOTALES / TOTAL,1
La Paz,20105,El Alto,2024,1,TOTALES / TOTAL,79
Santa Cruz,70105,El Torno,2024,1,TOTALES / TOTAL,1
Cochabamba,31206,Entre Rios Cbba,2024,1,TOTALES / TOTAL,2
Beni,80202,Guayaramerin,2024,1,TOTALES / TOTAL,4
La Paz,21102,Irupana (villa De Lanza),2024,1,TOTALES / TOTAL,1
La Paz,21105,La Asunta,2024,1,TOTALES / TOTAL,2
La Paz,20101,La Paz,2024,1,TOTALES / TOTAL,144
Potosí,50203,Llallagua,2024,1,TOTALES / TOTAL,3
Beni,80801,Magdalena,2024,1,TOTALES / TOTAL,1
Cochabamba,31301,Mizque,2024,1,TOTALES / TOTAL,12
Chuquisaca,10501,Monteagudo,2024,1,TOTALES / TOTAL,1
Santa Cruz,71001,Montero,2024,1,TOTALES / TOTAL,3
Potosí,50404,Ocuri,2024,1,TOTALES / TOTAL,1
Oruro,40101,Oruro,2024,1,TOTALES / TOTAL,45
La Paz,21104,Palos Blancos,2024,1,TOTALES / TOTAL,1
La Paz,21305,Patacamaya,2024,1,TOTALES / TOTAL,3
Potosí,51203,Porco,2024,1,TOTALES / TOTAL,1
Santa Cruz,70601,Portachuelo,2024,1,TOTALES / TOTAL,1
Potosí,50101,Potosi,2024,1,TOTALES / TOTAL,40
Chuquisaca,10302,Presto,2024,1,TOTALES / TOTAL,2
Santa Cruz,71402,Puerto Quijarro,2024,1,TOTALES / TOTAL,3
Cochabamba,31205,Puerto Villarroel,2024,1,TOTALES / TOTAL,6
Cochabamba,31401,Punata,2024,1,TOTALES / TOTAL,1
Cochabamba,30901,Quillacollo,2024,1,TOTALES / TOTAL,2
Beni,80201,Riberalta,2024,1,TOTALES / TOTAL,24
Santa Cruz,70503,Robore,2024,1,TOTALES / TOTAL,1
Cochabamba,31001,Sacaba,2024,1,TOTALES / TOTAL,1
Santa Cruz,70901,Samaipata,2024,1,TOTALES / TOTAL,1
Santa Cruz,71105,San Antonio De Lomerio,2024,1,TOTALES / TOTAL,1
Beni,80302,San Borja,2024,1,TOTALES / TOTAL,3
La Paz,21502,San Buena Ventura,2024,1,TOTALES / TOTAL,4
Santa Cruz,70402,San Carlos,2024,1,TOTALES / TOTAL,1
Beni,80501,San Ignacio,2024,1,TOTALES / TOTAL,1
Santa Cruz,70301,San Ignacio De Velasco,2024,1,TOTALES / TOTAL,6
Santa Cruz,71102,San Javier(stc),2024,1,TOTALES / TOTAL,1
Santa Cruz,70501,San Jose De Chiquitos,2024,1,TOTALES / TOTAL,1
Chuquisaca,10702,San Lucas,2024,1,TOTALES / TOTAL,3
Santa Cruz,70302,San Miguel De Velasco,2024,1,TOTALES / TOTAL,1
Santa Cruz,71005,San Pedro,2024,1,TOTALES / TOTAL,2
Beni,80401,Santa Ana,2024,1,TOTALES / TOTAL,2
Santa Cruz,70101,Santa Cruz De La Sierra,2024,1,TOTALES / TOTAL,78
Cochabamba,31602,Shinaota,2024,1,TOTALES / TOTAL,1
La Paz,20601,Sorata,2024,1,TOTALES / TOTAL,1
Chuquisaca,10101,Sucre,2024,1,TOTALES / TOTAL,37
Chuquisaca,10601,Tarabuco,2024,1,TOTALES / TOTAL,2
La Paz,20807,Taraco,2024,1,TOTALES / TOTAL,1
Tarija,60101,Tarija,2024,1,TOTALES / TOTAL,8
Potosí,50102,Tinguipaya,2024,1,TOTALES / TOTAL,1
Cochabamba,30903,Tiquipaya,2024,1,TOTALES / TOTAL,5
Potosí,50502,Toro Toro,2024,1,TOTALES / TOTAL,1
Beni,80101,Trinidad,2024,1,TOTALES / TOTAL,28
Potosí,50801,Tupiza,2024,1,TOTALES / TOTAL,1
Potosí,50201,Uncia,2024,1,TOTALES / TOTAL,1
Santa Cruz,70801,Vallegrande,2024,1,TOTALES / TOTAL,4
La Paz,20801,Viacha,2024,1,TOTALES / TOTAL,3
Tarija,60303,Villa Montes,2024,1,TOTALES / TOTAL,1
Cochabamba,31003,Villa Tunari,2024,1,TOTALES / TOTAL,9
Potosí,51501,Villazon,2024,1,TOTALES / TOTAL,1
Cochabamba,30904,Vinto,2024,1,TOTALES / TOTAL,1
Tarija,60301,Yacuiba,2024,1,TOTALES / TOTAL,6
Santa Cruz,70403,Yapacani,2024,1,TOTALES / TOTAL,1
La Paz,20201,Achacachi,2024,2,TOTALES / TOTAL,4
Cochabamba,31303,Alalay,2024,2,TOTALES / TOTAL,2
Potosí,51301,Arampampa,2024,2,TOTALES / TOTAL,1
Santa Cruz,71501,Ascencion De Guarayos,2024,2,TOTALES / TOTAL,3
Cochabamba,30301,Ayopaya (v. De Independencia),2024,2,TOTALES / TOTAL,1
La Paz,21203,Batallas,2024,2,TOTALES / TOTAL,1
Tarija,60202,Bermejo,2024,2,TOTALES / TOTAL,1
Chuquisaca,10701,Camargo,2024,2,TOTALES / TOTAL,1
Oruro,40102,Caracollo,2024,2,TOTALES / TOTAL,2
La Paz,22001,Caranavi,2024,2,TOTALES / TOTAL,2
Tarija,60302,Carapari,2024,2,TOTALES / TOTAL,1
Santa Cruz,71403,Carmen Rivero Torrez,2024,2,TOTALES / TOTAL,1
Oruro,40201,Challapata,2024,2,TOTALES / TOTAL,2
La Paz,20203,Chua Cocani,2024,2,TOTALES / TOTAL,2
Pando,90101,Cobija,2024,2,TOTALES / TOTAL,2
Cochabamba,30101,Cochabamba,2024,2,TOTALES / TOTAL,90
Potosí,50401,Colquechaca,2024,2,TOTALES / TOTAL,1
Santa Cruz,71101,Concepcion,2024,2,TOTALES / TOTAL,1
La Paz,20301,Coro Coro,2024,2,TOTALES / TOTAL,1
La Paz,21401,Coroico,2024,2,TOTALES / TOTAL,2
Oruro,40301,Corque,2024,2,TOTALES / TOTAL,1
Chuquisaca,10902,Culpina,2024,2,TOTALES / TOTAL,1
La Paz,20105,El Alto,2024,2,TOTALES / TOTAL,80
Santa Cruz,70105,El Torno,2024,2,TOTALES / TOTAL,1
Cochabamba,31206,Entre Rios Cbba,2024,2,TOTALES / TOTAL,2
Santa Cruz,71004,Fernandez Alonso,2024,2,TOTALES / TOTAL,1
Beni,80202,Guayaramerin,2024,2,TOTALES / TOTAL,5
Oruro,40701,Huanuni,2024,2,TOTALES / TOTAL,2
La Paz,20204,Huarina,2024,2,TOTALES / TOTAL,1
Chuquisaca,10703,Incahuasi,2024,2,TOTALES / TOTAL,1
La Paz,21105,La Asunta,2024,2,TOTALES / TOTAL,2
Santa Cruz,70104,La Guardia,2024,2,TOTALES / TOTAL,2
La Paz,20101,La Paz,2024,2,TOTALES / TOTAL,127
Potosí,50203,Llallagua,2024,2,TOTALES / TOTAL,4
Beni,80601,Loreto,2024,2,TOTALES / TOTAL,1
Santa Cruz,71003,Mineros,2024,2,TOTALES / TOTAL,1
Santa Cruz,71001,Montero,2024,2,TOTALES / TOTAL,8
Potosí,50404,Ocuri,2024,2,TOTALES / TOTAL,1
Oruro,40101,Oruro,2024,2,TOTALES / TOTAL,33
La Paz,21104,Palos Blancos,2024,2,TOTALES / TOTAL,1
La Paz,21305,Patacamaya,2024,2,TOTALES / TOTAL,1
Santa Cruz,70804,Postrer Valle,2024,2,TOTALES / TOTAL,1
Potosí,50101,Potosi,2024,2,TOTALES / TOTAL,34
Pando,90301,Puerto Gonzalo Moreno,2024,2,TOTALES / TOTAL,1
Cochabamba,31205,Puerto Villarroel,2024,2,TOTALES / TOTAL,3
Cochabamba,31401,Punata,2024,2,TOTALES / TOTAL,2
Cochabamba,30901,Quillacollo,2024,2,TOTALES / TOTAL,3
Potosí,50402,Ravelo,2024,2,TOTALES / TOTAL,1
Beni,80201,Riberalta,2024,2,TOTALES / TOTAL,16
Santa Cruz,70503,Robore,2024,2,TOTALES / TOTAL,2
Cochabamba,31001,Sacaba,2024,2,TOTALES / TOTAL,6
Beni,80602,San Andres,2024,2,TOTALES / TOTAL,1
Santa Cruz,71105,San Antonio De Lomerio,2024,2,TOTALES / TOTAL,3
Beni,80302,San Borja,2024,2,TOTALES / TOTAL,2
La Paz,21502,San Buena Ventura,2024,2,TOTALES / TOTAL,1
Santa Cruz,70402,San Carlos,2024,2,TOTALES / TOTAL,2
Beni,80501,San Ignacio,2024,2,TOTALES / TOTAL,1
Santa Cruz,70301,San Ignacio De Velasco,2024,2,TOTALES / TOTAL,3
Santa Cruz,71102,San Javier(stc),2024,2,TOTALES / TOTAL,1
Chuquisaca,10702,San Lucas,2024,2,TOTALES / TOTAL,1
Santa Cruz,70302,San Miguel De Velasco,2024,2,TOTALES / TOTAL,1
Beni,80401,Santa Ana,2024,2,TOTALES / TOTAL,2
Santa Cruz,70101,Santa Cruz De La Sierra,2024,2,TOTALES / TOTAL,310
La Paz,20308,Santiago De Callapa,2024,2,TOTALES / TOTAL,1
Chuquisaca,10101,Sucre,2024,2,TOTALES / TOTAL,29
Tarija,60101,Tarija,2024,2,TOTALES / TOTAL,13
Chuquisaca,10202,Tarvita,2024,2,TOTALES / TOTAL,2
Cochabamba,30903,Tiquipaya,2024,2,TOTALES / TOTAL,6
Beni,80101,Trinidad,2024,2,TOTALES / TOTAL,20
Potosí,50801,Tupiza,2024,2,TOTALES / TOTAL,4
Potosí,50201,Uncia,2024,2,TOTALES / TOTAL,1
Potosí,51201,Uyuni,2024,2,TOTALES / TOTAL,1
La Paz,20801,Viacha,2024,2,TOTALES / TOTAL,7
Chuquisaca,10704,Villa Charcas,2024,2,TOTALES / TOTAL,1
Tarija,60303,Villa Montes,2024,2,TOTALES / TOTAL,2
Cochabamba,31003,Villa Tunari,2024,2,TOTALES / TOTAL,8
Chuquisaca,11001,Villa Vaca Guzman (muyupampa),2024,2,TOTALES / TOTAL,1
Potosí,51501,Villazon,2024,2,TOTALES / TOTAL,2
Cochabamba,30904,Vinto,2024,2,TOTALES / TOTAL,1
Santa Cruz,70201,Warnes,2024,2,TOTALES / TOTAL,2
Tarija,60301,Yacuiba,2024,2,TOTALES / TOTAL,4
Santa Cruz,70403,Yapacani,2024,2,TOTALES / TOTAL,2
La Paz,20201,Achacachi,2024,3,TOTALES / TOTAL,1
La Paz,20104,Achocalla,2024,3,TOTALES / TOTAL,1
Cochabamba,30201,Aiquile,2024,3,TOTALES / TOTAL,1
Cochabamba,30403,Arbieto,2024,3,TOTALES / TOTAL,1
Cochabamba,30601,Arque,2024,3,TOTALES / TOTAL,1
Santa Cruz,71501,Ascencion De Guarayos,2024,3,TOTALES / TOTAL,1
Potosí,50802,Atocha,2024,3,TOTALES / TOTAL,1
La Paz,21303,Ayo Ayo,2024,3,TOTALES / TOTAL,1
Chuquisaca,10201,Azurduy,2024,3,TOTALES / TOTAL,1
La Paz,21203,Batallas,2024,3,TOTALES / TOTAL,8
Tarija,60202,Bermejo,2024,3,TOTALES / TOTAL,2
Pando,90103,Bolpebra,2024,3,TOTALES / TOTAL,1
La Paz,20303,Calacoto,2024,3,TOTALES / TOTAL,1
Chuquisaca,10701,Camargo,2024,3,TOTALES / TOTAL,3
Chuquisaca,10901,Camataqui (c. Villa Abecia),2024,3,TOTALES / TOTAL,1
Santa Cruz,70706,Camiri,2024,3,TOTALES / TOTAL,1
Oruro,40102,Caracollo,2024,3,TOTALES / TOTAL,1
La Paz,22001,Caranavi,2024,3,TOTALES / TOTAL,2
Oruro,40201,Challapata,2024,3,TOTALES / TOTAL,1
Cochabamba,31204,Chimore,2024,3,TOTALES / TOTAL,1
La Paz,20203,Chua Cocani,2024,3,TOTALES / TOTAL,1
La Paz,21101,Chulumani (v. De La Libertad),2024,3,TOTALES / TOTAL,6
Pando,90101,Cobija,2024,3,TOTALES / TOTAL,3
Cochabamba,30101,Cochabamba,2024,3,TOTALES / TOTAL,82
Cochabamba,30905,Colcapirhua,2024,3,TOTALES / TOTAL,1
Cochabamba,31002,Colomi,2024,3,TOTALES / TOTAL,2
Santa Cruz,71101,Concepcion,2024,3,TOTALES / TOTAL,2
La Paz,21402,Coripata,2024,3,TOTALES / TOTAL,1
La Paz,21401,Coroico,2024,3,TOTALES / TOTAL,1
Potosí,50601,Cotagaita,2024,3,TOTALES / TOTAL,1
Santa Cruz,70102,Cotoca,2024,3,TOTALES / TOTAL,1
Santa Cruz,71106,Cuatro Cañadas,2024,3,TOTALES / TOTAL,3
La Paz,20105,El Alto,2024,3,TOTALES / TOTAL,71
La Paz,20405,Escoma,2024,3,TOTALES / TOTAL,1
Beni,80202,Guayaramerin,2024,3,TOTALES / TOTAL,5
Santa Cruz,70705,Gutierrez,2024,3,TOTALES / TOTAL,1
Oruro,40701,Huanuni,2024,3,TOTALES / TOTAL,2
Oruro,41601,Huayllamarca,2024,3,TOTALES / TOTAL,1
Santa Cruz,70104,La Guardia,2024,3,TOTALES / TOTAL,1
La Paz,20101,La Paz,2024,3,TOTALES / TOTAL,112
Oruro,41501,La Rivera,2024,3,TOTALES / TOTAL,1
Potosí,50203,Llallagua,2024,3,TOTALES / TOTAL,2
Beni,80601,Loreto,2024,3,TOTALES / TOTAL,1
Beni,80801,Magdalena,2024,3,TOTALES / TOTAL,2
Santa Cruz,70903,Mairana,2024,3,TOTALES / TOTAL,1
La Paz,20402,Mocomoco,2024,3,TOTALES / TOTAL,1
Chuquisaca,10501,Monteagudo,2024,3,TOTALES / TOTAL,1
Santa Cruz,71001,Montero,2024,3,TOTALES / TOTAL,3
Cochabamba,30302,Morochata,2024,3,TOTALES / TOTAL,1
Oruro,40101,Oruro,2024,3,TOTALES / TOTAL,52
Chuquisaca,10401,Padilla,2024,3,TOTALES / TOTAL,1
Santa Cruz,70502,Pailon,2024,3,TOTALES / TOTAL,2
La Paz,21104,Palos Blancos,2024,3,TOTALES / TOTAL,1
La Paz,21305,Patacamaya,2024,3,TOTALES / TOTAL,1
Oruro,40602,Pazña,2024,3,TOTALES / TOTAL,1
Cochabamba,31203,Pocona,2024,3,TOTALES / TOTAL,1
Potosí,50101,Potosi,2024,3,TOTALES / TOTAL,41
Santa Cruz,71401,Puerto Suarez,2024,3,TOTALES / TOTAL,1
Cochabamba,31205,Puerto Villarroel,2024,3,TOTALES / TOTAL,5
Cochabamba,30901,Quillacollo,2024,3,TOTALES / TOTAL,3
Beni,80201,Riberalta,2024,3,TOTALES / TOTAL,10
Beni,80304,Rurrenabaque,2024,3,TOTALES / TOTAL,1
Cochabamba,31001,Sacaba,2024,3,TOTALES / TOTAL,6
Potosí,50701,Sacaca,2024,3,TOTALES / TOTAL,2
Santa Cruz,71105,San Antonio De Lomerio,2024,3,TOTALES / TOTAL,1
Beni,80302,San Borja,2024,3,TOTALES / TOTAL,2
Santa Cruz,70301,San Ignacio De Velasco,2024,3,TOTALES / TOTAL,4
Santa Cruz,71102,San Javier(stc),2024,3,TOTALES / TOTAL,1
Chuquisaca,10702,San Lucas,2024,3,TOTALES / TOTAL,1
Santa Cruz,70101,Santa Cruz De La Sierra,2024,3,TOTALES / TOTAL,98
Cochabamba,31602,Shinaota,2024,3,TOTALES / TOTAL,1
La Paz,20601,Sorata,2024,3,TOTALES / TOTAL,1
Chuquisaca,10101,Sucre,2024,3,TOTALES / TOTAL,28
Cochabamba,31101,Tapacari,2024,3,TOTALES / TOTAL,2
Chuquisaca,10601,Tarabuco,2024,3,TOTALES / TOTAL,2
Cochabamba,30401,Tarata,2024,3,TOTALES / TOTAL,3
Tarija,60101,Tarija,2024,3,TOTALES / TOTAL,19
Potosí,50102,Tinguipaya,2024,3,TOTALES / TOTAL,1
Cochabamba,30903,Tiquipaya,2024,3,TOTALES / TOTAL,1
Potosí,50502,Toro Toro,2024,3,TOTALES / TOTAL,1
Beni,80101,Trinidad,2024,3,TOTALES / TOTAL,14
Potosí,50801,Tupiza,2024,3,TOTALES / TOTAL,3
La Paz,20801,Viacha,2024,3,TOTALES / TOTAL,1
Tarija,60303,Villa Montes,2024,3,TOTALES / TOTAL,2
Cochabamba,31003,Villa Tunari,2024,3,TOTALES / TOTAL,8
Potosí,51501,Villazon,2024,3,TOTALES / TOTAL,6
Tarija,60301,Yacuiba,2024,3,TOTALES / TOTAL,3
Chuquisaca,10602,Yamparaez,2024,3,TOTALES / TOTAL,1
La Paz,20201,Achacachi,2024,4,TOTALES / TOTAL,2
Potosí,51301,Arampampa,2024,4,TOTALES / TOTAL,1
La Paz,20503,Aucapata,2024,4,TOTALES / TOTAL,2
La Paz,21203,Batallas,2024,4,TOTALES / TOTAL,1
Tarija,60202,Bermejo,2024,4,TOTALES / TOTAL,1
La Paz,21003,Cajuata,2024,4,TOTALES / TOTAL,1
Oruro,40102,Caracollo,2024,4,TOTALES / TOTAL,2
La Paz,22001,Caranavi,2024,4,TOTALES / TOTAL,1
Oruro,40201,Challapata,2024,4,TOTALES / TOTAL,4
La Paz,21101,Chulumani (v. De La Libertad),2024,4,TOTALES / TOTAL,3
Pando,90101,Cobija,2024,4,TOTALES / TOTAL,9
Cochabamba,30101,Cochabamba,2024,4,TOTALES / TOTAL,91
Cochabamba,30905,Colcapirhua,2024,4,TOTALES / TOTAL,1
Santa Cruz,71101,Concepcion,2024,4,TOTALES / TOTAL,1
La Paz,21402,Coripata,2024,4,TOTALES / TOTAL,1
La Paz,20301,Coro Coro,2024,4,TOTALES / TOTAL,1
Chuquisaca,10902,Culpina,2024,4,TOTALES / TOTAL,3
La Paz,20105,El Alto,2024,4,TOTALES / TOTAL,92
Tarija,60601,Entre Rios Trj,2024,4,TOTALES / TOTAL,1
La Paz,20802,Guaqui,2024,4,TOTALES / TOTAL,1
Beni,80202,Guayaramerin,2024,4,TOTALES / TOTAL,13
Oruro,40701,Huanuni,2024,4,TOTALES / TOTAL,4
La Paz,21001,Inquisivi,2024,4,TOTALES / TOTAL,1
La Paz,21501,Ixiamas,2024,4,TOTALES / TOTAL,1
La Paz,21105,La Asunta,2024,4,TOTALES / TOTAL,1
Santa Cruz,70104,La Guardia,2024,4,TOTALES / TOTAL,1
La Paz,20101,La Paz,2024,4,TOTALES / TOTAL,117
Potosí,50203,Llallagua,2024,4,TOTALES / TOTAL,6
Beni,80801,Magdalena,2024,4,TOTALES / TOTAL,1
Santa Cruz,71003,Mineros,2024,4,TOTALES / TOTAL,1
Chuquisaca,10501,Monteagudo,2024,4,TOTALES / TOTAL,1
Santa Cruz,71001,Montero,2024,4,TOTALES / TOTAL,49
Potosí,50404,Ocuri,2024,4,TOTALES / TOTAL,1
Oruro,40101,Oruro,2024,4,TOTALES / TOTAL,72
Tarija,60201,Padcaya,2024,4,TOTALES / TOTAL,1
Chuquisaca,10401,Padilla,2024,4,TOTALES / TOTAL,1
La Paz,21305,Patacamaya,2024,4,TOTALES / TOTAL,1
Potosí,51203,Porco,2024,4,TOTALES / TOTAL,1
Potosí,50101,Potosi,2024,4,TOTALES / TOTAL,37
La Paz,21201,Pucarani,2024,4,TOTALES / TOTAL,1
Pando,90301,Puerto Gonzalo Moreno,2024,4,TOTALES / TOTAL,1
Pando,90201,Puerto Rico,2024,4,TOTALES / TOTAL,1
Beni,80703,Puerto Siles,2024,4,TOTALES / TOTAL,1
Cochabamba,31205,Puerto Villarroel,2024,4,TOTALES / TOTAL,2
Cochabamba,31401,Punata,2024,4,TOTALES / TOTAL,1
Cochabamba,30901,Quillacollo,2024,4,TOTALES / TOTAL,3
Potosí,50402,Ravelo,2024,4,TOTALES / TOTAL,2
Beni,80301,Reyes,2024,4,TOTALES / TOTAL,1
Beni,80201,Riberalta,2024,4,TOTALES / TOTAL,9
Beni,80304,Rurrenabaque,2024,4,TOTALES / TOTAL,1
Potosí,50701,Sacaca,2024,4,TOTALES / TOTAL,1
Beni,80602,San Andres,2024,4,TOTALES / TOTAL,1
Beni,80302,San Borja,2024,4,TOTALES / TOTAL,3
Beni,80501,San Ignacio,2024,4,TOTALES / TOTAL,1
Santa Cruz,70301,San Ignacio De Velasco,2024,4,TOTALES / TOTAL,9
Santa Cruz,71102,San Javier(stc),2024,4,TOTALES / TOTAL,1
Chuquisaca,10702,San Lucas,2024,4,TOTALES / TOTAL,1
Santa Cruz,71201,San Matias,2024,4,TOTALES / TOTAL,1
Santa Cruz,70303,San Rafael,2024,4,TOTALES / TOTAL,1
Santa Cruz,70101,Santa Cruz De La Sierra,2024,4,TOTALES / TOTAL,77
La Paz,20308,Santiago De Callapa,2024,4,TOTALES / TOTAL,1
Cochabamba,31602,Shinaota,2024,4,TOTALES / TOTAL,1
Chuquisaca,10101,Sucre,2024,4,TOTALES / TOTAL,28
Cochabamba,31101,Tapacari,2024,4,TOTALES / TOTAL,2
Tarija,60101,Tarija,2024,4,TOTALES / TOTAL,62
Chuquisaca,10202,Tarvita,2024,4,TOTALES / TOTAL,1
Potosí,50102,Tinguipaya,2024,4,TOTALES / TOTAL,2
Cochabamba,30903,Tiquipaya,2024,4,TOTALES / TOTAL,3
Oruro,41001,Toledo,2024,4,TOTALES / TOTAL,1
Beni,80101,Trinidad,2024,4,TOTALES / TOTAL,17
Potosí,50801,Tupiza,2024,4,TOTALES / TOTAL,2
Potosí,50201,Uncia,2024,4,TOTALES / TOTAL,1
Potosí,51201,Uyuni,2024,4,TOTALES / TOTAL,1
Santa Cruz,70801,Vallegrande,2024,4,TOTALES / TOTAL,2
La Paz,20801,Viacha,2024,4,TOTALES / TOTAL,5
Chuquisaca,10704,Villa Charcas,2024,4,TOTALES / TOTAL,2
Tarija,60303,Villa Montes,2024,4,TOTALES / TOTAL,5
Cochabamba,31003,Villa Tunari,2024,4,TOTALES / TOTAL,9
Chuquisaca,11001,Villa Vaca Guzman (muyupampa),2024,4,TOTALES / TOTAL,1
Potosí,51501,Villazon,2024,4,TOTALES / TOTAL,6
Cochabamba,30904,Vinto,2024,4,TOTALES / TOTAL,3
Santa Cruz,70201,Warnes,2024,4,TOTALES / TOTAL,1
Tarija,60301,Yacuiba,2024,4,TOTALES / TOTAL,7
Santa Cruz,70403,Yapacani,2024,4,TOTALES / TOTAL,2
Chuquisaca,10301,Zudañez,2024,4,TOTALES / TOTAL,1
La Paz,20201,Achacachi,2024,5,TOTALES / TOTAL,2
Cochabamba,30201,Aiquile,2024,5,TOTALES / TOTAL,3
Potosí,50802,Atocha,2024,5,TOTALES / TOTAL,3
La Paz,20502,Ayata,2024,5,TOTALES / TOTAL,1
La Paz,21303,Ayo Ayo,2024,5,TOTALES / TOTAL,1
Cochabamba,30301,Ayopaya (v. De Independencia),2024,5,TOTALES / TOTAL,3
Santa Cruz,70706,Camiri,2024,5,TOTALES / TOTAL,1
Oruro,40102,Caracollo,2024,5,TOTALES / TOTAL,1
Santa Cruz,71403,Carmen Rivero Torrez,2024,5,TOTALES / TOTAL,1
Oruro,40201,Challapata,2024,5,TOTALES / TOTAL,2
Potosí,50202,Chayanta,2024,5,TOTALES / TOTAL,2
Cochabamba,31204,Chimore,2024,5,TOTALES / TOTAL,1
Pando,90101,Cobija,2024,5,TOTALES / TOTAL,7
Cochabamba,30101,Cochabamba,2024,5,TOTALES / TOTAL,71
Potosí,50401,Colquechaca,2024,5,TOTALES / TOTAL,1
La Paz,21306,Colquencha,2024,5,TOTALES / TOTAL,1
Chuquisaca,10902,Culpina,2024,5,TOTALES / TOTAL,1
La Paz,20105,El Alto,2024,5,TOTALES / TOTAL,74
Santa Cruz,70105,El Torno,2024,5,TOTALES / TOTAL,2
La Paz,20405,Escoma,2024,5,TOTALES / TOTAL,1
La Paz,20802,Guaqui,2024,5,TOTALES / TOTAL,1
Beni,80202,Guayaramerin,2024,5,TOTALES / TOTAL,4
Santa Cruz,70705,Gutierrez,2024,5,TOTALES / TOTAL,1
Oruro,40701,Huanuni,2024,5,TOTALES / TOTAL,4
La Paz,20101,La Paz,2024,5,TOTALES / TOTAL,117
Potosí,50203,Llallagua,2024,5,TOTALES / TOTAL,3
Beni,80601,Loreto,2024,5,TOTALES / TOTAL,2
Beni,80801,Magdalena,2024,5,TOTALES / TOTAL,12
La Paz,20607,Mapiri,2024,5,TOTALES / TOTAL,1
Cochabamba,31301,Mizque,2024,5,TOTALES / TOTAL,1
Chuquisaca,10501,Monteagudo,2024,5,TOTALES / TOTAL,1
Santa Cruz,71001,Montero,2024,5,TOTALES / TOTAL,2
Potosí,50404,Ocuri,2024,5,TOTALES / TOTAL,1
Oruro,40101,Oruro,2024,5,TOTALES / TOTAL,56
La Paz,21305,Patacamaya,2024,5,TOTALES / TOTAL,3
Chuquisaca,10103,Poroma,2024,5,TOTALES / TOTAL,1
Potosí,50101,Potosi,2024,5,TOTALES / TOTAL,29
Santa Cruz,70805,Pucara,2024,5,TOTALES / TOTAL,1
Santa Cruz,71402,Puerto Quijarro,2024,5,TOTALES / TOTAL,1
Beni,80703,Puerto Siles,2024,5,TOTALES / TOTAL,2
Cochabamba,31205,Puerto Villarroel,2024,5,TOTALES / TOTAL,7
Cochabamba,31401,Punata,2024,5,TOTALES / TOTAL,3
Cochabamba,30901,Quillacollo,2024,5,TOTALES / TOTAL,3
Beni,80301,Reyes,2024,5,TOTALES / TOTAL,1
Beni,80201,Riberalta,2024,5,TOTALES / TOTAL,16
Santa Cruz,70503,Robore,2024,5,TOTALES / TOTAL,23
Beni,80304,Rurrenabaque,2024,5,TOTALES / TOTAL,1
Cochabamba,31001,Sacaba,2024,5,TOTALES / TOTAL,4
Beni,80501,San Ignacio,2024,5,TOTALES / TOTAL,1
Santa Cruz,70301,San Ignacio De Velasco,2024,5,TOTALES / TOTAL,8
Santa Cruz,71201,San Matias,2024,5,TOTALES / TOTAL,2
La Paz,21801,San Pedro De Curahuara,2024,5,TOTALES / TOTAL,1
Santa Cruz,70303,San Rafael,2024,5,TOTALES / TOTAL,1
Santa Cruz,70101,Santa Cruz De La Sierra,2024,5,TOTALES / TOTAL,114
Santa Cruz,70602,Santa Rosa Del Sara,2024,5,TOTALES / TOTAL,1
La Paz,20902,Sapahaqui,2024,5,TOTALES / TOTAL,1
Pando,90303,Sena,2024,5,TOTALES / TOTAL,2
Cochabamba,30703,Sicaya,2024,5,TOTALES / TOTAL,1
Chuquisaca,10101,Sucre,2024,5,TOTALES / TOTAL,22
Potosí,50303,Tacobamba,2024,5,TOTALES / TOTAL,1
Cochabamba,31101,Tapacari,2024,5,TOTALES / TOTAL,3
Tarija,60101,Tarija,2024,5,TOTALES / TOTAL,17
La Paz,20803,Tiahuanacu,2024,5,TOTALES / TOTAL,1
Cochabamba,30903,Tiquipaya,2024,5,TOTALES / TOTAL,1
Beni,80101,Trinidad,2024,5,TOTALES / TOTAL,23
Potosí,50801,Tupiza,2024,5,TOTALES / TOTAL,3
La Paz,20801,Viacha,2024,5,TOTALES / TOTAL,2
Tarija,60303,Villa Montes,2024,5,TOTALES / TOTAL,2
Chuquisaca,10801,Villa Serrano,2024,5,TOTALES / TOTAL,1
Cochabamba,31003,Villa Tunari,2024,5,TOTALES / TOTAL,4
Potosí,51501,Villazon,2024,5,TOTALES / TOTAL,7
Cochabamba,30904,Vinto,2024,5,TOTALES / TOTAL,4
Potosí,50602,Vitichi,2024,5,TOTALES / TOTAL,2
Santa Cruz,70201,Warnes,2024,5,TOTALES / TOTAL,1
Tarija,60301,Yacuiba,2024,5,TOTALES / TOTAL,8
Chuquisaca,10602,Yamparaez,2024,5,TOTALES / TOTAL,1
Santa Cruz,70403,Yapacani,2024,5,TOTALES / TOTAL,1
Cochabamba,30201,Aiquile,2024,6,TOTALES / TOTAL,2
Santa Cruz,71501,Ascencion De Guarayos,2024,6,TOTALES / TOTAL,2
La Paz,20503,Aucapata,2024,6,TOTALES / TOTAL,1
Cochabamba,30301,Ayopaya (v. De Independencia),2024,6,TOTALES / TOTAL,1
Chuquisaca,10201,Azurduy,2024,6,TOTALES / TOTAL,1
La Paz,21203,Batallas,2024,6,TOTALES / TOTAL,1
Tarija,60202,Bermejo,2024,6,TOTALES / TOTAL,1
Potosí,50301,Betanzos,2024,6,TOTALES / TOTAL,1
Pando,90103,Bolpebra,2024,6,TOTALES / TOTAL,1
Santa Cruz,70703,Cabezas,2024,6,TOTALES / TOTAL,1
La Paz,21003,Cajuata,2024,6,TOTALES / TOTAL,1
Chuquisaca,10701,Camargo,2024,6,TOTALES / TOTAL,1
Santa Cruz,70706,Camiri,2024,6,TOTALES / TOTAL,1
Cochabamba,30701,Capinota,2024,6,TOTALES / TOTAL,4
Oruro,40102,Caracollo,2024,6,TOTALES / TOTAL,1
La Paz,22001,Caranavi,2024,6,TOTALES / TOTAL,1
Oruro,40201,Challapata,2024,6,TOTALES / TOTAL,2
Cochabamba,30801,Cliza,2024,6,TOTALES / TOTAL,2
Pando,90101,Cobija,2024,6,TOTALES / TOTAL,8
Cochabamba,30101,Cochabamba,2024,6,TOTALES / TOTAL,72
Cochabamba,30905,Colcapirhua,2024,6,TOTALES / TOTAL,1
Cochabamba,31002,Colomi,2024,6,TOTALES / TOTAL,2
Santa Cruz,71101,Concepcion,2024,6,TOTALES / TOTAL,1
Chuquisaca,10902,Culpina,2024,6,TOTALES / TOTAL,2
La Paz,20105,El Alto,2024,6,TOTALES / TOTAL,70
Tarija,60502,El Puente(tja),2024,6,TOTALES / TOTAL,1
Santa Cruz,70105,El Torno,2024,6,TOTALES / TOTAL,3
Santa Cruz,71004,Fernandez Alonso,2024,6,TOTALES / TOTAL,1
Beni,80202,Guayaramerin,2024,6,TOTALES / TOTAL,2
Oruro,40701,Huanuni,2024,6,TOTALES / TOTAL,2
La Paz,20204,Huarina,2024,6,TOTALES / TOTAL,1
La Paz,21102,Irupana (villa De Lanza),2024,6,TOTALES / TOTAL,4
La Paz,21105,La Asunta,2024,6,TOTALES / TOTAL,4
La Paz,20101,La Paz,2024,6,TOTALES / TOTAL,137
Potosí,50203,Llallagua,2024,6,TOTALES / TOTAL,3
Beni,80601,Loreto,2024,6,TOTALES / TOTAL,2
Santa Cruz,70903,Mairana,2024,6,TOTALES / TOTAL,1
Cochabamba,31301,Mizque,2024,6,TOTALES / TOTAL,1
Chuquisaca,10501,Monteagudo,2024,6,TOTALES / TOTAL,1
Cochabamba,30302,Morochata,2024,6,TOTALES / TOTAL,1
Oruro,40101,Oruro,2024,6,TOTALES / TOTAL,30
Chuquisaca,10401,Padilla,2024,6,TOTALES / TOTAL,1
La Paz,21305,Patacamaya,2024,6,TOTALES / TOTAL,1
Oruro,40601,Poopo,2024,6,TOTALES / TOTAL,1
Potosí,50101,Potosi,2024,6,TOTALES / TOTAL,32
Pando,90301,Puerto Gonzalo Moreno,2024,6,TOTALES / TOTAL,1
Santa Cruz,71402,Puerto Quijarro,2024,6,TOTALES / TOTAL,12
Cochabamba,31205,Puerto Villarroel,2024,6,TOTALES / TOTAL,2
La Paz,20604,Quiabaya,2024,6,TOTALES / TOTAL,1
Cochabamba,30901,Quillacollo,2024,6,TOTALES / TOTAL,5
Cochabamba,31304,Raqaypampa(eta),2024,6,TOTALES / TOTAL,2
Beni,80301,Reyes,2024,6,TOTALES / TOTAL,1
Beni,80201,Riberalta,2024,6,TOTALES / TOTAL,9
Santa Cruz,70503,Robore,2024,6,TOTALES / TOTAL,16
Cochabamba,31001,Sacaba,2024,6,TOTALES / TOTAL,5
Beni,80302,San Borja,2024,6,TOTALES / TOTAL,1
Santa Cruz,70301,San Ignacio De Velasco,2024,6,TOTALES / TOTAL,6
Santa Cruz,71102,San Javier(stc),2024,6,TOTALES / TOTAL,18
Santa Cruz,70501,San Jose De Chiquitos,2024,6,TOTALES / TOTAL,1
Santa Cruz,70302,San Miguel De Velasco,2024,6,TOTALES / TOTAL,1
Potosí,50501,San Pedro De Buena Vista,2024,6,TOTALES / TOTAL,1
Santa Cruz,70303,San Rafael,2024,6,TOTALES / TOTAL,1
Santa Cruz,70101,Santa Cruz De La Sierra,2024,6,TOTALES / TOTAL,60
Chuquisaca,10101,Sucre,2024,6,TOTALES / TOTAL,18
Potosí,50303,Tacobamba,2024,6,TOTALES / TOTAL,1
Cochabamba,31101,Tapacari,2024,6,TOTALES / TOTAL,4
Tarija,60101,Tarija,2024,6,TOTALES / TOTAL,11
La Paz,20803,Tiahuanacu,2024,6,TOTALES / TOTAL,1
Cochabamba,30903,Tiquipaya,2024,6,TOTALES / TOTAL,1
Beni,80101,Trinidad,2024,6,TOTALES / TOTAL,10
La Paz,20801,Viacha,2024,6,TOTALES / TOTAL,2
Pando,90502,Villa Nueva (loma Alta),2024,6,TOTALES / TOTAL,1
Cochabamba,31003,Villa Tunari,2024,6,TOTALES / TOTAL,9
Potosí,51501,Villazon,2024,6,TOTALES / TOTAL,3
Cochabamba,30904,Vinto,2024,6,TOTALES / TOTAL,3
Tarija,60301,Yacuiba,2024,6,TOTALES / TOTAL,3
La Paz,20201,Achacachi,2024,7,TOTALES / TOTAL,3
Cochabamba,30201,Aiquile,2024,7,TOTALES / TOTAL,2
Potosí,51301,Arampampa,2024,7,TOTALES / TOTAL,1
La Paz,20503,Aucapata,2024,7,TOTALES / TOTAL,1
La Paz,20502,Ayata,2024,7,TOTALES / TOTAL,1
Cochabamba,30301,Ayopaya (v. De Independencia),2024,7,TOTALES / TOTAL,1
Tarija,60202,Bermejo,2024,7,TOTALES / TOTAL,3
Potosí,50301,Betanzos,2024,7,TOTALES / TOTAL,1
Santa Cruz,70707,Boyuibe,2024,7,TOTALES / TOTAL,1
Chuquisaca,10701,Camargo,2024,7,TOTALES / TOTAL,1
Oruro,40102,Caracollo,2024,7,TOTALES / TOTAL,1
La Paz,22001,Caranavi,2024,7,TOTALES / TOTAL,1
Oruro,40201,Challapata,2024,7,TOTALES / TOTAL,1
Santa Cruz,70702,Charagua,2024,7,TOTALES / TOTAL,1
Cochabamba,30801,Cliza,2024,7,TOTALES / TOTAL,1
Pando,90101,Cobija,2024,7,TOTALES / TOTAL,12
Cochabamba,30101,Cochabamba,2024,7,TOTALES / TOTAL,82
Cochabamba,30905,Colcapirhua,2024,7,TOTALES / TOTAL,1
Cochabamba,31002,Colomi,2024,7,TOTALES / TOTAL,1
Potosí,50401,Colquechaca,2024,7,TOTALES / TOTAL,1
Santa Cruz,71101,Concepcion,2024,7,TOTALES / TOTAL,1
La Paz,21701,Copacabana,2024,7,TOTALES / TOTAL,1
La Paz,20301,Coro Coro,2024,7,TOTALES / TOTAL,1
Santa Cruz,70102,Cotoca,2024,7,TOTALES / TOTAL,1
Santa Cruz,71106,Cuatro Cañadas,2024,7,TOTALES / TOTAL,3
Chuquisaca,10902,Culpina,2024,7,TOTALES / TOTAL,1
La Paz,21602,Curva,2024,7,TOTALES / TOTAL,1
La Paz,20105,El Alto,2024,7,TOTALES / TOTAL,80
Tarija,60502,El Puente(tja),2024,7,TOTALES / TOTAL,1
Cochabamba,31206,Entre Rios Cbba,2024,7,TOTALES / TOTAL,1
La Paz,20405,Escoma,2024,7,TOTALES / TOTAL,1
Oruro,41101,Eucaliptus,2024,7,TOTALES / TOTAL,1
Beni,80202,Guayaramerin,2024,7,TOTALES / TOTAL,8
La Paz,21105,La Asunta,2024,7,TOTALES / TOTAL,1
La Paz,20101,La Paz,2024,7,TOTALES / TOTAL,126
Potosí,50203,Llallagua,2024,7,TOTALES / TOTAL,4
Chuquisaca,11003,Machareti,2024,7,TOTALES / TOTAL,1
Beni,80801,Magdalena,2024,7,TOTALES / TOTAL,7
Santa Cruz,71003,Mineros,2024,7,TOTALES / TOTAL,1
Chuquisaca,10501,Monteagudo,2024,7,TOTALES / TOTAL,1
Santa Cruz,71001,Montero,2024,7,TOTALES / TOTAL,7
Oruro,40101,Oruro,2024,7,TOTALES / TOTAL,38
La Paz,21305,Patacamaya,2024,7,TOTALES / TOTAL,1
Chuquisaca,10103,Poroma,2024,7,TOTALES / TOTAL,2
Potosí,50101,Potosi,2024,7,TOTALES / TOTAL,28
La Paz,21201,Pucarani,2024,7,TOTALES / TOTAL,1
Santa Cruz,71401,Puerto Suarez,2024,7,TOTALES / TOTAL,1
Cochabamba,31205,Puerto Villarroel,2024,7,TOTALES / TOTAL,1
Cochabamba,31401,Punata,2024,7,TOTALES / TOTAL,1
Cochabamba,30901,Quillacollo,2024,7,TOTALES / TOTAL,6
Beni,80201,Riberalta,2024,7,TOTALES / TOTAL,28
Beni,80304,Rurrenabaque,2024,7,TOTALES / TOTAL,2
Cochabamba,31001,Sacaba,2024,7,TOTALES / TOTAL,2
Beni,80302,San Borja,2024,7,TOTALES / TOTAL,5
Santa Cruz,70402,San Carlos,2024,7,TOTALES / TOTAL,1
Beni,80501,San Ignacio,2024,7,TOTALES / TOTAL,1
Santa Cruz,70301,San Ignacio De Velasco,2024,7,TOTALES / TOTAL,6
Santa Cruz,71104,San Julian,2024,7,TOTALES / TOTAL,1
Chuquisaca,10702,San Lucas,2024,7,TOTALES / TOTAL,3
Santa Cruz,71201,San Matias,2024,7,TOTALES / TOTAL,1
Santa Cruz,70302,San Miguel De Velasco,2024,7,TOTALES / TOTAL,1
Santa Cruz,70101,Santa Cruz De La Sierra,2024,7,TOTALES / TOTAL,51
Santa Cruz,70602,Santa Rosa Del Sara,2024,7,TOTALES / TOTAL,1
Cochabamba,30902,Sipe Sipe,2024,7,TOTALES / TOTAL,1
Chuquisaca,10403,Sopachuy,2024,7,TOTALES / TOTAL,1
Chuquisaca,10101,Sucre,2024,7,TOTALES / TOTAL,20
Cochabamba,31101,Tapacari,2024,7,TOTALES / TOTAL,1
Tarija,60101,Tarija,2024,7,TOTALES / TOTAL,18
Potosí,50102,Tinguipaya,2024,7,TOTALES / TOTAL,1
Cochabamba,30903,Tiquipaya,2024,7,TOTALES / TOTAL,2
Potosí,50502,Toro Toro,2024,7,TOTALES / TOTAL,1
Beni,80101,Trinidad,2024,7,TOTALES / TOTAL,15
Potosí,51201,Uyuni,2024,7,TOTALES / TOTAL,2
Santa Cruz,70801,Vallegrande,2024,7,TOTALES / TOTAL,5
La Paz,20801,Viacha,2024,7,TOTALES / TOTAL,3
Chuquisaca,10704,Villa Charcas,2024,7,TOTALES / TOTAL,2
Tarija,60303,Villa Montes,2024,7,TOTALES / TOTAL,2
Cochabamba,31003,Villa Tunari,2024,7,TOTALES / TOTAL,12
Potosí,51501,Villazon,2024,7,TOTALES / TOTAL,3
Cochabamba,30904,Vinto,2024,7,TOTALES / TOTAL,2
Tarija,60301,Yacuiba,2024,7,TOTALES / TOTAL,5
Santa Cruz,70403,Yapacani,2024,7,TOTALES / TOTAL,4
La Paz,20201,Achacachi,2024,8,TOTALES / TOTAL,4
Cochabamba,30301,Ayopaya (v. De Independencia),2024,8,TOTALES / TOTAL,3
Tarija,60202,Bermejo,2024,8,TOTALES / TOTAL,4
Santa Cruz,70706,Camiri,2024,8,TOTALES / TOTAL,2
Oruro,40102,Caracollo,2024,8,TOTALES / TOTAL,1
La Paz,22001,Caranavi,2024,8,TOTALES / TOTAL,2
Oruro,40201,Challapata,2024,8,TOTALES / TOTAL,6
Potosí,50302,Chaqui,2024,8,TOTALES / TOTAL,1
Potosí,50202,Chayanta,2024,8,TOTALES / TOTAL,1
Cochabamba,31204,Chimore,2024,8,TOTALES / TOTAL,2
Pando,90101,Cobija,2024,8,TOTALES / TOTAL,2
Cochabamba,30101,Cochabamba,2024,8,TOTALES / TOTAL,71
Cochabamba,30905,Colcapirhua,2024,8,TOTALES / TOTAL,2
Potosí,50401,Colquechaca,2024,8,TOTALES / TOTAL,3
La Paz,21004,Colquiri,2024,8,TOTALES / TOTAL,1
Santa Cruz,71101,Concepcion,2024,8,TOTALES / TOTAL,4
La Paz,21701,Copacabana,2024,8,TOTALES / TOTAL,1
La Paz,21402,Coripata,2024,8,TOTALES / TOTAL,1
La Paz,21401,Coroico,2024,8,TOTALES / TOTAL,1
Chuquisaca,10902,Culpina,2024,8,TOTALES / TOTAL,6
Oruro,40401,Curahuara De Carangas,2024,8,TOTALES / TOTAL,1
La Paz,20105,El Alto,2024,8,TOTALES / TOTAL,88
Beni,80202,Guayaramerin,2024,8,TOTALES / TOTAL,5
Oruro,40701,Huanuni,2024,8,TOTALES / TOTAL,2
La Paz,21105,La Asunta,2024,8,TOTALES / TOTAL,3
La Paz,20101,La Paz,2024,8,TOTALES / TOTAL,134
Santa Cruz,70701,Lagunillas,2024,8,TOTALES / TOTAL,1
Potosí,50203,Llallagua,2024,8,TOTALES / TOTAL,3
Chuquisaca,11003,Machareti,2024,8,TOTALES / TOTAL,3
Beni,80801,Magdalena,2024,8,TOTALES / TOTAL,1
La Paz,20103,Mecapaca,2024,8,TOTALES / TOTAL,1
Santa Cruz,71001,Montero,2024,8,TOTALES / TOTAL,4
Cochabamba,30302,Morochata,2024,8,TOTALES / TOTAL,2
Oruro,40101,Oruro,2024,8,TOTALES / TOTAL,34
Santa Cruz,70601,Portachuelo,2024,8,TOTALES / TOTAL,5
Potosí,50101,Potosi,2024,8,TOTALES / TOTAL,57
Santa Cruz,71402,Puerto Quijarro,2024,8,TOTALES / TOTAL,2
Santa Cruz,71401,Puerto Suarez,2024,8,TOTALES / TOTAL,1
Cochabamba,31205,Puerto Villarroel,2024,8,TOTALES / TOTAL,1
Cochabamba,31401,Punata,2024,8,TOTALES / TOTAL,2
Cochabamba,30901,Quillacollo,2024,8,TOTALES / TOTAL,4
Beni,80201,Riberalta,2024,8,TOTALES / TOTAL,13
Santa Cruz,70503,Robore,2024,8,TOTALES / TOTAL,1
Cochabamba,31001,Sacaba,2024,8,TOTALES / TOTAL,3
Potosí,50701,Sacaca,2024,8,TOTALES / TOTAL,1
Santa Cruz,71105,San Antonio De Lomerio,2024,8,TOTALES / TOTAL,1
Beni,80302,San Borja,2024,8,TOTALES / TOTAL,8
La Paz,21502,San Buena Ventura,2024,8,TOTALES / TOTAL,1
Beni,80501,San Ignacio,2024,8,TOTALES / TOTAL,4
Santa Cruz,70301,San Ignacio De Velasco,2024,8,TOTALES / TOTAL,1
Chuquisaca,10702,San Lucas,2024,8,TOTALES / TOTAL,3
Beni,80401,Santa Ana,2024,8,TOTALES / TOTAL,2
Santa Cruz,70101,Santa Cruz De La Sierra,2024,8,TOTALES / TOTAL,100
Pando,90303,Sena,2024,8,TOTALES / TOTAL,2
Cochabamba,31602,Shinaota,2024,8,TOTALES / TOTAL,1
Chuquisaca,10403,Sopachuy,2024,8,TOTALES / TOTAL,1
Chuquisaca,10101,Sucre,2024,8,TOTALES / TOTAL,28
Chuquisaca,10601,Tarabuco,2024,8,TOTALES / TOTAL,1
Tarija,60101,Tarija,2024,8,TOTALES / TOTAL,17
Beni,80101,Trinidad,2024,8,TOTALES / TOTAL,15
Potosí,50801,Tupiza,2024,8,TOTALES / TOTAL,8
Potosí,51201,Uyuni,2024,8,TOTALES / TOTAL,1
La Paz,20801,Viacha,2024,8,TOTALES / TOTAL,11
Chuquisaca,10704,Villa Charcas,2024,8,TOTALES / TOTAL,1
Tarija,60303,Villa Montes,2024,8,TOTALES / TOTAL,1
Cochabamba,31003,Villa Tunari,2024,8,TOTALES / TOTAL,13
Potosí,51501,Villazon,2024,8,TOTALES / TOTAL,5
Santa Cruz,70201,Warnes,2024,8,TOTALES / TOTAL,1
Tarija,60301,Yacuiba,2024,8,TOTALES / TOTAL,3
Santa Cruz,70403,Yapacani,2024,8,TOTALES / TOTAL,2
Tarija,60402,Yunchara,2024,8,TOTALES / TOTAL,1
Chuquisaca,10301,Zudañez,2024,8,TOTALES / TOTAL,1
La Paz,20201,Achacachi,2024,9,TOTALES / TOTAL,4
La Paz,20104,Achocalla,2024,9,TOTALES / TOTAL,2
Santa Cruz,71501,Ascencion De Guarayos,2024,9,TOTALES / TOTAL,1
Cochabamba,30301,Ayopaya (v. De Independencia),2024,9,TOTALES / TOTAL,1
Beni,80802,Baures,2024,9,TOTALES / TOTAL,1
Tarija,60202,Bermejo,2024,9,TOTALES / TOTAL,1
Santa Cruz,70703,Cabezas,2024,9,TOTALES / TOTAL,5
La Paz,20905,Cairoma,2024,9,TOTALES / TOTAL,1
Santa Cruz,70706,Camiri,2024,9,TOTALES / TOTAL,5
La Paz,22001,Caranavi,2024,9,TOTALES / TOTAL,3
Oruro,40201,Challapata,2024,9,TOTALES / TOTAL,2
Cochabamba,31204,Chimore,2024,9,TOTALES / TOTAL,3
La Paz,20203,Chua Cocani,2024,9,TOTALES / TOTAL,2
Pando,90101,Cobija,2024,9,TOTALES / TOTAL,11
Cochabamba,30101,Cochabamba,2024,9,TOTALES / TOTAL,77
Cochabamba,30905,Colcapirhua,2024,9,TOTALES / TOTAL,1
Potosí,50401,Colquechaca,2024,9,TOTALES / TOTAL,2
La Paz,20304,Comanche,2024,9,TOTALES / TOTAL,2
Santa Cruz,71301,Comarapa,2024,9,TOTALES / TOTAL,2
Santa Cruz,71101,Concepcion,2024,9,TOTALES / TOTAL,3
La Paz,21701,Copacabana,2024,9,TOTALES / TOTAL,1
La Paz,20105,El Alto,2024,9,TOTALES / TOTAL,48
Tarija,60601,Entre Rios Trj,2024,9,TOTALES / TOTAL,4
Beni,80502,Gia-tim,2024,9,TOTALES / TOTAL,1
Oruro,40701,Huanuni,2024,9,TOTALES / TOTAL,2
La Paz,20204,Huarina,2024,9,TOTALES / TOTAL,1
La Paz,20101,La Paz,2024,9,TOTALES / TOTAL,65
Potosí,50203,Llallagua,2024,9,TOTALES / TOTAL,5
Potosí,51401,Llica,2024,9,TOTALES / TOTAL,1
Beni,80601,Loreto,2024,9,TOTALES / TOTAL,1
La Paz,20402,Mocomoco,2024,9,TOTALES / TOTAL,1
Santa Cruz,70803,Moro Moro,2024,9,TOTALES / TOTAL,1
Oruro,40101,Oruro,2024,9,TOTALES / TOTAL,53
Tarija,60201,Padcaya,2024,9,TOTALES / TOTAL,1
Chuquisaca,10401,Padilla,2024,9,TOTALES / TOTAL,1
La Paz,20102,Palca,2024,9,TOTALES / TOTAL,6
La Paz,21305,Patacamaya,2024,9,TOTALES / TOTAL,4
Oruro,40601,Poopo,2024,9,TOTALES / TOTAL,1
Potosí,51203,Porco,2024,9,TOTALES / TOTAL,1
Potosí,50101,Potosi,2024,9,TOTALES / TOTAL,41
Pando,90301,Puerto Gonzalo Moreno,2024,9,TOTALES / TOTAL,1
Santa Cruz,71401,Puerto Suarez,2024,9,TOTALES / TOTAL,1
Cochabamba,31205,Puerto Villarroel,2024,9,TOTALES / TOTAL,4
Cochabamba,31401,Punata,2024,9,TOTALES / TOTAL,5
Cochabamba,30901,Quillacollo,2024,9,TOTALES / TOTAL,2
Beni,80301,Reyes,2024,9,TOTALES / TOTAL,1
Beni,80201,Riberalta,2024,9,TOTALES / TOTAL,20
Santa Cruz,70503,Robore,2024,9,TOTALES / TOTAL,1
Oruro,40901,Sabaya,2024,9,TOTALES / TOTAL,1
Santa Cruz,71105,San Antonio De Lomerio,2024,9,TOTALES / TOTAL,1
Beni,80302,San Borja,2024,9,TOTALES / TOTAL,3
La Paz,21502,San Buena Ventura,2024,9,TOTALES / TOTAL,3
Santa Cruz,70402,San Carlos,2024,9,TOTALES / TOTAL,1
Beni,80501,San Ignacio,2024,9,TOTALES / TOTAL,4
Santa Cruz,70301,San Ignacio De Velasco,2024,9,TOTALES / TOTAL,8
Santa Cruz,71102,San Javier(stc),2024,9,TOTALES / TOTAL,1
Santa Cruz,70501,San Jose De Chiquitos,2024,9,TOTALES / TOTAL,2
Santa Cruz,71104,San Julian,2024,9,TOTALES / TOTAL,1
Santa Cruz,70101,Santa Cruz De La Sierra,2024,9,TOTALES / TOTAL,41
Cochabamba,30702,Santivañes,2024,9,TOTALES / TOTAL,1
Oruro,40104,Soracachi,2024,9,TOTALES / TOTAL,1
La Paz,20601,Sorata,2024,9,TOTALES / TOTAL,3
Chuquisaca,10101,Sucre,2024,9,TOTALES / TOTAL,31
Tarija,60101,Tarija,2024,9,TOTALES / TOTAL,19
Chuquisaca,10202,Tarvita,2024,9,TOTALES / TOTAL,2
La Paz,20803,Tiahuanacu,2024,9,TOTALES / TOTAL,3
Cochabamba,30903,Tiquipaya,2024,9,TOTALES / TOTAL,1
Beni,80101,Trinidad,2024,9,TOTALES / TOTAL,15
Potosí,50801,Tupiza,2024,9,TOTALES / TOTAL,4
Potosí,51201,Uyuni,2024,9,TOTALES / TOTAL,2
La Paz,20801,Viacha,2024,9,TOTALES / TOTAL,3
Cochabamba,31302,Vila Vila,2024,9,TOTALES / TOTAL,1
Chuquisaca,10704,Villa Charcas,2024,9,TOTALES / TOTAL,3
Tarija,60303,Villa Montes,2024,9,TOTALES / TOTAL,2
Cochabamba,31003,Villa Tunari,2024,9,TOTALES / TOTAL,6
Potosí,51501,Villazon,2024,9,TOTALES / TOTAL,3
Cochabamba,30904,Vinto,2024,9,TOTALES / TOTAL,1
Tarija,60301,Yacuiba,2024,9,TOTALES / TOTAL,1
Chuquisaca,10301,Zudañez,2024,9,TOTALES / TOTAL,3
La Paz,20201,Achacachi,2024,10,TOTALES / TOTAL,1
Cochabamba,30301,Ayopaya (v. De Independencia),2024,10,TOTALES / TOTAL,2
Pando,90104,Bella Flor,2024,10,TOTALES / TOTAL,1
Tarija,60202,Bermejo,2024,10,TOTALES / TOTAL,1
Chuquisaca,10701,Camargo,2024,10,TOTALES / TOTAL,1
Santa Cruz,70706,Camiri,2024,10,TOTALES / TOTAL,4
Oruro,40102,Caracollo,2024,10,TOTALES / TOTAL,1
Oruro,40201,Challapata,2024,10,TOTALES / TOTAL,5
Cochabamba,30801,Cliza,2024,10,TOTALES / TOTAL,2
Pando,90101,Cobija,2024,10,TOTALES / TOTAL,10
Cochabamba,30101,Cochabamba,2024,10,TOTALES / TOTAL,79
Cochabamba,31002,Colomi,2024,10,TOTALES / TOTAL,1
Santa Cruz,71301,Comarapa,2024,10,TOTALES / TOTAL,1
Santa Cruz,71101,Concepcion,2024,10,TOTALES / TOTAL,1
La Paz,20301,Coro Coro,2024,10,TOTALES / TOTAL,1
Santa Cruz,70102,Cotoca,2024,10,TOTALES / TOTAL,5
La Paz,20105,El Alto,2024,10,TOTALES / TOTAL,73
Tarija,60601,Entre Rios Trj,2024,10,TOTALES / TOTAL,1
La Paz,20405,Escoma,2024,10,TOTALES / TOTAL,2
Beni,80202,Guayaramerin,2024,10,TOTALES / TOTAL,4
Chuquisaca,10502,Huacareta,2024,10,TOTALES / TOTAL,1
Oruro,40701,Huanuni,2024,10,TOTALES / TOTAL,2
La Paz,21005,Ichoca,2024,10,TOTALES / TOTAL,1
Chuquisaca,10304,Icla,2024,10,TOTALES / TOTAL,1
La Paz,20101,La Paz,2024,10,TOTALES / TOTAL,93
Chuquisaca,10903,Las Carreras,2024,10,TOTALES / TOTAL,1
Potosí,50203,Llallagua,2024,10,TOTALES / TOTAL,3
Beni,80601,Loreto,2024,10,TOTALES / TOTAL,2
Beni,80801,Magdalena,2024,10,TOTALES / TOTAL,1
Santa Cruz,71001,Montero,2024,10,TOTALES / TOTAL,7
Potosí,50404,Ocuri,2024,10,TOTALES / TOTAL,2
Oruro,40101,Oruro,2024,10,TOTALES / TOTAL,31
La Paz,20102,Palca,2024,10,TOTALES / TOTAL,2
Santa Cruz,70902,Pampa Grande,2024,10,TOTALES / TOTAL,1
Potosí,50101,Potosi,2024,10,TOTALES / TOTAL,36
La Paz,21201,Pucarani,2024,10,TOTALES / TOTAL,1
Cochabamba,31205,Puerto Villarroel,2024,10,TOTALES / TOTAL,3
Cochabamba,30901,Quillacollo,2024,10,TOTALES / TOTAL,6
Beni,80301,Reyes,2024,10,TOTALES / TOTAL,2
Beni,80201,Riberalta,2024,10,TOTALES / TOTAL,20
Santa Cruz,70503,Robore,2024,10,TOTALES / TOTAL,1
Beni,80304,Rurrenabaque,2024,10,TOTALES / TOTAL,3
Oruro,40901,Sabaya,2024,10,TOTALES / TOTAL,1
Cochabamba,31001,Sacaba,2024,10,TOTALES / TOTAL,8
Santa Cruz,70901,Samaipata,2024,10,TOTALES / TOTAL,1
Beni,80302,San Borja,2024,10,TOTALES / TOTAL,4
La Paz,21502,San Buena Ventura,2024,10,TOTALES / TOTAL,1
Beni,80501,San Ignacio,2024,10,TOTALES / TOTAL,3
Santa Cruz,70301,San Ignacio De Velasco,2024,10,TOTALES / TOTAL,5
Chuquisaca,10702,San Lucas,2024,10,TOTALES / TOTAL,2
Santa Cruz,71201,San Matias,2024,10,TOTALES / TOTAL,1
La Paz,21801,San Pedro De Curahuara,2024,10,TOTALES / TOTAL,1
Santa Cruz,70101,Santa Cruz De La Sierra,2024,10,TOTALES / TOTAL,60
La Paz,21901,Santiago De Machaca,2024,10,TOTALES / TOTAL,1
Cochabamba,30702,Santivañes,2024,10,TOTALES / TOTAL,1
Pando,90303,Sena,2024,10,TOTALES / TOTAL,1
Cochabamba,31602,Shinaota,2024,10,TOTALES / TOTAL,1
La Paz,20601,Sorata,2024,10,TOTALES / TOTAL,1
Chuquisaca,10101,Sucre,2024,10,TOTALES / TOTAL,36
Chuquisaca,10601,Tarabuco,2024,10,TOTALES / TOTAL,2
Tarija,60101,Tarija,2024,10,TOTALES / TOTAL,64
Cochabamba,30903,Tiquipaya,2024,10,TOTALES / TOTAL,1
Cochabamba,30803,Tolata,2024,10,TOTALES / TOTAL,2
Beni,80101,Trinidad,2024,10,TOTALES / TOTAL,19
Potosí,50801,Tupiza,2024,10,TOTALES / TOTAL,4
Potosí,50201,Uncia,2024,10,TOTALES / TOTAL,1
Cochabamba,31003,Villa Tunari,2024,10,TOTALES / TOTAL,8
Potosí,51501,Villazon,2024,10,TOTALES / TOTAL,2
Cochabamba,30904,Vinto,2024,10,TOTALES / TOTAL,1
Santa Cruz,70201,Warnes,2024,10,TOTALES / TOTAL,2
Tarija,60301,Yacuiba,2024,10,TOTALES / TOTAL,3
La Paz,20201,Achacachi,2024,11,TOTALES / TOTAL,2
Potosí,51301,Arampampa,2024,11,TOTALES / TOTAL,1
Santa Cruz,71501,Ascencion De Guarayos,2024,11,TOTALES / TOTAL,2
La Paz,20503,Aucapata,2024,11,TOTALES / TOTAL,1
Cochabamba,30301,Ayopaya (v. De Independencia),2024,11,TOTALES / TOTAL,2
Oruro,41202,Belen De Andamarca,2024,11,TOTALES / TOTAL,1
Tarija,60202,Bermejo,2024,11,TOTALES / TOTAL,1
Potosí,50301,Betanzos,2024,11,TOTALES / TOTAL,2
La Paz,22001,Caranavi,2024,11,TOTALES / TOTAL,4
Tarija,60302,Carapari,2024,11,TOTALES / TOTAL,2
Oruro,40201,Challapata,2024,11,TOTALES / TOTAL,5
La Paz,20305,Charaña,2024,11,TOTALES / TOTAL,1
Potosí,50204,Chuquihuta Ayllu Jucumani,2024,11,TOTALES / TOTAL,5
Cochabamba,30801,Cliza,2024,11,TOTALES / TOTAL,1
Pando,90101,Cobija,2024,11,TOTALES / TOTAL,6
Cochabamba,30303,Cocapata,2024,11,TOTALES / TOTAL,2
Cochabamba,30101,Cochabamba,2024,11,TOTALES / TOTAL,70
Cochabamba,31002,Colomi,2024,11,TOTALES / TOTAL,2
La Paz,21004,Colquiri,2024,11,TOTALES / TOTAL,2
Santa Cruz,71101,Concepcion,2024,11,TOTALES / TOTAL,3
La Paz,20301,Coro Coro,2024,11,TOTALES / TOTAL,1
La Paz,21401,Coroico,2024,11,TOTALES / TOTAL,1
Santa Cruz,70102,Cotoca,2024,11,TOTALES / TOTAL,2
Santa Cruz,71106,Cuatro Cañadas,2024,11,TOTALES / TOTAL,1
Chuquisaca,10902,Culpina,2024,11,TOTALES / TOTAL,1
La Paz,20804,Desaguadero,2024,11,TOTALES / TOTAL,1
La Paz,20105,El Alto,2024,11,TOTALES / TOTAL,66
Tarija,60502,El Puente(tja),2024,11,TOTALES / TOTAL,2
La Paz,20405,Escoma,2024,11,TOTALES / TOTAL,6
Potosí,51204,Gaioc Jatun Ayllu Yura,2024,11,TOTALES / TOTAL,1
La Paz,20802,Guaqui,2024,11,TOTALES / TOTAL,1
Beni,80202,Guayaramerin,2024,11,TOTALES / TOTAL,4
Oruro,40701,Huanuni,2024,11,TOTALES / TOTAL,1
La Paz,21005,Ichoca,2024,11,TOTALES / TOTAL,1
Chuquisaca,10703,Incahuasi,2024,11,TOTALES / TOTAL,3
La Paz,21501,Ixiamas,2024,11,TOTALES / TOTAL,1
La Paz,21105,La Asunta,2024,11,TOTALES / TOTAL,2
La Paz,20101,La Paz,2024,11,TOTALES / TOTAL,93
Potosí,50203,Llallagua,2024,11,TOTALES / TOTAL,5
La Paz,20901,Luribay,2024,11,TOTALES / TOTAL,1
La Paz,20607,Mapiri,2024,11,TOTALES / TOTAL,4
Chuquisaca,10501,Monteagudo,2024,11,TOTALES / TOTAL,2
Santa Cruz,71001,Montero,2024,11,TOTALES / TOTAL,5
Oruro,40101,Oruro,2024,11,TOTALES / TOTAL,54
La Paz,21104,Palos Blancos,2024,11,TOTALES / TOTAL,1
Potosí,50101,Potosi,2024,11,TOTALES / TOTAL,42
Beni,80703,Puerto Siles,2024,11,TOTALES / TOTAL,1
Santa Cruz,71401,Puerto Suarez,2024,11,TOTALES / TOTAL,1
Cochabamba,31205,Puerto Villarroel,2024,11,TOTALES / TOTAL,1
Cochabamba,31401,Punata,2024,11,TOTALES / TOTAL,1
Cochabamba,30901,Quillacollo,2024,11,TOTALES / TOTAL,4
Beni,80301,Reyes,2024,11,TOTALES / TOTAL,1
Beni,80201,Riberalta,2024,11,TOTALES / TOTAL,14
Beni,80304,Rurrenabaque,2024,11,TOTALES / TOTAL,2
Cochabamba,31001,Sacaba,2024,11,TOTALES / TOTAL,21
Beni,80302,San Borja,2024,11,TOTALES / TOTAL,5
Beni,80501,San Ignacio,2024,11,TOTALES / TOTAL,2
Santa Cruz,70301,San Ignacio De Velasco,2024,11,TOTALES / TOTAL,7
Santa Cruz,71102,San Javier(stc),2024,11,TOTALES / TOTAL,3
Santa Cruz,70501,San Jose De Chiquitos,2024,11,TOTALES / TOTAL,20
Chuquisaca,10702,San Lucas,2024,11,TOTALES / TOTAL,1
Santa Cruz,71201,San Matias,2024,11,TOTALES / TOTAL,1
Santa Cruz,71103,San Ramon Scz,2024,11,TOTALES / TOTAL,7
Santa Cruz,70101,Santa Cruz De La Sierra,2024,11,TOTALES / TOTAL,45
Beni,80303,Santa Rosa,2024,11,TOTALES / TOTAL,2
La Paz,21301,Sica Sica (villa Aroma),2024,11,TOTALES / TOTAL,1
Cochabamba,30703,Sicaya,2024,11,TOTALES / TOTAL,1
La Paz,20601,Sorata,2024,11,TOTALES / TOTAL,1
Chuquisaca,10101,Sucre,2024,11,TOTALES / TOTAL,27
Cochabamba,31101,Tapacari,2024,11,TOTALES / TOTAL,3
Chuquisaca,10601,Tarabuco,2024,11,TOTALES / TOTAL,1
Tarija,60101,Tarija,2024,11,TOTALES / TOTAL,10
Cochabamba,30903,Tiquipaya,2024,11,TOTALES / TOTAL,1
Beni,80101,Trinidad,2024,11,TOTALES / TOTAL,15
Potosí,50801,Tupiza,2024,11,TOTALES / TOTAL,3
Santa Cruz,70801,Vallegrande,2024,11,TOTALES / TOTAL,2
Cochabamba,31003,Villa Tunari,2024,11,TOTALES / TOTAL,14
Potosí,51501,Villazon,2024,11,TOTALES / TOTAL,1
Santa Cruz,70201,Warnes,2024,11,TOTALES / TOTAL,3
Tarija,60301,Yacuiba,2024,11,TOTALES / TOTAL,4
Cochabamba,30601,Arque,2024,12,TOTALES / TOTAL,1
Santa Cruz,71501,Ascencion De Guarayos,2024,12,TOTALES / TOTAL,1
Cochabamba,30301,Ayopaya (v. De Independencia),2024,12,TOTALES / TOTAL,6
La Paz,20905,Cairoma,2024,12,TOTALES / TOTAL,2
Chuquisaca,10701,Camargo,2024,12,TOTALES / TOTAL,1
Oruro,40102,Caracollo,2024,12,TOTALES / TOTAL,1
La Paz,22001,Caranavi,2024,12,TOTALES / TOTAL,4
Tarija,60302,Carapari,2024,12,TOTALES / TOTAL,2
La Paz,20203,Chua Cocani,2024,12,TOTALES / TOTAL,2
Pando,90101,Cobija,2024,12,TOTALES / TOTAL,9
Cochabamba,30303,Cocapata,2024,12,TOTALES / TOTAL,1
Cochabamba,30101,Cochabamba,2024,12,TOTALES / TOTAL,115
Potosí,50401,Colquechaca,2024,12,TOTALES / TOTAL,1
La Paz,21004,Colquiri,2024,12,TOTALES / TOTAL,1
Santa Cruz,71101,Concepcion,2024,12,TOTALES / TOTAL,1
Santa Cruz,70102,Cotoca,2024,12,TOTALES / TOTAL,2
Chuquisaca,10902,Culpina,2024,12,TOTALES / TOTAL,1
La Paz,20804,Desaguadero,2024,12,TOTALES / TOTAL,1
La Paz,20105,El Alto,2024,12,TOTALES / TOTAL,81
Tarija,60601,Entre Rios Trj,2024,12,TOTALES / TOTAL,1
La Paz,20405,Escoma,2024,12,TOTALES / TOTAL,1
Potosí,51204,Gaioc Jatun Ayllu Yura,2024,12,TOTALES / TOTAL,1
Beni,80202,Guayaramerin,2024,12,TOTALES / TOTAL,8
Oruro,40701,Huanuni,2024,12,TOTALES / TOTAL,1
La Paz,20101,La Paz,2024,12,TOTALES / TOTAL,101
Potosí,50203,Llallagua,2024,12,TOTALES / TOTAL,5
Santa Cruz,70903,Mairana,2024,12,TOTALES / TOTAL,1
Oruro,40101,Oruro,2024,12,TOTALES / TOTAL,38
Tarija,60201,Padcaya,2024,12,TOTALES / TOTAL,1
Potosí,50403,Pocoata,2024,12,TOTALES / TOTAL,1
Santa Cruz,70601,Portachuelo,2024,12,TOTALES / TOTAL,2
Potosí,50101,Potosi,2024,12,TOTALES / TOTAL,51
Chuquisaca,10302,Presto,2024,12,TOTALES / TOTAL,2
Cochabamba,31205,Puerto Villarroel,2024,12,TOTALES / TOTAL,1
Cochabamba,31401,Punata,2024,12,TOTALES / TOTAL,1
Cochabamba,30901,Quillacollo,2024,12,TOTALES / TOTAL,3
Beni,80301,Reyes,2024,12,TOTALES / TOTAL,1
Beni,80201,Riberalta,2024,12,TOTALES / TOTAL,11
Santa Cruz,70503,Robore,2024,12,TOTALES / TOTAL,1
Beni,80304,Rurrenabaque,2024,12,TOTALES / TOTAL,1
Cochabamba,31001,Sacaba,2024,12,TOTALES / TOTAL,15
La Paz,20805,San Andres De Machaca,2024,12,TOTALES / TOTAL,1
Santa Cruz,71105,San Antonio De Lomerio,2024,12,TOTALES / TOTAL,1
Beni,80302,San Borja,2024,12,TOTALES / TOTAL,1
La Paz,21502,San Buena Ventura,2024,12,TOTALES / TOTAL,1
Beni,80501,San Ignacio,2024,12,TOTALES / TOTAL,1
Santa Cruz,70301,San Ignacio De Velasco,2024,12,TOTALES / TOTAL,4
Chuquisaca,10702,San Lucas,2024,12,TOTALES / TOTAL,1
Santa Cruz,71201,San Matias,2024,12,TOTALES / TOTAL,1
La Paz,21702,San Pedro De Tiquina,2024,12,TOTALES / TOTAL,1
Beni,80401,Santa Ana,2024,12,TOTALES / TOTAL,2
Santa Cruz,70101,Santa Cruz De La Sierra,2024,12,TOTALES / TOTAL,42
La Paz,20205,Santiago De Huata,2024,12,TOTALES / TOTAL,1
Cochabamba,31602,Shinaota,2024,12,TOTALES / TOTAL,1
La Paz,20601,Sorata,2024,12,TOTALES / TOTAL,1
Chuquisaca,10101,Sucre,2024,12,TOTALES / TOTAL,34
Tarija,60101,Tarija,2024,12,TOTALES / TOTAL,11
Cochabamba,31601,Tiraque (cbba),2024,12,TOTALES / TOTAL,2
Santa Cruz,70802,Trigal,2024,12,TOTALES / TOTAL,1
Beni,80101,Trinidad,2024,12,TOTALES / TOTAL,14
Potosí,50801,Tupiza,2024,12,TOTALES / TOTAL,1
Potosí,51201,Uyuni,2024,12,TOTALES / TOTAL,2
Santa Cruz,70801,Vallegrande,2024,12,TOTALES / TOTAL,1
La Paz,20801,Viacha,2024,12,TOTALES / TOTAL,3
Tarija,60303,Villa Montes,2024,12,TOTALES / TOTAL,3
Cochabamba,31003,Villa Tunari,2024,12,TOTALES / TOTAL,10
Potosí,51501,Villazon,2024,12,TOTALES / TOTAL,3
Cochabamba,30904,Vinto,2024,12,TOTALES / TOTAL,1
Santa Cruz,70201,Warnes,2024,12,TOTALES / TOTAL,1
Tarija,60301,Yacuiba,2024,12,TOTALES / TOTAL,2
Santa Cruz,70403,Yapacani,2024,12,TOTALES / TOTAL,2
