department,municipality_id,municipality,year,month,population,value
Potosí,51302,Acacio,2008,1,Mujeres puerperas con dosis completa de hierro,7
La Paz,20201,Achacachi,2008,1,Mujeres puerperas con dosis completa de hierro,43
La Paz,20104,Achocalla,2008,1,Mujeres puerperas con dosis completa de hierro,8
Cochabamba,30201,Aiquile,2008,1,Mujeres puerperas con dosis completa de hierro,34
Cochabamba,31303,Alalay,2008,1,Mujeres puerperas con dosis completa de hierro,5
Chuquisaca,10404,Alcala,2008,1,Mujeres puerperas con dosis completa de hierro,3
La Paz,20202,Ancoraimes,2008,1,Mujeres puerperas con dosis completa de hierro,13
Oruro,41201,Andamarca,2008,1,Mujeres puerperas con dosis completa de hierro,5
Oruro,40603,Antequera,2008,1,Mujeres puerperas con dosis completa de hierro,3
Cochabamba,30402,Anzaldo,2008,1,Mujeres puerperas con dosis completa de hierro,6
La Paz,20701,Apolo,2008,1,Mujeres puerperas con dosis completa de hierro,21
Potosí,51301,Arampampa,2008,1,Mujeres puerperas con dosis completa de hierro,10
Cochabamba,30501,Arani,2008,1,Mujeres puerperas con dosis completa de hierro,11
Cochabamba,30403,Arbieto,2008,1,Mujeres puerperas con dosis completa de hierro,10
Cochabamba,30601,Arque,2008,1,Mujeres puerperas con dosis completa de hierro,23
Santa Cruz,71501,Ascencion De Guarayos,2008,1,Mujeres puerperas con dosis completa de hierro,58
Potosí,50802,Atocha,2008,1,Mujeres puerperas con dosis completa de hierro,7
La Paz,20503,Aucapata,2008,1,Mujeres puerperas con dosis completa de hierro,1
La Paz,20502,Ayata,2008,1,Mujeres puerperas con dosis completa de hierro,3
La Paz,21303,Ayo Ayo,2008,1,Mujeres puerperas con dosis completa de hierro,11
Cochabamba,30301,Ayopaya (v. De Independencia),2008,1,Mujeres puerperas con dosis completa de hierro,32
Chuquisaca,10201,Azurduy,2008,1,Mujeres puerperas con dosis completa de hierro,19
La Paz,21203,Batallas,2008,1,Mujeres puerperas con dosis completa de hierro,11
Beni,80802,Baures,2008,1,Mujeres puerperas con dosis completa de hierro,2
Pando,90104,Bella Flor,2008,1,Mujeres puerperas con dosis completa de hierro,1
Tarija,60202,Bermejo,2008,1,Mujeres puerperas con dosis completa de hierro,43
Potosí,50301,Betanzos,2008,1,Mujeres puerperas con dosis completa de hierro,35
Cochabamba,31501,Bolivar,2008,1,Mujeres puerperas con dosis completa de hierro,11
Pando,90103,Bolpebra,2008,1,Mujeres puerperas con dosis completa de hierro,2
Santa Cruz,70707,Boyuibe,2008,1,Mujeres puerperas con dosis completa de hierro,1
Santa Cruz,70401,Buena Vista,2008,1,Mujeres puerperas con dosis completa de hierro,19
Santa Cruz,70703,Cabezas,2008,1,Mujeres puerperas con dosis completa de hierro,7
La Paz,20905,Cairoma,2008,1,Mujeres puerperas con dosis completa de hierro,15
Potosí,51102,"Caiza ""d""",2008,1,Mujeres puerperas con dosis completa de hierro,6
La Paz,21003,Cajuata,2008,1,Mujeres puerperas con dosis completa de hierro,11
La Paz,20303,Calacoto,2008,1,Mujeres puerperas con dosis completa de hierro,5
La Paz,21304,Calamarca,2008,1,Mujeres puerperas con dosis completa de hierro,13
Chuquisaca,10701,Camargo,2008,1,Mujeres puerperas con dosis completa de hierro,32
Chuquisaca,10901,Camataqui (c. Villa Abecia),2008,1,Mujeres puerperas con dosis completa de hierro,6
Santa Cruz,70706,Camiri,2008,1,Mujeres puerperas con dosis completa de hierro,61
Cochabamba,30701,Capinota,2008,1,Mujeres puerperas con dosis completa de hierro,40
La Paz,20302,Caquiaviri,2008,1,Mujeres puerperas con dosis completa de hierro,8
Oruro,40102,Caracollo,2008,1,Mujeres puerperas con dosis completa de hierro,19
La Paz,22001,Caranavi,2008,1,Mujeres puerperas con dosis completa de hierro,76
Tarija,60302,Carapari,2008,1,Mujeres puerperas con dosis completa de hierro,11
Potosí,50702,Caripuyo,2008,1,Mujeres puerperas con dosis completa de hierro,17
Santa Cruz,71403,Carmen Rivero Torrez,2008,1,Mujeres puerperas con dosis completa de hierro,5
La Paz,21902,Catacora,2008,1,Mujeres puerperas con dosis completa de hierro,3
La Paz,21803,Chacarilla,2008,1,Mujeres puerperas con dosis completa de hierro,1
Oruro,40201,Challapata,2008,1,Mujeres puerperas con dosis completa de hierro,33
Potosí,50302,Chaqui,2008,1,Mujeres puerperas con dosis completa de hierro,6
Santa Cruz,70702,Charagua,2008,1,Mujeres puerperas con dosis completa de hierro,45
La Paz,20305,Charaña,2008,1,Mujeres puerperas con dosis completa de hierro,5
Potosí,50202,Chayanta,2008,1,Mujeres puerperas con dosis completa de hierro,9
Cochabamba,31204,Chimore,2008,1,Mujeres puerperas con dosis completa de hierro,5
Oruro,40903,Chipaya,2008,1,Mujeres puerperas con dosis completa de hierro,4
Oruro,40302,Choque Cota,2008,1,Mujeres puerperas con dosis completa de hierro,1
La Paz,21101,Chulumani (v. De La Libertad),2008,1,Mujeres puerperas con dosis completa de hierro,29
La Paz,20501,Chuma,2008,1,Mujeres puerperas con dosis completa de hierro,3
Cochabamba,30801,Cliza,2008,1,Mujeres puerperas con dosis completa de hierro,13
Pando,90101,Cobija,2008,1,Mujeres puerperas con dosis completa de hierro,64
Cochabamba,30101,Cochabamba,2008,1,Mujeres puerperas con dosis completa de hierro,386
Oruro,40902,Coipasa,2008,1,Mujeres puerperas con dosis completa de hierro,1
Cochabamba,30905,Colcapirhua,2008,1,Mujeres puerperas con dosis completa de hierro,38
Potosí,50901,"Colcha ""k""",2008,1,Mujeres puerperas con dosis completa de hierro,6
La Paz,21307,Collana,2008,1,Mujeres puerperas con dosis completa de hierro,3
Cochabamba,31002,Colomi,2008,1,Mujeres puerperas con dosis completa de hierro,23
Santa Cruz,70603,Colpa Belgica,2008,1,Mujeres puerperas con dosis completa de hierro,7
Potosí,50401,Colquechaca,2008,1,Mujeres puerperas con dosis completa de hierro,73
La Paz,21306,Colquencha,2008,1,Mujeres puerperas con dosis completa de hierro,9
La Paz,21004,Colquiri,2008,1,Mujeres puerperas con dosis completa de hierro,23
Santa Cruz,71301,Comarapa,2008,1,Mujeres puerperas con dosis completa de hierro,23
La Paz,20605,Combaya,2008,1,Mujeres puerperas con dosis completa de hierro,1
La Paz,21701,Copacabana,2008,1,Mujeres puerperas con dosis completa de hierro,20
La Paz,21402,Coripata,2008,1,Mujeres puerperas con dosis completa de hierro,22
La Paz,20301,Coro Coro,2008,1,Mujeres puerperas con dosis completa de hierro,6
La Paz,21401,Coroico,2008,1,Mujeres puerperas con dosis completa de hierro,16
Oruro,40301,Corque,2008,1,Mujeres puerperas con dosis completa de hierro,10
Potosí,50601,Cotagaita,2008,1,Mujeres puerperas con dosis completa de hierro,18
Santa Cruz,70102,Cotoca,2008,1,Mujeres puerperas con dosis completa de hierro,25
Santa Cruz,71106,Cuatro Cañadas,2008,1,Mujeres puerperas con dosis completa de hierro,16
Cochabamba,31405,Cuchumuela (v. G. Villarroel),2008,1,Mujeres puerperas con dosis completa de hierro,1
Santa Cruz,70704,Cuevo,2008,1,Mujeres puerperas con dosis completa de hierro,5
Chuquisaca,10902,Culpina,2008,1,Mujeres puerperas con dosis completa de hierro,17
La Paz,21602,Curva,2008,1,Mujeres puerperas con dosis completa de hierro,4
La Paz,20804,Desaguadero,2008,1,Mujeres puerperas con dosis completa de hierro,7
La Paz,20105,El Alto,2008,1,Mujeres puerperas con dosis completa de hierro,1286
Oruro,40103,El Choro,2008,1,Mujeres puerperas con dosis completa de hierro,1
Santa Cruz,71503,El Puente(stc),2008,1,Mujeres puerperas con dosis completa de hierro,6
Tarija,60502,El Puente(tja),2008,1,Mujeres puerperas con dosis completa de hierro,15
Santa Cruz,70105,El Torno,2008,1,Mujeres puerperas con dosis completa de hierro,17
Chuquisaca,10405,El Villar,2008,1,Mujeres puerperas con dosis completa de hierro,5
Tarija,60601,Entre Rios,2008,1,Mujeres puerperas con dosis completa de hierro,34
Tarija,60601,Entre Rios,2008,1,Mujeres puerperas con dosis completa de hierro,26
Oruro,41101,Eucaliptus,2008,1,Mujeres puerperas con dosis completa de hierro,5
Pando,90503,Eureka (santos Mercado),2008,1,Mujeres puerperas con dosis completa de hierro,3
Beni,80402,Exaltacion,2008,1,Mujeres puerperas con dosis completa de hierro,4
Santa Cruz,71004,Fernandez Alonso,2008,1,Mujeres puerperas con dosis completa de hierro,8
Santa Cruz,71002,General Saavedra,2008,1,Mujeres puerperas con dosis completa de hierro,16
La Paz,21601,Gral. J.j. Perez (charazani),2008,1,Mujeres puerperas con dosis completa de hierro,9
La Paz,20602,Guanay,2008,1,Mujeres puerperas con dosis completa de hierro,21
La Paz,20802,Guaqui,2008,1,Mujeres puerperas con dosis completa de hierro,7
Beni,80202,Guayaramerin,2008,1,Mujeres puerperas con dosis completa de hierro,73
Santa Cruz,70705,Gutierrez,2008,1,Mujeres puerperas con dosis completa de hierro,15
Chuquisaca,10502,Huacareta,2008,1,Mujeres puerperas con dosis completa de hierro,13
Chuquisaca,11002,Huacaya (villa De Huacaya),2008,1,Mujeres puerperas con dosis completa de hierro,5
Oruro,40701,Huanuni,2008,1,Mujeres puerperas con dosis completa de hierro,21
Beni,80803,Huaracaje,2008,1,Mujeres puerperas con dosis completa de hierro,6
Oruro,41601,Huayllamarca,2008,1,Mujeres puerperas con dosis completa de hierro,2
La Paz,21005,Ichoca,2008,1,Mujeres puerperas con dosis completa de hierro,13
Chuquisaca,10304,Icla,2008,1,Mujeres puerperas con dosis completa de hierro,14
Chuquisaca,10703,Incahuasi,2008,1,Mujeres puerperas con dosis completa de hierro,49
La Paz,21001,Inquisivi,2008,1,Mujeres puerperas con dosis completa de hierro,16
La Paz,21102,Irupana (villa De Lanza),2008,1,Mujeres puerperas con dosis completa de hierro,4
La Paz,20806,Jesus De Machaca,2008,1,Mujeres puerperas con dosis completa de hierro,12
La Paz,21105,La Asunta,2008,1,Mujeres puerperas con dosis completa de hierro,66
Santa Cruz,70104,La Guardia,2008,1,Mujeres puerperas con dosis completa de hierro,24
La Paz,20101,La Paz,2008,1,Mujeres puerperas con dosis completa de hierro,847
Santa Cruz,70701,Lagunillas,2008,1,Mujeres puerperas con dosis completa de hierro,10
La Paz,21202,Laja,2008,1,Mujeres puerperas con dosis completa de hierro,20
La Paz,21006,Licoma Pampa,2008,1,Mujeres puerperas con dosis completa de hierro,3
Potosí,50203,Llallagua,2008,1,Mujeres puerperas con dosis completa de hierro,322
Potosí,51401,Llica,2008,1,Mujeres puerperas con dosis completa de hierro,5
La Paz,20901,Luribay,2008,1,Mujeres puerperas con dosis completa de hierro,13
Oruro,40702,Machacamarca,2008,1,Mujeres puerperas con dosis completa de hierro,7
Chuquisaca,11003,Machareti,2008,1,Mujeres puerperas con dosis completa de hierro,3
Beni,80801,Magdalena,2008,1,Mujeres puerperas con dosis completa de hierro,16
Santa Cruz,70903,Mairana,2008,1,Mujeres puerperas con dosis completa de hierro,17
La Paz,20904,Malla,2008,1,Mujeres puerperas con dosis completa de hierro,3
La Paz,20607,Mapiri,2008,1,Mujeres puerperas con dosis completa de hierro,12
La Paz,20103,Mecapaca,2008,1,Mujeres puerperas con dosis completa de hierro,3
Santa Cruz,71003,Mineros,2008,1,Mujeres puerperas con dosis completa de hierro,9
Cochabamba,31301,Mizque,2008,1,Mujeres puerperas con dosis completa de hierro,44
La Paz,20402,Mocomoco,2008,1,Mujeres puerperas con dosis completa de hierro,18
Potosí,51002,Mojinete,2008,1,Mujeres puerperas con dosis completa de hierro,2
Chuquisaca,10303,Mojocoya,2008,1,Mujeres puerperas con dosis completa de hierro,8
Chuquisaca,10501,Monteagudo,2008,1,Mujeres puerperas con dosis completa de hierro,29
Santa Cruz,71001,Montero,2008,1,Mujeres puerperas con dosis completa de hierro,80
Santa Cruz,70803,Moro Moro,2008,1,Mujeres puerperas con dosis completa de hierro,2
Cochabamba,30302,Morochata,2008,1,Mujeres puerperas con dosis completa de hierro,26
Pando,90401,Nacebe (santa Rosa Del Abuna),2008,1,Mujeres puerperas con dosis completa de hierro,4
Pando,90501,Nuevo Manoa (nueva Esperanza),2008,1,Mujeres puerperas con dosis completa de hierro,1
Potosí,50404,Ocuri,2008,1,Mujeres puerperas con dosis completa de hierro,31
Santa Cruz,70202,Okinawa,2008,1,Mujeres puerperas con dosis completa de hierro,23
Cochabamba,30203,Omereque,2008,1,Mujeres puerperas con dosis completa de hierro,8
Oruro,40101,Oruro,2008,1,Mujeres puerperas con dosis completa de hierro,137
Tarija,60201,Padcaya,2008,1,Mujeres puerperas con dosis completa de hierro,19
Chuquisaca,10401,Padilla,2008,1,Mujeres puerperas con dosis completa de hierro,19
Santa Cruz,70502,Pailon,2008,1,Mujeres puerperas con dosis completa de hierro,6
La Paz,20102,Palca,2008,1,Mujeres puerperas con dosis completa de hierro,2
La Paz,21104,Palos Blancos,2008,1,Mujeres puerperas con dosis completa de hierro,43
Oruro,40802,Pampa Aullagas,2008,1,Mujeres puerperas con dosis completa de hierro,4
Santa Cruz,70902,Pampa Grande,2008,1,Mujeres puerperas con dosis completa de hierro,6
La Paz,21802,Papel Pampa,2008,1,Mujeres puerperas con dosis completa de hierro,4
Cochabamba,30202,Pasorapa,2008,1,Mujeres puerperas con dosis completa de hierro,4
La Paz,21305,Patacamaya,2008,1,Mujeres puerperas con dosis completa de hierro,3
Oruro,40602,Pazña,2008,1,Mujeres puerperas con dosis completa de hierro,8
La Paz,20702,Pelechuco,2008,1,Mujeres puerperas con dosis completa de hierro,3
Potosí,50403,Pocoata,2008,1,Mujeres puerperas con dosis completa de hierro,35
Cochabamba,31203,Pocona,2008,1,Mujeres puerperas con dosis completa de hierro,6
Cochabamba,31202,Pojo (cbba),2008,1,Mujeres puerperas con dosis completa de hierro,16
Oruro,40601,Poopo,2008,1,Mujeres puerperas con dosis completa de hierro,6
Potosí,51203,Porco,2008,1,Mujeres puerperas con dosis completa de hierro,11
Chuquisaca,10103,Poroma,2008,1,Mujeres puerperas con dosis completa de hierro,35
Santa Cruz,70103,Porongo,2008,1,Mujeres puerperas con dosis completa de hierro,5
Santa Cruz,70601,Portachuelo,2008,1,Mujeres puerperas con dosis completa de hierro,6
Pando,90102,Porvenir,2008,1,Mujeres puerperas con dosis completa de hierro,4
Potosí,50101,Potosi,2008,1,Mujeres puerperas con dosis completa de hierro,286
Chuquisaca,10302,Presto,2008,1,Mujeres puerperas con dosis completa de hierro,26
Santa Cruz,70805,Pucara,2008,1,Mujeres puerperas con dosis completa de hierro,3
La Paz,21201,Pucarani,2008,1,Mujeres puerperas con dosis completa de hierro,20
La Paz,20401,Puerto Acosta,2008,1,Mujeres puerperas con dosis completa de hierro,26
La Paz,20403,Puerto Carabuco,2008,1,Mujeres puerperas con dosis completa de hierro,15
Pando,90301,Puerto Gonzalo Moreno,2008,1,Mujeres puerperas con dosis completa de hierro,12
La Paz,21204,Puerto Perez,2008,1,Mujeres puerperas con dosis completa de hierro,8
Santa Cruz,71402,Puerto Quijarro,2008,1,Mujeres puerperas con dosis completa de hierro,10
Pando,90201,Puerto Rico,2008,1,Mujeres puerperas con dosis completa de hierro,9
Beni,80703,Puerto Siles,2008,1,Mujeres puerperas con dosis completa de hierro,3
Santa Cruz,71401,Puerto Suarez,2008,1,Mujeres puerperas con dosis completa de hierro,1
Cochabamba,31205,Puerto Villarroel,2008,1,Mujeres puerperas con dosis completa de hierro,26
Potosí,51101,Puna,2008,1,Mujeres puerperas con dosis completa de hierro,26
Cochabamba,31401,Punata,2008,1,Mujeres puerperas con dosis completa de hierro,41
La Paz,20604,Quiabaya,2008,1,Mujeres puerperas con dosis completa de hierro,3
Cochabamba,30901,Quillacollo,2008,1,Mujeres puerperas con dosis completa de hierro,180
La Paz,21002,Quime,2008,1,Mujeres puerperas con dosis completa de hierro,4
Santa Cruz,70904,Quirusillas,2008,1,Mujeres puerperas con dosis completa de hierro,2
Potosí,50402,Ravelo,2008,1,Mujeres puerperas con dosis completa de hierro,20
Beni,80301,Reyes,2008,1,Mujeres puerperas con dosis completa de hierro,23
Beni,80201,Riberalta,2008,1,Mujeres puerperas con dosis completa de hierro,364
Santa Cruz,70503,Robore,2008,1,Mujeres puerperas con dosis completa de hierro,25
Beni,80304,Rurrenabaque,2008,1,Mujeres puerperas con dosis completa de hierro,12
Oruro,40901,Sabaya,2008,1,Mujeres puerperas con dosis completa de hierro,1
Cochabamba,31001,Sacaba,2008,1,Mujeres puerperas con dosis completa de hierro,143
Cochabamba,30404,Sacabamba,2008,1,Mujeres puerperas con dosis completa de hierro,9
Potosí,50701,Sacaca,2008,1,Mujeres puerperas con dosis completa de hierro,23
Santa Cruz,71302,Saipina,2008,1,Mujeres puerperas con dosis completa de hierro,7
Oruro,40801,Salinas De Garci Mendoza,2008,1,Mujeres puerperas con dosis completa de hierro,8
Santa Cruz,70901,Samaipata,2008,1,Mujeres puerperas con dosis completa de hierro,12
Potosí,51601,San Agustin,2008,1,Mujeres puerperas con dosis completa de hierro,5
Beni,80602,San Andres,2008,1,Mujeres puerperas con dosis completa de hierro,8
La Paz,20805,San Andres De Machaca,2008,1,Mujeres puerperas con dosis completa de hierro,7
Potosí,51003,San Antonio De Esmoruco,2008,1,Mujeres puerperas con dosis completa de hierro,3
Santa Cruz,71105,San Antonio De Lomerio,2008,1,Mujeres puerperas con dosis completa de hierro,3
Cochabamba,31403,San Benito,2008,1,Mujeres puerperas con dosis completa de hierro,1
Beni,80302,San Borja,2008,1,Mujeres puerperas con dosis completa de hierro,53
La Paz,21502,San Buena Ventura,2008,1,Mujeres puerperas con dosis completa de hierro,10
Santa Cruz,70402,San Carlos,2008,1,Mujeres puerperas con dosis completa de hierro,62
Beni,80501,San Ignacio,2008,1,Mujeres puerperas con dosis completa de hierro,42
Santa Cruz,70301,San Ignacio De Velasco,2008,1,Mujeres puerperas con dosis completa de hierro,96
Beni,80102,San Javier(bni),2008,1,Mujeres puerperas con dosis completa de hierro,1
Beni,80701,San Joaquin,2008,1,Mujeres puerperas con dosis completa de hierro,3
Santa Cruz,70501,San Jose De Chiquitos,2008,1,Mujeres puerperas con dosis completa de hierro,23
Santa Cruz,70404,San Juan De Yapacani,2008,1,Mujeres puerperas con dosis completa de hierro,10
Santa Cruz,71104,San Julian,2008,1,Mujeres puerperas con dosis completa de hierro,36
Pando,90302,San Lorenzo(pnd),2008,1,Mujeres puerperas con dosis completa de hierro,4
Tarija,60501,San Lorenzo(tja),2008,1,Mujeres puerperas con dosis completa de hierro,12
Chuquisaca,10702,San Lucas,2008,1,Mujeres puerperas con dosis completa de hierro,59
Santa Cruz,71201,San Matias,2008,1,Mujeres puerperas con dosis completa de hierro,8
Santa Cruz,70302,San Miguel De Velasco,2008,1,Mujeres puerperas con dosis completa de hierro,14
Potosí,51001,San Pablo De Lipez,2008,1,Mujeres puerperas con dosis completa de hierro,10
Santa Cruz,71005,San Pedro,2008,1,Mujeres puerperas con dosis completa de hierro,12
Potosí,50501,San Pedro De Buena Vista,2008,1,Mujeres puerperas con dosis completa de hierro,25
La Paz,21801,San Pedro De Curahuara,2008,1,Mujeres puerperas con dosis completa de hierro,10
La Paz,21702,San Pedro De Tiquina,2008,1,Mujeres puerperas con dosis completa de hierro,3
Pando,90202,San Pedro(pnd),2008,1,Mujeres puerperas con dosis completa de hierro,2
Santa Cruz,70303,San Rafael,2008,1,Mujeres puerperas con dosis completa de hierro,5
Beni,80702,San Ramon,2008,1,Mujeres puerperas con dosis completa de hierro,6
Beni,80702,San Ramon,2008,1,Mujeres puerperas con dosis completa de hierro,12
Beni,80401,Santa Ana,2008,1,Mujeres puerperas con dosis completa de hierro,16
Santa Cruz,70101,Santa Cruz De La Sierra,2008,1,Mujeres puerperas con dosis completa de hierro,346
Beni,80303,Santa Rosa,2008,1,Mujeres puerperas con dosis completa de hierro,16
Santa Cruz,70602,Santa Rosa Del Sara,2008,1,Mujeres puerperas con dosis completa de hierro,22
La Paz,20308,Santiago De Callapa,2008,1,Mujeres puerperas con dosis completa de hierro,6
Oruro,41401,Santiago De Huari,2008,1,Mujeres puerperas con dosis completa de hierro,5
La Paz,21901,Santiago De Machaca,2008,1,Mujeres puerperas con dosis completa de hierro,3
Cochabamba,30702,Santivañes,2008,1,Mujeres puerperas con dosis completa de hierro,3
Oruro,40202,Santuario De Quillacas,2008,1,Mujeres puerperas con dosis completa de hierro,3
La Paz,20902,Sapahaqui,2008,1,Mujeres puerperas con dosis completa de hierro,4
Pando,90303,Sena,2008,1,Mujeres puerperas con dosis completa de hierro,4
La Paz,21301,Sica Sica (villa Aroma),2008,1,Mujeres puerperas con dosis completa de hierro,11
Cochabamba,30703,Sicaya,2008,1,Mujeres puerperas con dosis completa de hierro,5
Cochabamba,30902,Sipe Sipe,2008,1,Mujeres puerperas con dosis completa de hierro,10
Chuquisaca,10403,Sopachuy,2008,1,Mujeres puerperas con dosis completa de hierro,8
Oruro,40104,Soracachi,2008,1,Mujeres puerperas con dosis completa de hierro,1
La Paz,20601,Sorata,2008,1,Mujeres puerperas con dosis completa de hierro,17
Chuquisaca,10101,Sucre,2008,1,Mujeres puerperas con dosis completa de hierro,365
Cochabamba,31404,Tacachi,2008,1,Mujeres puerperas con dosis completa de hierro,1
La Paz,20603,Tacacoma,2008,1,Mujeres puerperas con dosis completa de hierro,8
Potosí,50303,Tacobamba,2008,1,Mujeres puerperas con dosis completa de hierro,7
Cochabamba,30602,Tacopaya,2008,1,Mujeres puerperas con dosis completa de hierro,25
Cochabamba,31101,Tapacari,2008,1,Mujeres puerperas con dosis completa de hierro,26
Chuquisaca,10601,Tarabuco,2008,1,Mujeres puerperas con dosis completa de hierro,52
Cochabamba,30401,Tarata,2008,1,Mujeres puerperas con dosis completa de hierro,8
Tarija,60101,Tarija,2008,1,Mujeres puerperas con dosis completa de hierro,230
Chuquisaca,10202,Tarvita,2008,1,Mujeres puerperas con dosis completa de hierro,24
La Paz,20608,Teoponte,2008,1,Mujeres puerperas con dosis completa de hierro,8
La Paz,20803,Tiawanacu,2008,1,Mujeres puerperas con dosis completa de hierro,23
Potosí,50102,Tinguipaya,2008,1,Mujeres puerperas con dosis completa de hierro,15
La Paz,20606,Tipuani,2008,1,Mujeres puerperas con dosis completa de hierro,24
Cochabamba,30903,Tiquipaya,2008,1,Mujeres puerperas con dosis completa de hierro,54
Cochabamba,31601,Tiraque (cbba),2008,1,Mujeres puerperas con dosis completa de hierro,83
Cochabamba,30802,Toco,2008,1,Mujeres puerperas con dosis completa de hierro,4
Oruro,41502,Todos Santos,2008,1,Mujeres puerperas con dosis completa de hierro,2
Cochabamba,30803,Tolata,2008,1,Mujeres puerperas con dosis completa de hierro,6
Oruro,41001,Toledo,2008,1,Mujeres puerperas con dosis completa de hierro,13
Potosí,51202,Tomave,2008,1,Mujeres puerperas con dosis completa de hierro,12
Chuquisaca,10402,Tomina,2008,1,Mujeres puerperas con dosis completa de hierro,7
Potosí,50502,Toro Toro,2008,1,Mujeres puerperas con dosis completa de hierro,17
Cochabamba,31201,Totora(cbba),2008,1,Mujeres puerperas con dosis completa de hierro,12
Oruro,41301,Totora(orr),2008,1,Mujeres puerperas con dosis completa de hierro,6
Santa Cruz,70802,Trigal,2008,1,Mujeres puerperas con dosis completa de hierro,2
Beni,80101,Trinidad,2008,1,Mujeres puerperas con dosis completa de hierro,71
Potosí,50801,Tupiza,2008,1,Mujeres puerperas con dosis completa de hierro,81
Oruro,40402,Turco,2008,1,Mujeres puerperas con dosis completa de hierro,2
La Paz,21302,Umala,2008,1,Mujeres puerperas con dosis completa de hierro,4
Potosí,50201,Uncia,2008,1,Mujeres puerperas con dosis completa de hierro,27
Tarija,60401,Uriondo (a. Concepcion),2008,1,Mujeres puerperas con dosis completa de hierro,25
Santa Cruz,71502,Urubicha,2008,1,Mujeres puerperas con dosis completa de hierro,7
Potosí,51201,Uyuni,2008,1,Mujeres puerperas con dosis completa de hierro,4
Cochabamba,30502,Vacas,2008,1,Mujeres puerperas con dosis completa de hierro,15
Santa Cruz,70801,Vallegrande,2008,1,Mujeres puerperas con dosis completa de hierro,19
La Paz,20801,Viacha,2008,1,Mujeres puerperas con dosis completa de hierro,25
Cochabamba,31302,Vila Vila,2008,1,Mujeres puerperas con dosis completa de hierro,12
Tarija,60303,Villa Montes,2008,1,Mujeres puerperas con dosis completa de hierro,25
Pando,90502,Villa Nueva (loma Alta),2008,1,Mujeres puerperas con dosis completa de hierro,3
Cochabamba,31402,Villa Rivero,2008,1,Mujeres puerperas con dosis completa de hierro,3
Chuquisaca,10801,Villa Serrano,2008,1,Mujeres puerperas con dosis completa de hierro,13
Cochabamba,31003,Villa Tunari,2008,1,Mujeres puerperas con dosis completa de hierro,86
Chuquisaca,11001,Villa Vaca Guzman (muyupampa),2008,1,Mujeres puerperas con dosis completa de hierro,7
Potosí,51501,Villazon,2008,1,Mujeres puerperas con dosis completa de hierro,6
Cochabamba,30904,Vinto,2008,1,Mujeres puerperas con dosis completa de hierro,26
Potosí,50602,Vitichi,2008,1,Mujeres puerperas con dosis completa de hierro,5
Santa Cruz,70201,Warnes,2008,1,Mujeres puerperas con dosis completa de hierro,830
La Paz,20903,Yaco,2008,1,Mujeres puerperas con dosis completa de hierro,15
Tarija,60301,Yacuiba,2008,1,Mujeres puerperas con dosis completa de hierro,88
Chuquisaca,10602,Yamparaez,2008,1,Mujeres puerperas con dosis completa de hierro,7
La Paz,21103,Yanacachi,2008,1,Mujeres puerperas con dosis completa de hierro,1
Santa Cruz,70403,Yapacani,2008,1,Mujeres puerperas con dosis completa de hierro,51
Potosí,50103,Yocalla,2008,1,Mujeres puerperas con dosis completa de hierro,7
Chuquisaca,10102,Yotala,2008,1,Mujeres puerperas con dosis completa de hierro,14
Tarija,60402,Yunchara,2008,1,Mujeres puerperas con dosis completa de hierro,4
Chuquisaca,10301,Zudañez,2008,1,Mujeres puerperas con dosis completa de hierro,14
Potosí,51302,Acacio,2008,2,Mujeres puerperas con dosis completa de hierro,9
La Paz,20201,Achacachi,2008,2,Mujeres puerperas con dosis completa de hierro,47
La Paz,20104,Achocalla,2008,2,Mujeres puerperas con dosis completa de hierro,14
Cochabamba,30201,Aiquile,2008,2,Mujeres puerperas con dosis completa de hierro,24
Cochabamba,31303,Alalay,2008,2,Mujeres puerperas con dosis completa de hierro,7
La Paz,20202,Ancoraimes,2008,2,Mujeres puerperas con dosis completa de hierro,14
Oruro,41201,Andamarca,2008,2,Mujeres puerperas con dosis completa de hierro,6
Cochabamba,30402,Anzaldo,2008,2,Mujeres puerperas con dosis completa de hierro,5
La Paz,20701,Apolo,2008,2,Mujeres puerperas con dosis completa de hierro,36
Potosí,51301,Arampampa,2008,2,Mujeres puerperas con dosis completa de hierro,6
Cochabamba,30501,Arani,2008,2,Mujeres puerperas con dosis completa de hierro,5
Cochabamba,30403,Arbieto,2008,2,Mujeres puerperas con dosis completa de hierro,12
Cochabamba,30601,Arque,2008,2,Mujeres puerperas con dosis completa de hierro,20
Santa Cruz,71501,Ascencion De Guarayos,2008,2,Mujeres puerperas con dosis completa de hierro,43
Potosí,50802,Atocha,2008,2,Mujeres puerperas con dosis completa de hierro,13
La Paz,20503,Aucapata,2008,2,Mujeres puerperas con dosis completa de hierro,2
La Paz,20502,Ayata,2008,2,Mujeres puerperas con dosis completa de hierro,11
La Paz,21303,Ayo Ayo,2008,2,Mujeres puerperas con dosis completa de hierro,29
Cochabamba,30301,Ayopaya (v. De Independencia),2008,2,Mujeres puerperas con dosis completa de hierro,36
Chuquisaca,10201,Azurduy,2008,2,Mujeres puerperas con dosis completa de hierro,21
La Paz,21203,Batallas,2008,2,Mujeres puerperas con dosis completa de hierro,12
Beni,80802,Baures,2008,2,Mujeres puerperas con dosis completa de hierro,4
Oruro,41202,Belen De Andamarca,2008,2,Mujeres puerperas con dosis completa de hierro,2
Potosí,50104,Belen De Urmiri,2008,2,Mujeres puerperas con dosis completa de hierro,1
Pando,90104,Bella Flor,2008,2,Mujeres puerperas con dosis completa de hierro,2
Tarija,60202,Bermejo,2008,2,Mujeres puerperas con dosis completa de hierro,57
Potosí,50301,Betanzos,2008,2,Mujeres puerperas con dosis completa de hierro,38
Cochabamba,31501,Bolivar,2008,2,Mujeres puerperas con dosis completa de hierro,7
Pando,90103,Bolpebra,2008,2,Mujeres puerperas con dosis completa de hierro,1
Santa Cruz,70707,Boyuibe,2008,2,Mujeres puerperas con dosis completa de hierro,2
Santa Cruz,70401,Buena Vista,2008,2,Mujeres puerperas con dosis completa de hierro,47
Santa Cruz,70703,Cabezas,2008,2,Mujeres puerperas con dosis completa de hierro,27
La Paz,20905,Cairoma,2008,2,Mujeres puerperas con dosis completa de hierro,15
Potosí,51102,"Caiza ""d""",2008,2,Mujeres puerperas con dosis completa de hierro,5
La Paz,21003,Cajuata,2008,2,Mujeres puerperas con dosis completa de hierro,11
La Paz,20303,Calacoto,2008,2,Mujeres puerperas con dosis completa de hierro,5
La Paz,21304,Calamarca,2008,2,Mujeres puerperas con dosis completa de hierro,13
Chuquisaca,10701,Camargo,2008,2,Mujeres puerperas con dosis completa de hierro,27
Chuquisaca,10901,Camataqui (c. Villa Abecia),2008,2,Mujeres puerperas con dosis completa de hierro,8
Santa Cruz,70706,Camiri,2008,2,Mujeres puerperas con dosis completa de hierro,26
Cochabamba,30701,Capinota,2008,2,Mujeres puerperas con dosis completa de hierro,34
La Paz,20302,Caquiaviri,2008,2,Mujeres puerperas con dosis completa de hierro,5
Oruro,40102,Caracollo,2008,2,Mujeres puerperas con dosis completa de hierro,28
La Paz,22001,Caranavi,2008,2,Mujeres puerperas con dosis completa de hierro,83
Tarija,60302,Carapari,2008,2,Mujeres puerperas con dosis completa de hierro,8
Potosí,50702,Caripuyo,2008,2,Mujeres puerperas con dosis completa de hierro,16
Santa Cruz,71403,Carmen Rivero Torrez,2008,2,Mujeres puerperas con dosis completa de hierro,5
La Paz,21902,Catacora,2008,2,Mujeres puerperas con dosis completa de hierro,1
Oruro,40201,Challapata,2008,2,Mujeres puerperas con dosis completa de hierro,50
Potosí,50302,Chaqui,2008,2,Mujeres puerperas con dosis completa de hierro,8
Santa Cruz,70702,Charagua,2008,2,Mujeres puerperas con dosis completa de hierro,53
La Paz,20305,Charaña,2008,2,Mujeres puerperas con dosis completa de hierro,2
Potosí,50202,Chayanta,2008,2,Mujeres puerperas con dosis completa de hierro,11
Cochabamba,31204,Chimore,2008,2,Mujeres puerperas con dosis completa de hierro,17
Oruro,40903,Chipaya,2008,2,Mujeres puerperas con dosis completa de hierro,3
Oruro,40302,Choque Cota,2008,2,Mujeres puerperas con dosis completa de hierro,1
La Paz,21101,Chulumani (v. De La Libertad),2008,2,Mujeres puerperas con dosis completa de hierro,6
La Paz,20501,Chuma,2008,2,Mujeres puerperas con dosis completa de hierro,8
Cochabamba,30801,Cliza,2008,2,Mujeres puerperas con dosis completa de hierro,1
Pando,90101,Cobija,2008,2,Mujeres puerperas con dosis completa de hierro,109
Cochabamba,30101,Cochabamba,2008,2,Mujeres puerperas con dosis completa de hierro,357
Oruro,40902,Coipasa,2008,2,Mujeres puerperas con dosis completa de hierro,1
Cochabamba,30905,Colcapirhua,2008,2,Mujeres puerperas con dosis completa de hierro,34
Potosí,50901,"Colcha ""k""",2008,2,Mujeres puerperas con dosis completa de hierro,13
La Paz,21307,Collana,2008,2,Mujeres puerperas con dosis completa de hierro,3
Cochabamba,31002,Colomi,2008,2,Mujeres puerperas con dosis completa de hierro,27
Santa Cruz,70603,Colpa Belgica,2008,2,Mujeres puerperas con dosis completa de hierro,8
Potosí,50401,Colquechaca,2008,2,Mujeres puerperas con dosis completa de hierro,49
La Paz,21306,Colquencha,2008,2,Mujeres puerperas con dosis completa de hierro,11
La Paz,21004,Colquiri,2008,2,Mujeres puerperas con dosis completa de hierro,31
La Paz,20304,Comanche,2008,2,Mujeres puerperas con dosis completa de hierro,1
Santa Cruz,71301,Comarapa,2008,2,Mujeres puerperas con dosis completa de hierro,28
La Paz,20605,Combaya,2008,2,Mujeres puerperas con dosis completa de hierro,7
La Paz,21701,Copacabana,2008,2,Mujeres puerperas con dosis completa de hierro,14
La Paz,21402,Coripata,2008,2,Mujeres puerperas con dosis completa de hierro,19
La Paz,20301,Coro Coro,2008,2,Mujeres puerperas con dosis completa de hierro,10
La Paz,21401,Coroico,2008,2,Mujeres puerperas con dosis completa de hierro,19
Oruro,40301,Corque,2008,2,Mujeres puerperas con dosis completa de hierro,7
Potosí,50601,Cotagaita,2008,2,Mujeres puerperas con dosis completa de hierro,24
Santa Cruz,70102,Cotoca,2008,2,Mujeres puerperas con dosis completa de hierro,38
Santa Cruz,71106,Cuatro Cañadas,2008,2,Mujeres puerperas con dosis completa de hierro,24
Cochabamba,31405,Cuchumuela (v. G. Villarroel),2008,2,Mujeres puerperas con dosis completa de hierro,2
Santa Cruz,70704,Cuevo,2008,2,Mujeres puerperas con dosis completa de hierro,2
Chuquisaca,10902,Culpina,2008,2,Mujeres puerperas con dosis completa de hierro,33
Oruro,40401,Curahuara De Carangas,2008,2,Mujeres puerperas con dosis completa de hierro,4
La Paz,21602,Curva,2008,2,Mujeres puerperas con dosis completa de hierro,2
La Paz,20804,Desaguadero,2008,2,Mujeres puerperas con dosis completa de hierro,10
La Paz,20105,El Alto,2008,2,Mujeres puerperas con dosis completa de hierro,925
Oruro,40103,El Choro,2008,2,Mujeres puerperas con dosis completa de hierro,6
Santa Cruz,71503,El Puente(stc),2008,2,Mujeres puerperas con dosis completa de hierro,7
Tarija,60502,El Puente(tja),2008,2,Mujeres puerperas con dosis completa de hierro,14
Santa Cruz,70105,El Torno,2008,2,Mujeres puerperas con dosis completa de hierro,18
Chuquisaca,10405,El Villar,2008,2,Mujeres puerperas con dosis completa de hierro,4
Tarija,60601,Entre Rios,2008,2,Mujeres puerperas con dosis completa de hierro,23
Tarija,60601,Entre Rios,2008,2,Mujeres puerperas con dosis completa de hierro,23
Oruro,41101,Eucaliptus,2008,2,Mujeres puerperas con dosis completa de hierro,7
Beni,80402,Exaltacion,2008,2,Mujeres puerperas con dosis completa de hierro,6
Santa Cruz,71004,Fernandez Alonso,2008,2,Mujeres puerperas con dosis completa de hierro,14
Pando,90203,Filadelfia,2008,2,Mujeres puerperas con dosis completa de hierro,5
Santa Cruz,71002,General Saavedra,2008,2,Mujeres puerperas con dosis completa de hierro,23
La Paz,21601,Gral. J.j. Perez (charazani),2008,2,Mujeres puerperas con dosis completa de hierro,11
La Paz,20602,Guanay,2008,2,Mujeres puerperas con dosis completa de hierro,24
La Paz,20802,Guaqui,2008,2,Mujeres puerperas con dosis completa de hierro,12
Beni,80202,Guayaramerin,2008,2,Mujeres puerperas con dosis completa de hierro,61
Santa Cruz,70705,Gutierrez,2008,2,Mujeres puerperas con dosis completa de hierro,15
Chuquisaca,10502,Huacareta,2008,2,Mujeres puerperas con dosis completa de hierro,15
Chuquisaca,11002,Huacaya (villa De Huacaya),2008,2,Mujeres puerperas con dosis completa de hierro,3
Oruro,40701,Huanuni,2008,2,Mujeres puerperas con dosis completa de hierro,16
Beni,80803,Huaracaje,2008,2,Mujeres puerperas con dosis completa de hierro,5
Oruro,41601,Huayllamarca,2008,2,Mujeres puerperas con dosis completa de hierro,9
La Paz,21005,Ichoca,2008,2,Mujeres puerperas con dosis completa de hierro,5
Chuquisaca,10304,Icla,2008,2,Mujeres puerperas con dosis completa de hierro,14
Chuquisaca,10703,Incahuasi,2008,2,Mujeres puerperas con dosis completa de hierro,54
Pando,90402,Ingavi (humaita),2008,2,Mujeres puerperas con dosis completa de hierro,2
La Paz,21001,Inquisivi,2008,2,Mujeres puerperas con dosis completa de hierro,8
La Paz,21102,Irupana (villa De Lanza),2008,2,Mujeres puerperas con dosis completa de hierro,10
La Paz,20806,Jesus De Machaca,2008,2,Mujeres puerperas con dosis completa de hierro,21
La Paz,21105,La Asunta,2008,2,Mujeres puerperas con dosis completa de hierro,45
Santa Cruz,70104,La Guardia,2008,2,Mujeres puerperas con dosis completa de hierro,26
La Paz,20101,La Paz,2008,2,Mujeres puerperas con dosis completa de hierro,579
Oruro,41501,La Rivera,2008,2,Mujeres puerperas con dosis completa de hierro,1
Santa Cruz,70701,Lagunillas,2008,2,Mujeres puerperas con dosis completa de hierro,10
La Paz,21202,Laja,2008,2,Mujeres puerperas con dosis completa de hierro,11
Chuquisaca,10903,Las Carreras,2008,2,Mujeres puerperas con dosis completa de hierro,2
Potosí,50203,Llallagua,2008,2,Mujeres puerperas con dosis completa de hierro,11
Potosí,51401,Llica,2008,2,Mujeres puerperas con dosis completa de hierro,6
Beni,80601,Loreto,2008,2,Mujeres puerperas con dosis completa de hierro,8
La Paz,20901,Luribay,2008,2,Mujeres puerperas con dosis completa de hierro,7
Oruro,40702,Machacamarca,2008,2,Mujeres puerperas con dosis completa de hierro,1
Chuquisaca,11003,Machareti,2008,2,Mujeres puerperas con dosis completa de hierro,6
Beni,80801,Magdalena,2008,2,Mujeres puerperas con dosis completa de hierro,18
Santa Cruz,70903,Mairana,2008,2,Mujeres puerperas con dosis completa de hierro,15
La Paz,20904,Malla,2008,2,Mujeres puerperas con dosis completa de hierro,3
La Paz,20607,Mapiri,2008,2,Mujeres puerperas con dosis completa de hierro,13
La Paz,20103,Mecapaca,2008,2,Mujeres puerperas con dosis completa de hierro,7
Santa Cruz,71003,Mineros,2008,2,Mujeres puerperas con dosis completa de hierro,5
Cochabamba,31301,Mizque,2008,2,Mujeres puerperas con dosis completa de hierro,46
La Paz,20402,Mocomoco,2008,2,Mujeres puerperas con dosis completa de hierro,9
Chuquisaca,10303,Mojocoya,2008,2,Mujeres puerperas con dosis completa de hierro,14
Chuquisaca,10501,Monteagudo,2008,2,Mujeres puerperas con dosis completa de hierro,32
Santa Cruz,71001,Montero,2008,2,Mujeres puerperas con dosis completa de hierro,72
Santa Cruz,70803,Moro Moro,2008,2,Mujeres puerperas con dosis completa de hierro,1
Cochabamba,30302,Morochata,2008,2,Mujeres puerperas con dosis completa de hierro,19
Pando,90401,Nacebe (santa Rosa Del Abuna),2008,2,Mujeres puerperas con dosis completa de hierro,6
Potosí,50404,Ocuri,2008,2,Mujeres puerperas con dosis completa de hierro,26
Santa Cruz,70202,Okinawa,2008,2,Mujeres puerperas con dosis completa de hierro,8
Cochabamba,30203,Omereque,2008,2,Mujeres puerperas con dosis completa de hierro,5
Oruro,40101,Oruro,2008,2,Mujeres puerperas con dosis completa de hierro,103
Tarija,60201,Padcaya,2008,2,Mujeres puerperas con dosis completa de hierro,13
Chuquisaca,10401,Padilla,2008,2,Mujeres puerperas con dosis completa de hierro,15
Santa Cruz,70502,Pailon,2008,2,Mujeres puerperas con dosis completa de hierro,21
La Paz,21104,Palos Blancos,2008,2,Mujeres puerperas con dosis completa de hierro,46
Oruro,40802,Pampa Aullagas,2008,2,Mujeres puerperas con dosis completa de hierro,5
Santa Cruz,70902,Pampa Grande,2008,2,Mujeres puerperas con dosis completa de hierro,6
La Paz,21802,Papel Pampa,2008,2,Mujeres puerperas con dosis completa de hierro,8
Cochabamba,30202,Pasorapa,2008,2,Mujeres puerperas con dosis completa de hierro,2
La Paz,21305,Patacamaya,2008,2,Mujeres puerperas con dosis completa de hierro,2
Oruro,40602,Pazña,2008,2,Mujeres puerperas con dosis completa de hierro,7
La Paz,20702,Pelechuco,2008,2,Mujeres puerperas con dosis completa de hierro,8
Potosí,50403,Pocoata,2008,2,Mujeres puerperas con dosis completa de hierro,28
Cochabamba,31203,Pocona,2008,2,Mujeres puerperas con dosis completa de hierro,9
Cochabamba,31202,Pojo (cbba),2008,2,Mujeres puerperas con dosis completa de hierro,12
Oruro,40601,Poopo,2008,2,Mujeres puerperas con dosis completa de hierro,8
Potosí,51203,Porco,2008,2,Mujeres puerperas con dosis completa de hierro,10
Chuquisaca,10103,Poroma,2008,2,Mujeres puerperas con dosis completa de hierro,20
Santa Cruz,70103,Porongo,2008,2,Mujeres puerperas con dosis completa de hierro,2
Santa Cruz,70601,Portachuelo,2008,2,Mujeres puerperas con dosis completa de hierro,2
Pando,90102,Porvenir,2008,2,Mujeres puerperas con dosis completa de hierro,2
Santa Cruz,70804,Postrer Valle,2008,2,Mujeres puerperas con dosis completa de hierro,1
Potosí,50101,Potosi,2008,2,Mujeres puerperas con dosis completa de hierro,78
Chuquisaca,10302,Presto,2008,2,Mujeres puerperas con dosis completa de hierro,15
Santa Cruz,70805,Pucara,2008,2,Mujeres puerperas con dosis completa de hierro,1
La Paz,21201,Pucarani,2008,2,Mujeres puerperas con dosis completa de hierro,29
La Paz,20401,Puerto Acosta,2008,2,Mujeres puerperas con dosis completa de hierro,26
La Paz,20403,Puerto Carabuco,2008,2,Mujeres puerperas con dosis completa de hierro,18
Pando,90301,Puerto Gonzalo Moreno,2008,2,Mujeres puerperas con dosis completa de hierro,12
La Paz,21204,Puerto Perez,2008,2,Mujeres puerperas con dosis completa de hierro,5
Santa Cruz,71402,Puerto Quijarro,2008,2,Mujeres puerperas con dosis completa de hierro,5
Pando,90201,Puerto Rico,2008,2,Mujeres puerperas con dosis completa de hierro,13
Santa Cruz,71401,Puerto Suarez,2008,2,Mujeres puerperas con dosis completa de hierro,30
Cochabamba,31205,Puerto Villarroel,2008,2,Mujeres puerperas con dosis completa de hierro,24
Potosí,51101,Puna,2008,2,Mujeres puerperas con dosis completa de hierro,42
Cochabamba,31401,Punata,2008,2,Mujeres puerperas con dosis completa de hierro,33
La Paz,20604,Quiabaya,2008,2,Mujeres puerperas con dosis completa de hierro,5
Cochabamba,30901,Quillacollo,2008,2,Mujeres puerperas con dosis completa de hierro,18
La Paz,21002,Quime,2008,2,Mujeres puerperas con dosis completa de hierro,6
Potosí,50402,Ravelo,2008,2,Mujeres puerperas con dosis completa de hierro,15
Beni,80301,Reyes,2008,2,Mujeres puerperas con dosis completa de hierro,14
Beni,80201,Riberalta,2008,2,Mujeres puerperas con dosis completa de hierro,392
Santa Cruz,70503,Robore,2008,2,Mujeres puerperas con dosis completa de hierro,37
Beni,80304,Rurrenabaque,2008,2,Mujeres puerperas con dosis completa de hierro,24
Oruro,40901,Sabaya,2008,2,Mujeres puerperas con dosis completa de hierro,2
Cochabamba,31001,Sacaba,2008,2,Mujeres puerperas con dosis completa de hierro,135
Cochabamba,30404,Sacabamba,2008,2,Mujeres puerperas con dosis completa de hierro,7
Potosí,50701,Sacaca,2008,2,Mujeres puerperas con dosis completa de hierro,26
Santa Cruz,71302,Saipina,2008,2,Mujeres puerperas con dosis completa de hierro,8
Oruro,40801,Salinas De Garci Mendoza,2008,2,Mujeres puerperas con dosis completa de hierro,12
Santa Cruz,70901,Samaipata,2008,2,Mujeres puerperas con dosis completa de hierro,6
Potosí,51601,San Agustin,2008,2,Mujeres puerperas con dosis completa de hierro,4
Beni,80602,San Andres,2008,2,Mujeres puerperas con dosis completa de hierro,11
La Paz,20805,San Andres De Machaca,2008,2,Mujeres puerperas con dosis completa de hierro,4
Potosí,51003,San Antonio De Esmoruco,2008,2,Mujeres puerperas con dosis completa de hierro,4
Santa Cruz,71105,San Antonio De Lomerio,2008,2,Mujeres puerperas con dosis completa de hierro,13
Cochabamba,31403,San Benito,2008,2,Mujeres puerperas con dosis completa de hierro,2
Beni,80302,San Borja,2008,2,Mujeres puerperas con dosis completa de hierro,62
La Paz,21502,San Buena Ventura,2008,2,Mujeres puerperas con dosis completa de hierro,13
Santa Cruz,70402,San Carlos,2008,2,Mujeres puerperas con dosis completa de hierro,69
Beni,80501,San Ignacio,2008,2,Mujeres puerperas con dosis completa de hierro,62
Santa Cruz,70301,San Ignacio De Velasco,2008,2,Mujeres puerperas con dosis completa de hierro,91
Beni,80102,San Javier(bni),2008,2,Mujeres puerperas con dosis completa de hierro,1
Santa Cruz,71102,San Javier(stc),2008,2,Mujeres puerperas con dosis completa de hierro,4
Beni,80701,San Joaquin,2008,2,Mujeres puerperas con dosis completa de hierro,1
Santa Cruz,70501,San Jose De Chiquitos,2008,2,Mujeres puerperas con dosis completa de hierro,21
Santa Cruz,70404,San Juan De Yapacani,2008,2,Mujeres puerperas con dosis completa de hierro,2
Santa Cruz,71104,San Julian,2008,2,Mujeres puerperas con dosis completa de hierro,30
Pando,90302,San Lorenzo(pnd),2008,2,Mujeres puerperas con dosis completa de hierro,5
Tarija,60501,San Lorenzo(tja),2008,2,Mujeres puerperas con dosis completa de hierro,13
Chuquisaca,10702,San Lucas,2008,2,Mujeres puerperas con dosis completa de hierro,70
Santa Cruz,71201,San Matias,2008,2,Mujeres puerperas con dosis completa de hierro,5
Santa Cruz,70302,San Miguel De Velasco,2008,2,Mujeres puerperas con dosis completa de hierro,13
Potosí,51001,San Pablo De Lipez,2008,2,Mujeres puerperas con dosis completa de hierro,3
Santa Cruz,71005,San Pedro,2008,2,Mujeres puerperas con dosis completa de hierro,15
Potosí,50501,San Pedro De Buena Vista,2008,2,Mujeres puerperas con dosis completa de hierro,22
La Paz,21801,San Pedro De Curahuara,2008,2,Mujeres puerperas con dosis completa de hierro,6
La Paz,21702,San Pedro De Tiquina,2008,2,Mujeres puerperas con dosis completa de hierro,1
Pando,90202,San Pedro(pnd),2008,2,Mujeres puerperas con dosis completa de hierro,3
Santa Cruz,70303,San Rafael,2008,2,Mujeres puerperas con dosis completa de hierro,5
Beni,80702,San Ramon,2008,2,Mujeres puerperas con dosis completa de hierro,23
Beni,80702,San Ramon,2008,2,Mujeres puerperas con dosis completa de hierro,10
Beni,80401,Santa Ana,2008,2,Mujeres puerperas con dosis completa de hierro,27
Santa Cruz,70101,Santa Cruz De La Sierra,2008,2,Mujeres puerperas con dosis completa de hierro,346
Beni,80303,Santa Rosa,2008,2,Mujeres puerperas con dosis completa de hierro,15
Santa Cruz,70602,Santa Rosa Del Sara,2008,2,Mujeres puerperas con dosis completa de hierro,27
La Paz,20308,Santiago De Callapa,2008,2,Mujeres puerperas con dosis completa de hierro,5
Oruro,41401,Santiago De Huari,2008,2,Mujeres puerperas con dosis completa de hierro,11
La Paz,21901,Santiago De Machaca,2008,2,Mujeres puerperas con dosis completa de hierro,4
Cochabamba,30702,Santivañes,2008,2,Mujeres puerperas con dosis completa de hierro,4
Oruro,40202,Santuario De Quillacas,2008,2,Mujeres puerperas con dosis completa de hierro,5
La Paz,20902,Sapahaqui,2008,2,Mujeres puerperas con dosis completa de hierro,2
Pando,90303,Sena,2008,2,Mujeres puerperas con dosis completa de hierro,4
La Paz,21301,Sica Sica (villa Aroma),2008,2,Mujeres puerperas con dosis completa de hierro,16
Cochabamba,30703,Sicaya,2008,2,Mujeres puerperas con dosis completa de hierro,4
Cochabamba,30902,Sipe Sipe,2008,2,Mujeres puerperas con dosis completa de hierro,4
Chuquisaca,10403,Sopachuy,2008,2,Mujeres puerperas con dosis completa de hierro,11
Oruro,40104,Soracachi,2008,2,Mujeres puerperas con dosis completa de hierro,2
La Paz,20601,Sorata,2008,2,Mujeres puerperas con dosis completa de hierro,15
Chuquisaca,10101,Sucre,2008,2,Mujeres puerperas con dosis completa de hierro,387
Cochabamba,31404,Tacachi,2008,2,Mujeres puerperas con dosis completa de hierro,1
La Paz,20603,Tacacoma,2008,2,Mujeres puerperas con dosis completa de hierro,3
Potosí,50303,Tacobamba,2008,2,Mujeres puerperas con dosis completa de hierro,16
Cochabamba,30602,Tacopaya,2008,2,Mujeres puerperas con dosis completa de hierro,7
Potosí,51402,Tahua,2008,2,Mujeres puerperas con dosis completa de hierro,4
Cochabamba,31101,Tapacari,2008,2,Mujeres puerperas con dosis completa de hierro,41
Chuquisaca,10601,Tarabuco,2008,2,Mujeres puerperas con dosis completa de hierro,43
La Paz,20807,Taraco,2008,2,Mujeres puerperas con dosis completa de hierro,2
Cochabamba,30401,Tarata,2008,2,Mujeres puerperas con dosis completa de hierro,8
Tarija,60101,Tarija,2008,2,Mujeres puerperas con dosis completa de hierro,276
Chuquisaca,10202,Tarvita,2008,2,Mujeres puerperas con dosis completa de hierro,20
La Paz,20608,Teoponte,2008,2,Mujeres puerperas con dosis completa de hierro,8
La Paz,20803,Tiawanacu,2008,2,Mujeres puerperas con dosis completa de hierro,16
Potosí,50102,Tinguipaya,2008,2,Mujeres puerperas con dosis completa de hierro,29
La Paz,20606,Tipuani,2008,2,Mujeres puerperas con dosis completa de hierro,17
Cochabamba,30903,Tiquipaya,2008,2,Mujeres puerperas con dosis completa de hierro,54
Cochabamba,31601,Tiraque (cbba),2008,2,Mujeres puerperas con dosis completa de hierro,43
La Paz,21703,Tito Yupanqui (parquipujio),2008,2,Mujeres puerperas con dosis completa de hierro,1
Cochabamba,30802,Toco,2008,2,Mujeres puerperas con dosis completa de hierro,3
Oruro,41502,Todos Santos,2008,2,Mujeres puerperas con dosis completa de hierro,1
Cochabamba,30803,Tolata,2008,2,Mujeres puerperas con dosis completa de hierro,4
Oruro,41001,Toledo,2008,2,Mujeres puerperas con dosis completa de hierro,5
Potosí,51202,Tomave,2008,2,Mujeres puerperas con dosis completa de hierro,16
Chuquisaca,10402,Tomina,2008,2,Mujeres puerperas con dosis completa de hierro,10
Potosí,50502,Toro Toro,2008,2,Mujeres puerperas con dosis completa de hierro,12
Cochabamba,31201,Totora(cbba),2008,2,Mujeres puerperas con dosis completa de hierro,26
Oruro,41301,Totora(orr),2008,2,Mujeres puerperas con dosis completa de hierro,10
Santa Cruz,70802,Trigal,2008,2,Mujeres puerperas con dosis completa de hierro,1
Beni,80101,Trinidad,2008,2,Mujeres puerperas con dosis completa de hierro,77
Potosí,50801,Tupiza,2008,2,Mujeres puerperas con dosis completa de hierro,59
Oruro,40402,Turco,2008,2,Mujeres puerperas con dosis completa de hierro,8
La Paz,21302,Umala,2008,2,Mujeres puerperas con dosis completa de hierro,11
Potosí,50201,Uncia,2008,2,Mujeres puerperas con dosis completa de hierro,39
Tarija,60401,Uriondo (a. Concepcion),2008,2,Mujeres puerperas con dosis completa de hierro,10
Santa Cruz,71502,Urubicha,2008,2,Mujeres puerperas con dosis completa de hierro,5
Potosí,51201,Uyuni,2008,2,Mujeres puerperas con dosis completa de hierro,8
Cochabamba,30502,Vacas,2008,2,Mujeres puerperas con dosis completa de hierro,8
Santa Cruz,70801,Vallegrande,2008,2,Mujeres puerperas con dosis completa de hierro,34
La Paz,20801,Viacha,2008,2,Mujeres puerperas con dosis completa de hierro,40
Cochabamba,31302,Vila Vila,2008,2,Mujeres puerperas con dosis completa de hierro,4
Tarija,60303,Villa Montes,2008,2,Mujeres puerperas con dosis completa de hierro,14
Pando,90502,Villa Nueva (loma Alta),2008,2,Mujeres puerperas con dosis completa de hierro,2
Cochabamba,31402,Villa Rivero,2008,2,Mujeres puerperas con dosis completa de hierro,3
Chuquisaca,10801,Villa Serrano,2008,2,Mujeres puerperas con dosis completa de hierro,19
Cochabamba,31003,Villa Tunari,2008,2,Mujeres puerperas con dosis completa de hierro,97
Chuquisaca,11001,Villa Vaca Guzman (muyupampa),2008,2,Mujeres puerperas con dosis completa de hierro,11
Potosí,51501,Villazon,2008,2,Mujeres puerperas con dosis completa de hierro,14
Cochabamba,30904,Vinto,2008,2,Mujeres puerperas con dosis completa de hierro,17
Potosí,50602,Vitichi,2008,2,Mujeres puerperas con dosis completa de hierro,9
La Paz,20306,Waldo Ballivian,2008,2,Mujeres puerperas con dosis completa de hierro,2
Santa Cruz,70201,Warnes,2008,2,Mujeres puerperas con dosis completa de hierro,27
La Paz,20903,Yaco,2008,2,Mujeres puerperas con dosis completa de hierro,3
Tarija,60301,Yacuiba,2008,2,Mujeres puerperas con dosis completa de hierro,131
Chuquisaca,10602,Yamparaez,2008,2,Mujeres puerperas con dosis completa de hierro,11
La Paz,21103,Yanacachi,2008,2,Mujeres puerperas con dosis completa de hierro,8
Santa Cruz,70403,Yapacani,2008,2,Mujeres puerperas con dosis completa de hierro,32
Potosí,50103,Yocalla,2008,2,Mujeres puerperas con dosis completa de hierro,9
Chuquisaca,10102,Yotala,2008,2,Mujeres puerperas con dosis completa de hierro,11
Tarija,60402,Yunchara,2008,2,Mujeres puerperas con dosis completa de hierro,13
Chuquisaca,10301,Zudañez,2008,2,Mujeres puerperas con dosis completa de hierro,10
Potosí,51302,Acacio,2008,3,Mujeres puerperas con dosis completa de hierro,7
La Paz,20201,Achacachi,2008,3,Mujeres puerperas con dosis completa de hierro,50
La Paz,20104,Achocalla,2008,3,Mujeres puerperas con dosis completa de hierro,9
Cochabamba,30201,Aiquile,2008,3,Mujeres puerperas con dosis completa de hierro,48
Cochabamba,31303,Alalay,2008,3,Mujeres puerperas con dosis completa de hierro,3
Chuquisaca,10404,Alcala,2008,3,Mujeres puerperas con dosis completa de hierro,3
La Paz,20202,Ancoraimes,2008,3,Mujeres puerperas con dosis completa de hierro,15
Oruro,41201,Andamarca,2008,3,Mujeres puerperas con dosis completa de hierro,4
Oruro,40603,Antequera,2008,3,Mujeres puerperas con dosis completa de hierro,4
Cochabamba,30402,Anzaldo,2008,3,Mujeres puerperas con dosis completa de hierro,4
La Paz,20701,Apolo,2008,3,Mujeres puerperas con dosis completa de hierro,25
Potosí,51301,Arampampa,2008,3,Mujeres puerperas con dosis completa de hierro,9
Cochabamba,30501,Arani,2008,3,Mujeres puerperas con dosis completa de hierro,4
Cochabamba,30403,Arbieto,2008,3,Mujeres puerperas con dosis completa de hierro,4
Cochabamba,30601,Arque,2008,3,Mujeres puerperas con dosis completa de hierro,16
Santa Cruz,71501,Ascencion De Guarayos,2008,3,Mujeres puerperas con dosis completa de hierro,75
Potosí,50802,Atocha,2008,3,Mujeres puerperas con dosis completa de hierro,12
La Paz,20503,Aucapata,2008,3,Mujeres puerperas con dosis completa de hierro,1
La Paz,20502,Ayata,2008,3,Mujeres puerperas con dosis completa de hierro,15
La Paz,21303,Ayo Ayo,2008,3,Mujeres puerperas con dosis completa de hierro,13
Cochabamba,30301,Ayopaya (v. De Independencia),2008,3,Mujeres puerperas con dosis completa de hierro,30
Chuquisaca,10201,Azurduy,2008,3,Mujeres puerperas con dosis completa de hierro,22
La Paz,21203,Batallas,2008,3,Mujeres puerperas con dosis completa de hierro,15
Beni,80802,Baures,2008,3,Mujeres puerperas con dosis completa de hierro,3
Potosí,50104,Belen De Urmiri,2008,3,Mujeres puerperas con dosis completa de hierro,1
Pando,90104,Bella Flor,2008,3,Mujeres puerperas con dosis completa de hierro,6
Tarija,60202,Bermejo,2008,3,Mujeres puerperas con dosis completa de hierro,74
Potosí,50301,Betanzos,2008,3,Mujeres puerperas con dosis completa de hierro,42
Cochabamba,31501,Bolivar,2008,3,Mujeres puerperas con dosis completa de hierro,11
Pando,90103,Bolpebra,2008,3,Mujeres puerperas con dosis completa de hierro,4
Santa Cruz,70707,Boyuibe,2008,3,Mujeres puerperas con dosis completa de hierro,3
Santa Cruz,70401,Buena Vista,2008,3,Mujeres puerperas con dosis completa de hierro,14
Santa Cruz,70703,Cabezas,2008,3,Mujeres puerperas con dosis completa de hierro,15
La Paz,20905,Cairoma,2008,3,Mujeres puerperas con dosis completa de hierro,11
Potosí,51102,"Caiza ""d""",2008,3,Mujeres puerperas con dosis completa de hierro,3
La Paz,21003,Cajuata,2008,3,Mujeres puerperas con dosis completa de hierro,13
La Paz,20303,Calacoto,2008,3,Mujeres puerperas con dosis completa de hierro,2
La Paz,21304,Calamarca,2008,3,Mujeres puerperas con dosis completa de hierro,10
Chuquisaca,10701,Camargo,2008,3,Mujeres puerperas con dosis completa de hierro,20
Chuquisaca,10901,Camataqui (c. Villa Abecia),2008,3,Mujeres puerperas con dosis completa de hierro,5
Santa Cruz,70706,Camiri,2008,3,Mujeres puerperas con dosis completa de hierro,24
Cochabamba,30701,Capinota,2008,3,Mujeres puerperas con dosis completa de hierro,26
La Paz,20302,Caquiaviri,2008,3,Mujeres puerperas con dosis completa de hierro,5
Oruro,40102,Caracollo,2008,3,Mujeres puerperas con dosis completa de hierro,38
La Paz,22001,Caranavi,2008,3,Mujeres puerperas con dosis completa de hierro,105
Tarija,60302,Carapari,2008,3,Mujeres puerperas con dosis completa de hierro,10
Potosí,50702,Caripuyo,2008,3,Mujeres puerperas con dosis completa de hierro,17
Oruro,40201,Challapata,2008,3,Mujeres puerperas con dosis completa de hierro,50
Potosí,50302,Chaqui,2008,3,Mujeres puerperas con dosis completa de hierro,8
Santa Cruz,70702,Charagua,2008,3,Mujeres puerperas con dosis completa de hierro,58
La Paz,20305,Charaña,2008,3,Mujeres puerperas con dosis completa de hierro,1
Potosí,50202,Chayanta,2008,3,Mujeres puerperas con dosis completa de hierro,16
Cochabamba,31204,Chimore,2008,3,Mujeres puerperas con dosis completa de hierro,23
Oruro,40903,Chipaya,2008,3,Mujeres puerperas con dosis completa de hierro,6
Oruro,40302,Choque Cota,2008,3,Mujeres puerperas con dosis completa de hierro,1
La Paz,21101,Chulumani (v. De La Libertad),2008,3,Mujeres puerperas con dosis completa de hierro,2
La Paz,20501,Chuma,2008,3,Mujeres puerperas con dosis completa de hierro,13
Cochabamba,30801,Cliza,2008,3,Mujeres puerperas con dosis completa de hierro,15
Pando,90101,Cobija,2008,3,Mujeres puerperas con dosis completa de hierro,112
Cochabamba,30101,Cochabamba,2008,3,Mujeres puerperas con dosis completa de hierro,372
Oruro,40902,Coipasa,2008,3,Mujeres puerperas con dosis completa de hierro,1
Cochabamba,30905,Colcapirhua,2008,3,Mujeres puerperas con dosis completa de hierro,41
Potosí,50901,"Colcha ""k""",2008,3,Mujeres puerperas con dosis completa de hierro,12
La Paz,21307,Collana,2008,3,Mujeres puerperas con dosis completa de hierro,1
Cochabamba,31002,Colomi,2008,3,Mujeres puerperas con dosis completa de hierro,28
Santa Cruz,70603,Colpa Belgica,2008,3,Mujeres puerperas con dosis completa de hierro,12
Potosí,50401,Colquechaca,2008,3,Mujeres puerperas con dosis completa de hierro,72
La Paz,21306,Colquencha,2008,3,Mujeres puerperas con dosis completa de hierro,7
La Paz,21004,Colquiri,2008,3,Mujeres puerperas con dosis completa de hierro,33
La Paz,20304,Comanche,2008,3,Mujeres puerperas con dosis completa de hierro,1
Santa Cruz,71301,Comarapa,2008,3,Mujeres puerperas con dosis completa de hierro,32
La Paz,20605,Combaya,2008,3,Mujeres puerperas con dosis completa de hierro,5
Santa Cruz,71101,Concepcion,2008,3,Mujeres puerperas con dosis completa de hierro,6
La Paz,21701,Copacabana,2008,3,Mujeres puerperas con dosis completa de hierro,14
La Paz,21402,Coripata,2008,3,Mujeres puerperas con dosis completa de hierro,11
La Paz,20301,Coro Coro,2008,3,Mujeres puerperas con dosis completa de hierro,11
La Paz,21401,Coroico,2008,3,Mujeres puerperas con dosis completa de hierro,30
Oruro,40301,Corque,2008,3,Mujeres puerperas con dosis completa de hierro,7
Potosí,50601,Cotagaita,2008,3,Mujeres puerperas con dosis completa de hierro,23
Santa Cruz,70102,Cotoca,2008,3,Mujeres puerperas con dosis completa de hierro,62
Santa Cruz,71106,Cuatro Cañadas,2008,3,Mujeres puerperas con dosis completa de hierro,19
Santa Cruz,70704,Cuevo,2008,3,Mujeres puerperas con dosis completa de hierro,4
Chuquisaca,10902,Culpina,2008,3,Mujeres puerperas con dosis completa de hierro,9
Oruro,40401,Curahuara De Carangas,2008,3,Mujeres puerperas con dosis completa de hierro,6
La Paz,21602,Curva,2008,3,Mujeres puerperas con dosis completa de hierro,6
La Paz,20804,Desaguadero,2008,3,Mujeres puerperas con dosis completa de hierro,8
La Paz,20105,El Alto,2008,3,Mujeres puerperas con dosis completa de hierro,1046
Oruro,40103,El Choro,2008,3,Mujeres puerperas con dosis completa de hierro,6
Santa Cruz,71503,El Puente(stc),2008,3,Mujeres puerperas con dosis completa de hierro,11
Tarija,60502,El Puente(tja),2008,3,Mujeres puerperas con dosis completa de hierro,22
Santa Cruz,70105,El Torno,2008,3,Mujeres puerperas con dosis completa de hierro,16
Chuquisaca,10405,El Villar,2008,3,Mujeres puerperas con dosis completa de hierro,4
Tarija,60601,Entre Rios,2008,3,Mujeres puerperas con dosis completa de hierro,25
Tarija,60601,Entre Rios,2008,3,Mujeres puerperas con dosis completa de hierro,35
Oruro,41101,Eucaliptus,2008,3,Mujeres puerperas con dosis completa de hierro,7
Beni,80402,Exaltacion,2008,3,Mujeres puerperas con dosis completa de hierro,1
Santa Cruz,71004,Fernandez Alonso,2008,3,Mujeres puerperas con dosis completa de hierro,7
Pando,90203,Filadelfia,2008,3,Mujeres puerperas con dosis completa de hierro,7
Santa Cruz,71002,General Saavedra,2008,3,Mujeres puerperas con dosis completa de hierro,17
La Paz,21601,Gral. J.j. Perez (charazani),2008,3,Mujeres puerperas con dosis completa de hierro,12
La Paz,20602,Guanay,2008,3,Mujeres puerperas con dosis completa de hierro,22
La Paz,20802,Guaqui,2008,3,Mujeres puerperas con dosis completa de hierro,17
Beni,80202,Guayaramerin,2008,3,Mujeres puerperas con dosis completa de hierro,55
Santa Cruz,70705,Gutierrez,2008,3,Mujeres puerperas con dosis completa de hierro,8
Chuquisaca,10502,Huacareta,2008,3,Mujeres puerperas con dosis completa de hierro,14
Chuquisaca,11002,Huacaya (villa De Huacaya),2008,3,Mujeres puerperas con dosis completa de hierro,1
Oruro,40501,Huachacalla,2008,3,Mujeres puerperas con dosis completa de hierro,1
Oruro,40701,Huanuni,2008,3,Mujeres puerperas con dosis completa de hierro,18
Beni,80803,Huaracaje,2008,3,Mujeres puerperas con dosis completa de hierro,3
Oruro,41601,Huayllamarca,2008,3,Mujeres puerperas con dosis completa de hierro,12
La Paz,21005,Ichoca,2008,3,Mujeres puerperas con dosis completa de hierro,1
Chuquisaca,10304,Icla,2008,3,Mujeres puerperas con dosis completa de hierro,22
Chuquisaca,10703,Incahuasi,2008,3,Mujeres puerperas con dosis completa de hierro,45
Pando,90402,Ingavi (humaita),2008,3,Mujeres puerperas con dosis completa de hierro,3
La Paz,21001,Inquisivi,2008,3,Mujeres puerperas con dosis completa de hierro,18
La Paz,21102,Irupana (villa De Lanza),2008,3,Mujeres puerperas con dosis completa de hierro,12
La Paz,21501,Ixiamas,2008,3,Mujeres puerperas con dosis completa de hierro,4
La Paz,20806,Jesus De Machaca,2008,3,Mujeres puerperas con dosis completa de hierro,14
La Paz,21105,La Asunta,2008,3,Mujeres puerperas con dosis completa de hierro,53
Santa Cruz,70104,La Guardia,2008,3,Mujeres puerperas con dosis completa de hierro,33
La Paz,20101,La Paz,2008,3,Mujeres puerperas con dosis completa de hierro,891
Santa Cruz,70701,Lagunillas,2008,3,Mujeres puerperas con dosis completa de hierro,4
La Paz,21202,Laja,2008,3,Mujeres puerperas con dosis completa de hierro,16
Chuquisaca,10903,Las Carreras,2008,3,Mujeres puerperas con dosis completa de hierro,6
La Paz,21006,Licoma Pampa,2008,3,Mujeres puerperas con dosis completa de hierro,4
Potosí,50203,Llallagua,2008,3,Mujeres puerperas con dosis completa de hierro,15
Potosí,51401,Llica,2008,3,Mujeres puerperas con dosis completa de hierro,6
Beni,80601,Loreto,2008,3,Mujeres puerperas con dosis completa de hierro,4
La Paz,20901,Luribay,2008,3,Mujeres puerperas con dosis completa de hierro,7
Oruro,40702,Machacamarca,2008,3,Mujeres puerperas con dosis completa de hierro,8
Chuquisaca,11003,Machareti,2008,3,Mujeres puerperas con dosis completa de hierro,6
Beni,80801,Magdalena,2008,3,Mujeres puerperas con dosis completa de hierro,25
Santa Cruz,70903,Mairana,2008,3,Mujeres puerperas con dosis completa de hierro,12
La Paz,20904,Malla,2008,3,Mujeres puerperas con dosis completa de hierro,6
La Paz,20607,Mapiri,2008,3,Mujeres puerperas con dosis completa de hierro,12
La Paz,20103,Mecapaca,2008,3,Mujeres puerperas con dosis completa de hierro,12
Santa Cruz,71003,Mineros,2008,3,Mujeres puerperas con dosis completa de hierro,10
Cochabamba,31301,Mizque,2008,3,Mujeres puerperas con dosis completa de hierro,41
La Paz,20402,Mocomoco,2008,3,Mujeres puerperas con dosis completa de hierro,16
Potosí,51002,Mojinete,2008,3,Mujeres puerperas con dosis completa de hierro,1
Chuquisaca,10303,Mojocoya,2008,3,Mujeres puerperas con dosis completa de hierro,16
Chuquisaca,10501,Monteagudo,2008,3,Mujeres puerperas con dosis completa de hierro,36
Santa Cruz,71001,Montero,2008,3,Mujeres puerperas con dosis completa de hierro,85
Cochabamba,30302,Morochata,2008,3,Mujeres puerperas con dosis completa de hierro,20
Pando,90401,Nacebe (santa Rosa Del Abuna),2008,3,Mujeres puerperas con dosis completa de hierro,10
La Paz,20307,Nazacara De Pacajes,2008,3,Mujeres puerperas con dosis completa de hierro,3
Pando,90501,Nuevo Manoa (nueva Esperanza),2008,3,Mujeres puerperas con dosis completa de hierro,1
Potosí,50404,Ocuri,2008,3,Mujeres puerperas con dosis completa de hierro,28
Santa Cruz,70202,Okinawa,2008,3,Mujeres puerperas con dosis completa de hierro,17
Cochabamba,30203,Omereque,2008,3,Mujeres puerperas con dosis completa de hierro,10
Oruro,40101,Oruro,2008,3,Mujeres puerperas con dosis completa de hierro,141
Tarija,60201,Padcaya,2008,3,Mujeres puerperas con dosis completa de hierro,17
Chuquisaca,10401,Padilla,2008,3,Mujeres puerperas con dosis completa de hierro,21
Santa Cruz,70502,Pailon,2008,3,Mujeres puerperas con dosis completa de hierro,32
La Paz,20102,Palca,2008,3,Mujeres puerperas con dosis completa de hierro,3
La Paz,21104,Palos Blancos,2008,3,Mujeres puerperas con dosis completa de hierro,45
Oruro,40802,Pampa Aullagas,2008,3,Mujeres puerperas con dosis completa de hierro,2
Santa Cruz,70902,Pampa Grande,2008,3,Mujeres puerperas con dosis completa de hierro,8
La Paz,21802,Papel Pampa,2008,3,Mujeres puerperas con dosis completa de hierro,6
Cochabamba,30202,Pasorapa,2008,3,Mujeres puerperas con dosis completa de hierro,2
La Paz,21305,Patacamaya,2008,3,Mujeres puerperas con dosis completa de hierro,3
Oruro,40602,Pazña,2008,3,Mujeres puerperas con dosis completa de hierro,5
La Paz,20702,Pelechuco,2008,3,Mujeres puerperas con dosis completa de hierro,8
Potosí,50403,Pocoata,2008,3,Mujeres puerperas con dosis completa de hierro,36
Cochabamba,31203,Pocona,2008,3,Mujeres puerperas con dosis completa de hierro,14
Cochabamba,31202,Pojo (cbba),2008,3,Mujeres puerperas con dosis completa de hierro,24
Oruro,40601,Poopo,2008,3,Mujeres puerperas con dosis completa de hierro,8
Potosí,51203,Porco,2008,3,Mujeres puerperas con dosis completa de hierro,13
Chuquisaca,10103,Poroma,2008,3,Mujeres puerperas con dosis completa de hierro,23
Santa Cruz,70103,Porongo,2008,3,Mujeres puerperas con dosis completa de hierro,7
Santa Cruz,70601,Portachuelo,2008,3,Mujeres puerperas con dosis completa de hierro,5
Pando,90102,Porvenir,2008,3,Mujeres puerperas con dosis completa de hierro,7
Santa Cruz,70804,Postrer Valle,2008,3,Mujeres puerperas con dosis completa de hierro,2
Potosí,50101,Potosi,2008,3,Mujeres puerperas con dosis completa de hierro,289
Chuquisaca,10302,Presto,2008,3,Mujeres puerperas con dosis completa de hierro,13
Santa Cruz,70805,Pucara,2008,3,Mujeres puerperas con dosis completa de hierro,3
La Paz,21201,Pucarani,2008,3,Mujeres puerperas con dosis completa de hierro,20
La Paz,20401,Puerto Acosta,2008,3,Mujeres puerperas con dosis completa de hierro,29
La Paz,20403,Puerto Carabuco,2008,3,Mujeres puerperas con dosis completa de hierro,10
Pando,90301,Puerto Gonzalo Moreno,2008,3,Mujeres puerperas con dosis completa de hierro,9
La Paz,21204,Puerto Perez,2008,3,Mujeres puerperas con dosis completa de hierro,11
Santa Cruz,71402,Puerto Quijarro,2008,3,Mujeres puerperas con dosis completa de hierro,13
Pando,90201,Puerto Rico,2008,3,Mujeres puerperas con dosis completa de hierro,14
Beni,80703,Puerto Siles,2008,3,Mujeres puerperas con dosis completa de hierro,1
Santa Cruz,71401,Puerto Suarez,2008,3,Mujeres puerperas con dosis completa de hierro,30
Cochabamba,31205,Puerto Villarroel,2008,3,Mujeres puerperas con dosis completa de hierro,50
Potosí,51101,Puna,2008,3,Mujeres puerperas con dosis completa de hierro,32
Cochabamba,31401,Punata,2008,3,Mujeres puerperas con dosis completa de hierro,45
La Paz,20604,Quiabaya,2008,3,Mujeres puerperas con dosis completa de hierro,1
Cochabamba,30901,Quillacollo,2008,3,Mujeres puerperas con dosis completa de hierro,92
La Paz,21002,Quime,2008,3,Mujeres puerperas con dosis completa de hierro,5
Potosí,50402,Ravelo,2008,3,Mujeres puerperas con dosis completa de hierro,29
Beni,80301,Reyes,2008,3,Mujeres puerperas con dosis completa de hierro,17
Beni,80201,Riberalta,2008,3,Mujeres puerperas con dosis completa de hierro,436
Santa Cruz,70503,Robore,2008,3,Mujeres puerperas con dosis completa de hierro,36
Beni,80304,Rurrenabaque,2008,3,Mujeres puerperas con dosis completa de hierro,26
Cochabamba,31001,Sacaba,2008,3,Mujeres puerperas con dosis completa de hierro,152
Cochabamba,30404,Sacabamba,2008,3,Mujeres puerperas con dosis completa de hierro,4
Potosí,50701,Sacaca,2008,3,Mujeres puerperas con dosis completa de hierro,33
Santa Cruz,71302,Saipina,2008,3,Mujeres puerperas con dosis completa de hierro,2
Oruro,40801,Salinas De Garci Mendoza,2008,3,Mujeres puerperas con dosis completa de hierro,15
Santa Cruz,70901,Samaipata,2008,3,Mujeres puerperas con dosis completa de hierro,11
Potosí,51601,San Agustin,2008,3,Mujeres puerperas con dosis completa de hierro,3
Beni,80602,San Andres,2008,3,Mujeres puerperas con dosis completa de hierro,14
La Paz,20805,San Andres De Machaca,2008,3,Mujeres puerperas con dosis completa de hierro,4
Potosí,51003,San Antonio De Esmoruco,2008,3,Mujeres puerperas con dosis completa de hierro,1
Santa Cruz,71105,San Antonio De Lomerio,2008,3,Mujeres puerperas con dosis completa de hierro,12
Cochabamba,31403,San Benito,2008,3,Mujeres puerperas con dosis completa de hierro,4
Beni,80302,San Borja,2008,3,Mujeres puerperas con dosis completa de hierro,100
La Paz,21502,San Buena Ventura,2008,3,Mujeres puerperas con dosis completa de hierro,27
Santa Cruz,70402,San Carlos,2008,3,Mujeres puerperas con dosis completa de hierro,96
Beni,80501,San Ignacio,2008,3,Mujeres puerperas con dosis completa de hierro,52
Santa Cruz,70301,San Ignacio De Velasco,2008,3,Mujeres puerperas con dosis completa de hierro,108
Beni,80102,San Javier(bni),2008,3,Mujeres puerperas con dosis completa de hierro,7
Santa Cruz,71102,San Javier(stc),2008,3,Mujeres puerperas con dosis completa de hierro,1
Beni,80701,San Joaquin,2008,3,Mujeres puerperas con dosis completa de hierro,2
Santa Cruz,70501,San Jose De Chiquitos,2008,3,Mujeres puerperas con dosis completa de hierro,32
Santa Cruz,70404,San Juan De Yapacani,2008,3,Mujeres puerperas con dosis completa de hierro,18
Santa Cruz,71104,San Julian,2008,3,Mujeres puerperas con dosis completa de hierro,31
Pando,90302,San Lorenzo(pnd),2008,3,Mujeres puerperas con dosis completa de hierro,20
Tarija,60501,San Lorenzo(tja),2008,3,Mujeres puerperas con dosis completa de hierro,12
Chuquisaca,10702,San Lucas,2008,3,Mujeres puerperas con dosis completa de hierro,53
Santa Cruz,71201,San Matias,2008,3,Mujeres puerperas con dosis completa de hierro,13
Santa Cruz,70302,San Miguel De Velasco,2008,3,Mujeres puerperas con dosis completa de hierro,19
Potosí,51001,San Pablo De Lipez,2008,3,Mujeres puerperas con dosis completa de hierro,8
Santa Cruz,71005,San Pedro,2008,3,Mujeres puerperas con dosis completa de hierro,25
Potosí,50501,San Pedro De Buena Vista,2008,3,Mujeres puerperas con dosis completa de hierro,18
La Paz,21801,San Pedro De Curahuara,2008,3,Mujeres puerperas con dosis completa de hierro,3
Pando,90202,San Pedro(pnd),2008,3,Mujeres puerperas con dosis completa de hierro,3
Santa Cruz,70303,San Rafael,2008,3,Mujeres puerperas con dosis completa de hierro,8
Beni,80702,San Ramon,2008,3,Mujeres puerperas con dosis completa de hierro,29
Beni,80702,San Ramon,2008,3,Mujeres puerperas con dosis completa de hierro,14
Beni,80401,Santa Ana,2008,3,Mujeres puerperas con dosis completa de hierro,14
Santa Cruz,70101,Santa Cruz De La Sierra,2008,3,Mujeres puerperas con dosis completa de hierro,498
Beni,80303,Santa Rosa,2008,3,Mujeres puerperas con dosis completa de hierro,33
Santa Cruz,70602,Santa Rosa Del Sara,2008,3,Mujeres puerperas con dosis completa de hierro,24
La Paz,20308,Santiago De Callapa,2008,3,Mujeres puerperas con dosis completa de hierro,4
Oruro,41401,Santiago De Huari,2008,3,Mujeres puerperas con dosis completa de hierro,9
La Paz,21901,Santiago De Machaca,2008,3,Mujeres puerperas con dosis completa de hierro,3
Cochabamba,30702,Santivañes,2008,3,Mujeres puerperas con dosis completa de hierro,3
Oruro,40202,Santuario De Quillacas,2008,3,Mujeres puerperas con dosis completa de hierro,9
La Paz,20902,Sapahaqui,2008,3,Mujeres puerperas con dosis completa de hierro,8
Pando,90303,Sena,2008,3,Mujeres puerperas con dosis completa de hierro,7
La Paz,21301,Sica Sica (villa Aroma),2008,3,Mujeres puerperas con dosis completa de hierro,20
Cochabamba,30703,Sicaya,2008,3,Mujeres puerperas con dosis completa de hierro,2
Cochabamba,30902,Sipe Sipe,2008,3,Mujeres puerperas con dosis completa de hierro,14
Chuquisaca,10403,Sopachuy,2008,3,Mujeres puerperas con dosis completa de hierro,14
Oruro,40104,Soracachi,2008,3,Mujeres puerperas con dosis completa de hierro,3
La Paz,20601,Sorata,2008,3,Mujeres puerperas con dosis completa de hierro,22
Chuquisaca,10101,Sucre,2008,3,Mujeres puerperas con dosis completa de hierro,402
Cochabamba,31404,Tacachi,2008,3,Mujeres puerperas con dosis completa de hierro,3
La Paz,20603,Tacacoma,2008,3,Mujeres puerperas con dosis completa de hierro,1
Potosí,50303,Tacobamba,2008,3,Mujeres puerperas con dosis completa de hierro,3
Cochabamba,30602,Tacopaya,2008,3,Mujeres puerperas con dosis completa de hierro,15
Potosí,51402,Tahua,2008,3,Mujeres puerperas con dosis completa de hierro,2
Cochabamba,31101,Tapacari,2008,3,Mujeres puerperas con dosis completa de hierro,28
Chuquisaca,10601,Tarabuco,2008,3,Mujeres puerperas con dosis completa de hierro,32
La Paz,20807,Taraco,2008,3,Mujeres puerperas con dosis completa de hierro,2
Cochabamba,30401,Tarata,2008,3,Mujeres puerperas con dosis completa de hierro,6
Tarija,60101,Tarija,2008,3,Mujeres puerperas con dosis completa de hierro,229
Chuquisaca,10202,Tarvita,2008,3,Mujeres puerperas con dosis completa de hierro,30
La Paz,20608,Teoponte,2008,3,Mujeres puerperas con dosis completa de hierro,10
La Paz,20803,Tiawanacu,2008,3,Mujeres puerperas con dosis completa de hierro,19
Potosí,50102,Tinguipaya,2008,3,Mujeres puerperas con dosis completa de hierro,18
La Paz,20606,Tipuani,2008,3,Mujeres puerperas con dosis completa de hierro,23
Cochabamba,30903,Tiquipaya,2008,3,Mujeres puerperas con dosis completa de hierro,64
Cochabamba,31601,Tiraque (cbba),2008,3,Mujeres puerperas con dosis completa de hierro,68
Cochabamba,30802,Toco,2008,3,Mujeres puerperas con dosis completa de hierro,8
Cochabamba,30803,Tolata,2008,3,Mujeres puerperas con dosis completa de hierro,9
Oruro,41001,Toledo,2008,3,Mujeres puerperas con dosis completa de hierro,8
Potosí,51202,Tomave,2008,3,Mujeres puerperas con dosis completa de hierro,20
Chuquisaca,10402,Tomina,2008,3,Mujeres puerperas con dosis completa de hierro,16
Potosí,50502,Toro Toro,2008,3,Mujeres puerperas con dosis completa de hierro,18
Cochabamba,31201,Totora(cbba),2008,3,Mujeres puerperas con dosis completa de hierro,11
Oruro,41301,Totora(orr),2008,3,Mujeres puerperas con dosis completa de hierro,9
Santa Cruz,70802,Trigal,2008,3,Mujeres puerperas con dosis completa de hierro,2
Beni,80101,Trinidad,2008,3,Mujeres puerperas con dosis completa de hierro,49
Potosí,50801,Tupiza,2008,3,Mujeres puerperas con dosis completa de hierro,62
Oruro,40402,Turco,2008,3,Mujeres puerperas con dosis completa de hierro,2
La Paz,21302,Umala,2008,3,Mujeres puerperas con dosis completa de hierro,5
Potosí,50201,Uncia,2008,3,Mujeres puerperas con dosis completa de hierro,38
Tarija,60401,Uriondo (a. Concepcion),2008,3,Mujeres puerperas con dosis completa de hierro,11
Santa Cruz,71502,Urubicha,2008,3,Mujeres puerperas con dosis completa de hierro,4
Potosí,51201,Uyuni,2008,3,Mujeres puerperas con dosis completa de hierro,14
Cochabamba,30502,Vacas,2008,3,Mujeres puerperas con dosis completa de hierro,8
Santa Cruz,70801,Vallegrande,2008,3,Mujeres puerperas con dosis completa de hierro,15
La Paz,20801,Viacha,2008,3,Mujeres puerperas con dosis completa de hierro,51
Cochabamba,31302,Vila Vila,2008,3,Mujeres puerperas con dosis completa de hierro,2
Tarija,60303,Villa Montes,2008,3,Mujeres puerperas con dosis completa de hierro,83
Pando,90502,Villa Nueva (loma Alta),2008,3,Mujeres puerperas con dosis completa de hierro,8
Cochabamba,31402,Villa Rivero,2008,3,Mujeres puerperas con dosis completa de hierro,6
Chuquisaca,10801,Villa Serrano,2008,3,Mujeres puerperas con dosis completa de hierro,18
Cochabamba,31003,Villa Tunari,2008,3,Mujeres puerperas con dosis completa de hierro,94
Chuquisaca,11001,Villa Vaca Guzman (muyupampa),2008,3,Mujeres puerperas con dosis completa de hierro,12
Potosí,51501,Villazon,2008,3,Mujeres puerperas con dosis completa de hierro,9
Cochabamba,30904,Vinto,2008,3,Mujeres puerperas con dosis completa de hierro,37
Potosí,50602,Vitichi,2008,3,Mujeres puerperas con dosis completa de hierro,31
La Paz,20306,Waldo Ballivian,2008,3,Mujeres puerperas con dosis completa de hierro,5
Santa Cruz,70201,Warnes,2008,3,Mujeres puerperas con dosis completa de hierro,42
La Paz,20903,Yaco,2008,3,Mujeres puerperas con dosis completa de hierro,9
Tarija,60301,Yacuiba,2008,3,Mujeres puerperas con dosis completa de hierro,136
Chuquisaca,10602,Yamparaez,2008,3,Mujeres puerperas con dosis completa de hierro,12
La Paz,21103,Yanacachi,2008,3,Mujeres puerperas con dosis completa de hierro,2
Santa Cruz,70403,Yapacani,2008,3,Mujeres puerperas con dosis completa de hierro,49
Potosí,50103,Yocalla,2008,3,Mujeres puerperas con dosis completa de hierro,6
Chuquisaca,10102,Yotala,2008,3,Mujeres puerperas con dosis completa de hierro,6
Tarija,60402,Yunchara,2008,3,Mujeres puerperas con dosis completa de hierro,6
Chuquisaca,10301,Zudañez,2008,3,Mujeres puerperas con dosis completa de hierro,18
Potosí,51302,Acacio,2008,4,Mujeres puerperas con dosis completa de hierro,12
La Paz,20201,Achacachi,2008,4,Mujeres puerperas con dosis completa de hierro,56
La Paz,20104,Achocalla,2008,4,Mujeres puerperas con dosis completa de hierro,12
Cochabamba,30201,Aiquile,2008,4,Mujeres puerperas con dosis completa de hierro,56
Cochabamba,31303,Alalay,2008,4,Mujeres puerperas con dosis completa de hierro,6
Chuquisaca,10404,Alcala,2008,4,Mujeres puerperas con dosis completa de hierro,2
La Paz,20202,Ancoraimes,2008,4,Mujeres puerperas con dosis completa de hierro,17
Oruro,41201,Andamarca,2008,4,Mujeres puerperas con dosis completa de hierro,3
Oruro,40603,Antequera,2008,4,Mujeres puerperas con dosis completa de hierro,2
Cochabamba,30402,Anzaldo,2008,4,Mujeres puerperas con dosis completa de hierro,10
La Paz,20701,Apolo,2008,4,Mujeres puerperas con dosis completa de hierro,34
Potosí,51301,Arampampa,2008,4,Mujeres puerperas con dosis completa de hierro,7
Cochabamba,30501,Arani,2008,4,Mujeres puerperas con dosis completa de hierro,16
Cochabamba,30403,Arbieto,2008,4,Mujeres puerperas con dosis completa de hierro,5
Cochabamba,30601,Arque,2008,4,Mujeres puerperas con dosis completa de hierro,12
Santa Cruz,71501,Ascencion De Guarayos,2008,4,Mujeres puerperas con dosis completa de hierro,60
Potosí,50802,Atocha,2008,4,Mujeres puerperas con dosis completa de hierro,16
La Paz,20503,Aucapata,2008,4,Mujeres puerperas con dosis completa de hierro,3
La Paz,20502,Ayata,2008,4,Mujeres puerperas con dosis completa de hierro,13
La Paz,21303,Ayo Ayo,2008,4,Mujeres puerperas con dosis completa de hierro,10
Cochabamba,30301,Ayopaya (v. De Independencia),2008,4,Mujeres puerperas con dosis completa de hierro,33
Chuquisaca,10201,Azurduy,2008,4,Mujeres puerperas con dosis completa de hierro,23
La Paz,21203,Batallas,2008,4,Mujeres puerperas con dosis completa de hierro,14
Beni,80802,Baures,2008,4,Mujeres puerperas con dosis completa de hierro,1
Oruro,41202,Belen De Andamarca,2008,4,Mujeres puerperas con dosis completa de hierro,1
Pando,90104,Bella Flor,2008,4,Mujeres puerperas con dosis completa de hierro,2
Tarija,60202,Bermejo,2008,4,Mujeres puerperas con dosis completa de hierro,46
Potosí,50301,Betanzos,2008,4,Mujeres puerperas con dosis completa de hierro,44
Cochabamba,31501,Bolivar,2008,4,Mujeres puerperas con dosis completa de hierro,10
Santa Cruz,70707,Boyuibe,2008,4,Mujeres puerperas con dosis completa de hierro,2
Santa Cruz,70401,Buena Vista,2008,4,Mujeres puerperas con dosis completa de hierro,19
Santa Cruz,70703,Cabezas,2008,4,Mujeres puerperas con dosis completa de hierro,30
La Paz,20905,Cairoma,2008,4,Mujeres puerperas con dosis completa de hierro,11
Potosí,51102,"Caiza ""d""",2008,4,Mujeres puerperas con dosis completa de hierro,10
La Paz,21003,Cajuata,2008,4,Mujeres puerperas con dosis completa de hierro,9
La Paz,20303,Calacoto,2008,4,Mujeres puerperas con dosis completa de hierro,7
La Paz,21304,Calamarca,2008,4,Mujeres puerperas con dosis completa de hierro,18
Chuquisaca,10701,Camargo,2008,4,Mujeres puerperas con dosis completa de hierro,24
Chuquisaca,10901,Camataqui (c. Villa Abecia),2008,4,Mujeres puerperas con dosis completa de hierro,5
Santa Cruz,70706,Camiri,2008,4,Mujeres puerperas con dosis completa de hierro,30
Cochabamba,30701,Capinota,2008,4,Mujeres puerperas con dosis completa de hierro,29
La Paz,20302,Caquiaviri,2008,4,Mujeres puerperas con dosis completa de hierro,8
Oruro,40102,Caracollo,2008,4,Mujeres puerperas con dosis completa de hierro,22
La Paz,22001,Caranavi,2008,4,Mujeres puerperas con dosis completa de hierro,79
Tarija,60302,Carapari,2008,4,Mujeres puerperas con dosis completa de hierro,14
Potosí,50702,Caripuyo,2008,4,Mujeres puerperas con dosis completa de hierro,14
Santa Cruz,71403,Carmen Rivero Torrez,2008,4,Mujeres puerperas con dosis completa de hierro,2
La Paz,21902,Catacora,2008,4,Mujeres puerperas con dosis completa de hierro,1
La Paz,21803,Chacarilla,2008,4,Mujeres puerperas con dosis completa de hierro,3
Oruro,40201,Challapata,2008,4,Mujeres puerperas con dosis completa de hierro,45
Potosí,50302,Chaqui,2008,4,Mujeres puerperas con dosis completa de hierro,12
Santa Cruz,70702,Charagua,2008,4,Mujeres puerperas con dosis completa de hierro,63
La Paz,20305,Charaña,2008,4,Mujeres puerperas con dosis completa de hierro,1
Potosí,50202,Chayanta,2008,4,Mujeres puerperas con dosis completa de hierro,18
Cochabamba,31204,Chimore,2008,4,Mujeres puerperas con dosis completa de hierro,16
Oruro,40903,Chipaya,2008,4,Mujeres puerperas con dosis completa de hierro,4
Oruro,40302,Choque Cota,2008,4,Mujeres puerperas con dosis completa de hierro,1
La Paz,21101,Chulumani (v. De La Libertad),2008,4,Mujeres puerperas con dosis completa de hierro,27
La Paz,20501,Chuma,2008,4,Mujeres puerperas con dosis completa de hierro,11
Cochabamba,30801,Cliza,2008,4,Mujeres puerperas con dosis completa de hierro,20
Pando,90101,Cobija,2008,4,Mujeres puerperas con dosis completa de hierro,111
Cochabamba,30101,Cochabamba,2008,4,Mujeres puerperas con dosis completa de hierro,321
Cochabamba,30905,Colcapirhua,2008,4,Mujeres puerperas con dosis completa de hierro,33
Potosí,50901,"Colcha ""k""",2008,4,Mujeres puerperas con dosis completa de hierro,9
La Paz,21307,Collana,2008,4,Mujeres puerperas con dosis completa de hierro,2
Cochabamba,31002,Colomi,2008,4,Mujeres puerperas con dosis completa de hierro,27
Santa Cruz,70603,Colpa Belgica,2008,4,Mujeres puerperas con dosis completa de hierro,7
Potosí,50401,Colquechaca,2008,4,Mujeres puerperas con dosis completa de hierro,49
La Paz,21306,Colquencha,2008,4,Mujeres puerperas con dosis completa de hierro,11
La Paz,21004,Colquiri,2008,4,Mujeres puerperas con dosis completa de hierro,33
La Paz,20304,Comanche,2008,4,Mujeres puerperas con dosis completa de hierro,6
Santa Cruz,71301,Comarapa,2008,4,Mujeres puerperas con dosis completa de hierro,31
La Paz,20605,Combaya,2008,4,Mujeres puerperas con dosis completa de hierro,4
La Paz,21701,Copacabana,2008,4,Mujeres puerperas con dosis completa de hierro,28
La Paz,21402,Coripata,2008,4,Mujeres puerperas con dosis completa de hierro,23
La Paz,20301,Coro Coro,2008,4,Mujeres puerperas con dosis completa de hierro,13
La Paz,21401,Coroico,2008,4,Mujeres puerperas con dosis completa de hierro,20
Oruro,40301,Corque,2008,4,Mujeres puerperas con dosis completa de hierro,7
Potosí,50601,Cotagaita,2008,4,Mujeres puerperas con dosis completa de hierro,26
Santa Cruz,70102,Cotoca,2008,4,Mujeres puerperas con dosis completa de hierro,50
Santa Cruz,71106,Cuatro Cañadas,2008,4,Mujeres puerperas con dosis completa de hierro,30
Santa Cruz,70704,Cuevo,2008,4,Mujeres puerperas con dosis completa de hierro,5
Chuquisaca,10902,Culpina,2008,4,Mujeres puerperas con dosis completa de hierro,30
Oruro,40401,Curahuara De Carangas,2008,4,Mujeres puerperas con dosis completa de hierro,7
La Paz,20804,Desaguadero,2008,4,Mujeres puerperas con dosis completa de hierro,6
La Paz,20105,El Alto,2008,4,Mujeres puerperas con dosis completa de hierro,1176
Oruro,40103,El Choro,2008,4,Mujeres puerperas con dosis completa de hierro,1
Santa Cruz,71503,El Puente(stc),2008,4,Mujeres puerperas con dosis completa de hierro,18
Tarija,60502,El Puente(tja),2008,4,Mujeres puerperas con dosis completa de hierro,8
Santa Cruz,70105,El Torno,2008,4,Mujeres puerperas con dosis completa de hierro,10
Chuquisaca,10405,El Villar,2008,4,Mujeres puerperas con dosis completa de hierro,9
Tarija,60601,Entre Rios,2008,4,Mujeres puerperas con dosis completa de hierro,24
Tarija,60601,Entre Rios,2008,4,Mujeres puerperas con dosis completa de hierro,21
Oruro,41101,Eucaliptus,2008,4,Mujeres puerperas con dosis completa de hierro,8
Pando,90503,Eureka (santos Mercado),2008,4,Mujeres puerperas con dosis completa de hierro,3
Beni,80402,Exaltacion,2008,4,Mujeres puerperas con dosis completa de hierro,1
Santa Cruz,71004,Fernandez Alonso,2008,4,Mujeres puerperas con dosis completa de hierro,9
Pando,90203,Filadelfia,2008,4,Mujeres puerperas con dosis completa de hierro,12
Santa Cruz,71002,General Saavedra,2008,4,Mujeres puerperas con dosis completa de hierro,11
La Paz,21601,Gral. J.j. Perez (charazani),2008,4,Mujeres puerperas con dosis completa de hierro,8
La Paz,20602,Guanay,2008,4,Mujeres puerperas con dosis completa de hierro,19
La Paz,20802,Guaqui,2008,4,Mujeres puerperas con dosis completa de hierro,16
Beni,80202,Guayaramerin,2008,4,Mujeres puerperas con dosis completa de hierro,54
Santa Cruz,70705,Gutierrez,2008,4,Mujeres puerperas con dosis completa de hierro,7
Chuquisaca,10502,Huacareta,2008,4,Mujeres puerperas con dosis completa de hierro,15
Chuquisaca,11002,Huacaya (villa De Huacaya),2008,4,Mujeres puerperas con dosis completa de hierro,3
Oruro,40501,Huachacalla,2008,4,Mujeres puerperas con dosis completa de hierro,2
Oruro,40701,Huanuni,2008,4,Mujeres puerperas con dosis completa de hierro,17
Beni,80803,Huaracaje,2008,4,Mujeres puerperas con dosis completa de hierro,4
Oruro,41601,Huayllamarca,2008,4,Mujeres puerperas con dosis completa de hierro,3
La Paz,21005,Ichoca,2008,4,Mujeres puerperas con dosis completa de hierro,6
Chuquisaca,10304,Icla,2008,4,Mujeres puerperas con dosis completa de hierro,13
Chuquisaca,10703,Incahuasi,2008,4,Mujeres puerperas con dosis completa de hierro,46
Pando,90402,Ingavi (humaita),2008,4,Mujeres puerperas con dosis completa de hierro,2
La Paz,21001,Inquisivi,2008,4,Mujeres puerperas con dosis completa de hierro,16
La Paz,21102,Irupana (villa De Lanza),2008,4,Mujeres puerperas con dosis completa de hierro,20
La Paz,21501,Ixiamas,2008,4,Mujeres puerperas con dosis completa de hierro,8
La Paz,20806,Jesus De Machaca,2008,4,Mujeres puerperas con dosis completa de hierro,26
La Paz,21105,La Asunta,2008,4,Mujeres puerperas con dosis completa de hierro,28
Santa Cruz,70104,La Guardia,2008,4,Mujeres puerperas con dosis completa de hierro,38
La Paz,20101,La Paz,2008,4,Mujeres puerperas con dosis completa de hierro,827
Santa Cruz,70701,Lagunillas,2008,4,Mujeres puerperas con dosis completa de hierro,16
La Paz,21202,Laja,2008,4,Mujeres puerperas con dosis completa de hierro,25
Chuquisaca,10903,Las Carreras,2008,4,Mujeres puerperas con dosis completa de hierro,3
La Paz,21006,Licoma Pampa,2008,4,Mujeres puerperas con dosis completa de hierro,2
Potosí,50203,Llallagua,2008,4,Mujeres puerperas con dosis completa de hierro,16
Potosí,51401,Llica,2008,4,Mujeres puerperas con dosis completa de hierro,9
Beni,80601,Loreto,2008,4,Mujeres puerperas con dosis completa de hierro,5
La Paz,20901,Luribay,2008,4,Mujeres puerperas con dosis completa de hierro,2
Oruro,40702,Machacamarca,2008,4,Mujeres puerperas con dosis completa de hierro,8
Chuquisaca,11003,Machareti,2008,4,Mujeres puerperas con dosis completa de hierro,10
Beni,80801,Magdalena,2008,4,Mujeres puerperas con dosis completa de hierro,22
Santa Cruz,70903,Mairana,2008,4,Mujeres puerperas con dosis completa de hierro,9
La Paz,20904,Malla,2008,4,Mujeres puerperas con dosis completa de hierro,5
La Paz,20607,Mapiri,2008,4,Mujeres puerperas con dosis completa de hierro,15
La Paz,20103,Mecapaca,2008,4,Mujeres puerperas con dosis completa de hierro,6
Santa Cruz,71003,Mineros,2008,4,Mujeres puerperas con dosis completa de hierro,10
Cochabamba,31301,Mizque,2008,4,Mujeres puerperas con dosis completa de hierro,36
La Paz,20402,Mocomoco,2008,4,Mujeres puerperas con dosis completa de hierro,13
Potosí,51002,Mojinete,2008,4,Mujeres puerperas con dosis completa de hierro,1
Chuquisaca,10303,Mojocoya,2008,4,Mujeres puerperas con dosis completa de hierro,3
Chuquisaca,10501,Monteagudo,2008,4,Mujeres puerperas con dosis completa de hierro,49
Santa Cruz,71001,Montero,2008,4,Mujeres puerperas con dosis completa de hierro,62
Santa Cruz,70803,Moro Moro,2008,4,Mujeres puerperas con dosis completa de hierro,3
Cochabamba,30302,Morochata,2008,4,Mujeres puerperas con dosis completa de hierro,14
Pando,90401,Nacebe (santa Rosa Del Abuna),2008,4,Mujeres puerperas con dosis completa de hierro,7
La Paz,20307,Nazacara De Pacajes,2008,4,Mujeres puerperas con dosis completa de hierro,2
Pando,90501,Nuevo Manoa (nueva Esperanza),2008,4,Mujeres puerperas con dosis completa de hierro,3
Potosí,50404,Ocuri,2008,4,Mujeres puerperas con dosis completa de hierro,21
Santa Cruz,70202,Okinawa,2008,4,Mujeres puerperas con dosis completa de hierro,23
Cochabamba,30203,Omereque,2008,4,Mujeres puerperas con dosis completa de hierro,5
Oruro,40101,Oruro,2008,4,Mujeres puerperas con dosis completa de hierro,139
Tarija,60201,Padcaya,2008,4,Mujeres puerperas con dosis completa de hierro,13
Chuquisaca,10401,Padilla,2008,4,Mujeres puerperas con dosis completa de hierro,16
Santa Cruz,70502,Pailon,2008,4,Mujeres puerperas con dosis completa de hierro,19
La Paz,20102,Palca,2008,4,Mujeres puerperas con dosis completa de hierro,2
La Paz,21104,Palos Blancos,2008,4,Mujeres puerperas con dosis completa de hierro,51
Oruro,40802,Pampa Aullagas,2008,4,Mujeres puerperas con dosis completa de hierro,5
Santa Cruz,70902,Pampa Grande,2008,4,Mujeres puerperas con dosis completa de hierro,9
La Paz,21802,Papel Pampa,2008,4,Mujeres puerperas con dosis completa de hierro,5
Cochabamba,30202,Pasorapa,2008,4,Mujeres puerperas con dosis completa de hierro,5
La Paz,21305,Patacamaya,2008,4,Mujeres puerperas con dosis completa de hierro,50
Oruro,40602,Pazña,2008,4,Mujeres puerperas con dosis completa de hierro,11
La Paz,20702,Pelechuco,2008,4,Mujeres puerperas con dosis completa de hierro,8
Potosí,50403,Pocoata,2008,4,Mujeres puerperas con dosis completa de hierro,44
Cochabamba,31203,Pocona,2008,4,Mujeres puerperas con dosis completa de hierro,16
Cochabamba,31202,Pojo (cbba),2008,4,Mujeres puerperas con dosis completa de hierro,24
Oruro,40601,Poopo,2008,4,Mujeres puerperas con dosis completa de hierro,6
Potosí,51203,Porco,2008,4,Mujeres puerperas con dosis completa de hierro,12
Chuquisaca,10103,Poroma,2008,4,Mujeres puerperas con dosis completa de hierro,27
Santa Cruz,70103,Porongo,2008,4,Mujeres puerperas con dosis completa de hierro,5
Santa Cruz,70601,Portachuelo,2008,4,Mujeres puerperas con dosis completa de hierro,6
Pando,90102,Porvenir,2008,4,Mujeres puerperas con dosis completa de hierro,1
Santa Cruz,70804,Postrer Valle,2008,4,Mujeres puerperas con dosis completa de hierro,4
Potosí,50101,Potosi,2008,4,Mujeres puerperas con dosis completa de hierro,65
Chuquisaca,10302,Presto,2008,4,Mujeres puerperas con dosis completa de hierro,15
Santa Cruz,70805,Pucara,2008,4,Mujeres puerperas con dosis completa de hierro,2
La Paz,21201,Pucarani,2008,4,Mujeres puerperas con dosis completa de hierro,34
La Paz,20401,Puerto Acosta,2008,4,Mujeres puerperas con dosis completa de hierro,23
La Paz,20403,Puerto Carabuco,2008,4,Mujeres puerperas con dosis completa de hierro,13
Pando,90301,Puerto Gonzalo Moreno,2008,4,Mujeres puerperas con dosis completa de hierro,13
La Paz,21204,Puerto Perez,2008,4,Mujeres puerperas con dosis completa de hierro,13
Santa Cruz,71402,Puerto Quijarro,2008,4,Mujeres puerperas con dosis completa de hierro,15
Pando,90201,Puerto Rico,2008,4,Mujeres puerperas con dosis completa de hierro,8
Beni,80703,Puerto Siles,2008,4,Mujeres puerperas con dosis completa de hierro,1
Santa Cruz,71401,Puerto Suarez,2008,4,Mujeres puerperas con dosis completa de hierro,32
Cochabamba,31205,Puerto Villarroel,2008,4,Mujeres puerperas con dosis completa de hierro,134
Potosí,51101,Puna,2008,4,Mujeres puerperas con dosis completa de hierro,43
Cochabamba,31401,Punata,2008,4,Mujeres puerperas con dosis completa de hierro,24
Cochabamba,30901,Quillacollo,2008,4,Mujeres puerperas con dosis completa de hierro,94
La Paz,21002,Quime,2008,4,Mujeres puerperas con dosis completa de hierro,7
Santa Cruz,70904,Quirusillas,2008,4,Mujeres puerperas con dosis completa de hierro,1
Potosí,50402,Ravelo,2008,4,Mujeres puerperas con dosis completa de hierro,26
Beni,80301,Reyes,2008,4,Mujeres puerperas con dosis completa de hierro,12
Beni,80201,Riberalta,2008,4,Mujeres puerperas con dosis completa de hierro,502
Santa Cruz,70503,Robore,2008,4,Mujeres puerperas con dosis completa de hierro,31
Beni,80304,Rurrenabaque,2008,4,Mujeres puerperas con dosis completa de hierro,25
Oruro,40901,Sabaya,2008,4,Mujeres puerperas con dosis completa de hierro,7
Cochabamba,31001,Sacaba,2008,4,Mujeres puerperas con dosis completa de hierro,129
Cochabamba,30404,Sacabamba,2008,4,Mujeres puerperas con dosis completa de hierro,6
Potosí,50701,Sacaca,2008,4,Mujeres puerperas con dosis completa de hierro,31
Santa Cruz,71302,Saipina,2008,4,Mujeres puerperas con dosis completa de hierro,7
Oruro,40801,Salinas De Garci Mendoza,2008,4,Mujeres puerperas con dosis completa de hierro,12
Santa Cruz,70901,Samaipata,2008,4,Mujeres puerperas con dosis completa de hierro,11
Potosí,51601,San Agustin,2008,4,Mujeres puerperas con dosis completa de hierro,4
Beni,80602,San Andres,2008,4,Mujeres puerperas con dosis completa de hierro,13
La Paz,20805,San Andres De Machaca,2008,4,Mujeres puerperas con dosis completa de hierro,6
Potosí,51003,San Antonio De Esmoruco,2008,4,Mujeres puerperas con dosis completa de hierro,6
Santa Cruz,71105,San Antonio De Lomerio,2008,4,Mujeres puerperas con dosis completa de hierro,6
Cochabamba,31403,San Benito,2008,4,Mujeres puerperas con dosis completa de hierro,4
Beni,80302,San Borja,2008,4,Mujeres puerperas con dosis completa de hierro,61
La Paz,21502,San Buena Ventura,2008,4,Mujeres puerperas con dosis completa de hierro,23
Santa Cruz,70402,San Carlos,2008,4,Mujeres puerperas con dosis completa de hierro,64
Beni,80501,San Ignacio,2008,4,Mujeres puerperas con dosis completa de hierro,59
Santa Cruz,70301,San Ignacio De Velasco,2008,4,Mujeres puerperas con dosis completa de hierro,102
Beni,80102,San Javier(bni),2008,4,Mujeres puerperas con dosis completa de hierro,6
Santa Cruz,71102,San Javier(stc),2008,4,Mujeres puerperas con dosis completa de hierro,36
Beni,80701,San Joaquin,2008,4,Mujeres puerperas con dosis completa de hierro,19
Santa Cruz,70501,San Jose De Chiquitos,2008,4,Mujeres puerperas con dosis completa de hierro,26
Santa Cruz,70404,San Juan De Yapacani,2008,4,Mujeres puerperas con dosis completa de hierro,12
Santa Cruz,71104,San Julian,2008,4,Mujeres puerperas con dosis completa de hierro,28
Pando,90302,San Lorenzo(pnd),2008,4,Mujeres puerperas con dosis completa de hierro,7
Tarija,60501,San Lorenzo(tja),2008,4,Mujeres puerperas con dosis completa de hierro,13
Chuquisaca,10702,San Lucas,2008,4,Mujeres puerperas con dosis completa de hierro,68
Santa Cruz,71201,San Matias,2008,4,Mujeres puerperas con dosis completa de hierro,9
Santa Cruz,70302,San Miguel De Velasco,2008,4,Mujeres puerperas con dosis completa de hierro,15
Potosí,51001,San Pablo De Lipez,2008,4,Mujeres puerperas con dosis completa de hierro,3
Santa Cruz,71005,San Pedro,2008,4,Mujeres puerperas con dosis completa de hierro,23
Potosí,50501,San Pedro De Buena Vista,2008,4,Mujeres puerperas con dosis completa de hierro,16
La Paz,21801,San Pedro De Curahuara,2008,4,Mujeres puerperas con dosis completa de hierro,6
Potosí,50902,San Pedro De Quemes,2008,4,Mujeres puerperas con dosis completa de hierro,1
Pando,90202,San Pedro(pnd),2008,4,Mujeres puerperas con dosis completa de hierro,5
Santa Cruz,70303,San Rafael,2008,4,Mujeres puerperas con dosis completa de hierro,10
Beni,80702,San Ramon,2008,4,Mujeres puerperas con dosis completa de hierro,13
Beni,80702,San Ramon,2008,4,Mujeres puerperas con dosis completa de hierro,9
Beni,80401,Santa Ana,2008,4,Mujeres puerperas con dosis completa de hierro,11
Santa Cruz,70101,Santa Cruz De La Sierra,2008,4,Mujeres puerperas con dosis completa de hierro,422
Beni,80303,Santa Rosa,2008,4,Mujeres puerperas con dosis completa de hierro,20
Santa Cruz,70602,Santa Rosa Del Sara,2008,4,Mujeres puerperas con dosis completa de hierro,20
La Paz,20308,Santiago De Callapa,2008,4,Mujeres puerperas con dosis completa de hierro,6
Oruro,41401,Santiago De Huari,2008,4,Mujeres puerperas con dosis completa de hierro,9
La Paz,21901,Santiago De Machaca,2008,4,Mujeres puerperas con dosis completa de hierro,7
Cochabamba,30702,Santivañes,2008,4,Mujeres puerperas con dosis completa de hierro,3
Oruro,40202,Santuario De Quillacas,2008,4,Mujeres puerperas con dosis completa de hierro,3
La Paz,20902,Sapahaqui,2008,4,Mujeres puerperas con dosis completa de hierro,6
Pando,90303,Sena,2008,4,Mujeres puerperas con dosis completa de hierro,4
La Paz,21301,Sica Sica (villa Aroma),2008,4,Mujeres puerperas con dosis completa de hierro,28
Cochabamba,30703,Sicaya,2008,4,Mujeres puerperas con dosis completa de hierro,1
Cochabamba,30902,Sipe Sipe,2008,4,Mujeres puerperas con dosis completa de hierro,16
Chuquisaca,10403,Sopachuy,2008,4,Mujeres puerperas con dosis completa de hierro,13
Oruro,40104,Soracachi,2008,4,Mujeres puerperas con dosis completa de hierro,15
La Paz,20601,Sorata,2008,4,Mujeres puerperas con dosis completa de hierro,28
Chuquisaca,10101,Sucre,2008,4,Mujeres puerperas con dosis completa de hierro,392
Cochabamba,31404,Tacachi,2008,4,Mujeres puerperas con dosis completa de hierro,2
La Paz,20603,Tacacoma,2008,4,Mujeres puerperas con dosis completa de hierro,5
Potosí,50303,Tacobamba,2008,4,Mujeres puerperas con dosis completa de hierro,18
Cochabamba,30602,Tacopaya,2008,4,Mujeres puerperas con dosis completa de hierro,24
Potosí,51402,Tahua,2008,4,Mujeres puerperas con dosis completa de hierro,3
Cochabamba,31101,Tapacari,2008,4,Mujeres puerperas con dosis completa de hierro,45
Chuquisaca,10601,Tarabuco,2008,4,Mujeres puerperas con dosis completa de hierro,32
La Paz,20807,Taraco,2008,4,Mujeres puerperas con dosis completa de hierro,6
Cochabamba,30401,Tarata,2008,4,Mujeres puerperas con dosis completa de hierro,8
Tarija,60101,Tarija,2008,4,Mujeres puerperas con dosis completa de hierro,246
Chuquisaca,10202,Tarvita,2008,4,Mujeres puerperas con dosis completa de hierro,32
La Paz,20608,Teoponte,2008,4,Mujeres puerperas con dosis completa de hierro,20
La Paz,20803,Tiawanacu,2008,4,Mujeres puerperas con dosis completa de hierro,25
Potosí,50102,Tinguipaya,2008,4,Mujeres puerperas con dosis completa de hierro,19
La Paz,20606,Tipuani,2008,4,Mujeres puerperas con dosis completa de hierro,15
Cochabamba,30903,Tiquipaya,2008,4,Mujeres puerperas con dosis completa de hierro,57
Cochabamba,31601,Tiraque (cbba),2008,4,Mujeres puerperas con dosis completa de hierro,81
La Paz,21703,Tito Yupanqui (parquipujio),2008,4,Mujeres puerperas con dosis completa de hierro,3
Cochabamba,30802,Toco,2008,4,Mujeres puerperas con dosis completa de hierro,12
Cochabamba,30803,Tolata,2008,4,Mujeres puerperas con dosis completa de hierro,9
Oruro,41001,Toledo,2008,4,Mujeres puerperas con dosis completa de hierro,5
Potosí,51202,Tomave,2008,4,Mujeres puerperas con dosis completa de hierro,11
Chuquisaca,10402,Tomina,2008,4,Mujeres puerperas con dosis completa de hierro,9
Potosí,50502,Toro Toro,2008,4,Mujeres puerperas con dosis completa de hierro,8
Cochabamba,31201,Totora(cbba),2008,4,Mujeres puerperas con dosis completa de hierro,28
Oruro,41301,Totora(orr),2008,4,Mujeres puerperas con dosis completa de hierro,5
Santa Cruz,70802,Trigal,2008,4,Mujeres puerperas con dosis completa de hierro,3
Beni,80101,Trinidad,2008,4,Mujeres puerperas con dosis completa de hierro,70
Potosí,50801,Tupiza,2008,4,Mujeres puerperas con dosis completa de hierro,71
Oruro,40402,Turco,2008,4,Mujeres puerperas con dosis completa de hierro,7
La Paz,21302,Umala,2008,4,Mujeres puerperas con dosis completa de hierro,7
Potosí,50201,Uncia,2008,4,Mujeres puerperas con dosis completa de hierro,37
Tarija,60401,Uriondo (a. Concepcion),2008,4,Mujeres puerperas con dosis completa de hierro,13
Santa Cruz,71502,Urubicha,2008,4,Mujeres puerperas con dosis completa de hierro,9
Potosí,51201,Uyuni,2008,4,Mujeres puerperas con dosis completa de hierro,22
Cochabamba,30502,Vacas,2008,4,Mujeres puerperas con dosis completa de hierro,11
Santa Cruz,70801,Vallegrande,2008,4,Mujeres puerperas con dosis completa de hierro,19
La Paz,20801,Viacha,2008,4,Mujeres puerperas con dosis completa de hierro,50
Cochabamba,31302,Vila Vila,2008,4,Mujeres puerperas con dosis completa de hierro,5
Tarija,60303,Villa Montes,2008,4,Mujeres puerperas con dosis completa de hierro,93
Pando,90502,Villa Nueva (loma Alta),2008,4,Mujeres puerperas con dosis completa de hierro,2
Cochabamba,31402,Villa Rivero,2008,4,Mujeres puerperas con dosis completa de hierro,8
Chuquisaca,10801,Villa Serrano,2008,4,Mujeres puerperas con dosis completa de hierro,10
Cochabamba,31003,Villa Tunari,2008,4,Mujeres puerperas con dosis completa de hierro,159
Chuquisaca,11001,Villa Vaca Guzman (muyupampa),2008,4,Mujeres puerperas con dosis completa de hierro,13
Potosí,51501,Villazon,2008,4,Mujeres puerperas con dosis completa de hierro,18
Cochabamba,30904,Vinto,2008,4,Mujeres puerperas con dosis completa de hierro,41
Potosí,50602,Vitichi,2008,4,Mujeres puerperas con dosis completa de hierro,11
La Paz,20306,Waldo Ballivian,2008,4,Mujeres puerperas con dosis completa de hierro,1
Santa Cruz,70201,Warnes,2008,4,Mujeres puerperas con dosis completa de hierro,63
La Paz,20903,Yaco,2008,4,Mujeres puerperas con dosis completa de hierro,10
Tarija,60301,Yacuiba,2008,4,Mujeres puerperas con dosis completa de hierro,131
Chuquisaca,10602,Yamparaez,2008,4,Mujeres puerperas con dosis completa de hierro,5
La Paz,21103,Yanacachi,2008,4,Mujeres puerperas con dosis completa de hierro,2
Santa Cruz,70403,Yapacani,2008,4,Mujeres puerperas con dosis completa de hierro,60
Potosí,50103,Yocalla,2008,4,Mujeres puerperas con dosis completa de hierro,3
Chuquisaca,10102,Yotala,2008,4,Mujeres puerperas con dosis completa de hierro,7
Tarija,60402,Yunchara,2008,4,Mujeres puerperas con dosis completa de hierro,10
Chuquisaca,10301,Zudañez,2008,4,Mujeres puerperas con dosis completa de hierro,14
Potosí,51302,Acacio,2008,5,Mujeres puerperas con dosis completa de hierro,6
La Paz,20201,Achacachi,2008,5,Mujeres puerperas con dosis completa de hierro,45
La Paz,20104,Achocalla,2008,5,Mujeres puerperas con dosis completa de hierro,15
Cochabamba,30201,Aiquile,2008,5,Mujeres puerperas con dosis completa de hierro,32
Cochabamba,31303,Alalay,2008,5,Mujeres puerperas con dosis completa de hierro,4
Chuquisaca,10404,Alcala,2008,5,Mujeres puerperas con dosis completa de hierro,2
La Paz,20202,Ancoraimes,2008,5,Mujeres puerperas con dosis completa de hierro,24
Oruro,41201,Andamarca,2008,5,Mujeres puerperas con dosis completa de hierro,6
Oruro,40603,Antequera,2008,5,Mujeres puerperas con dosis completa de hierro,7
Cochabamba,30402,Anzaldo,2008,5,Mujeres puerperas con dosis completa de hierro,12
La Paz,20701,Apolo,2008,5,Mujeres puerperas con dosis completa de hierro,21
Potosí,51301,Arampampa,2008,5,Mujeres puerperas con dosis completa de hierro,4
Cochabamba,30501,Arani,2008,5,Mujeres puerperas con dosis completa de hierro,7
Cochabamba,30403,Arbieto,2008,5,Mujeres puerperas con dosis completa de hierro,6
Cochabamba,30601,Arque,2008,5,Mujeres puerperas con dosis completa de hierro,13
Santa Cruz,71501,Ascencion De Guarayos,2008,5,Mujeres puerperas con dosis completa de hierro,48
Potosí,50802,Atocha,2008,5,Mujeres puerperas con dosis completa de hierro,11
La Paz,20503,Aucapata,2008,5,Mujeres puerperas con dosis completa de hierro,4
La Paz,20502,Ayata,2008,5,Mujeres puerperas con dosis completa de hierro,18
La Paz,21303,Ayo Ayo,2008,5,Mujeres puerperas con dosis completa de hierro,10
Cochabamba,30301,Ayopaya (v. De Independencia),2008,5,Mujeres puerperas con dosis completa de hierro,47
Chuquisaca,10201,Azurduy,2008,5,Mujeres puerperas con dosis completa de hierro,23
La Paz,21203,Batallas,2008,5,Mujeres puerperas con dosis completa de hierro,20
Beni,80802,Baures,2008,5,Mujeres puerperas con dosis completa de hierro,7
Potosí,50104,Belen De Urmiri,2008,5,Mujeres puerperas con dosis completa de hierro,2
Tarija,60202,Bermejo,2008,5,Mujeres puerperas con dosis completa de hierro,54
Potosí,50301,Betanzos,2008,5,Mujeres puerperas con dosis completa de hierro,37
Cochabamba,31501,Bolivar,2008,5,Mujeres puerperas con dosis completa de hierro,11
Santa Cruz,70707,Boyuibe,2008,5,Mujeres puerperas con dosis completa de hierro,6
Santa Cruz,70401,Buena Vista,2008,5,Mujeres puerperas con dosis completa de hierro,9
Santa Cruz,70703,Cabezas,2008,5,Mujeres puerperas con dosis completa de hierro,24
La Paz,20905,Cairoma,2008,5,Mujeres puerperas con dosis completa de hierro,11
Potosí,51102,"Caiza ""d""",2008,5,Mujeres puerperas con dosis completa de hierro,15
La Paz,21003,Cajuata,2008,5,Mujeres puerperas con dosis completa de hierro,12
La Paz,20303,Calacoto,2008,5,Mujeres puerperas con dosis completa de hierro,7
La Paz,21304,Calamarca,2008,5,Mujeres puerperas con dosis completa de hierro,20
Chuquisaca,10701,Camargo,2008,5,Mujeres puerperas con dosis completa de hierro,20
Chuquisaca,10901,Camataqui (c. Villa Abecia),2008,5,Mujeres puerperas con dosis completa de hierro,2
Santa Cruz,70706,Camiri,2008,5,Mujeres puerperas con dosis completa de hierro,21
Cochabamba,30701,Capinota,2008,5,Mujeres puerperas con dosis completa de hierro,31
La Paz,20302,Caquiaviri,2008,5,Mujeres puerperas con dosis completa de hierro,8
Oruro,40102,Caracollo,2008,5,Mujeres puerperas con dosis completa de hierro,34
La Paz,22001,Caranavi,2008,5,Mujeres puerperas con dosis completa de hierro,116
Oruro,41503,Carangas,2008,5,Mujeres puerperas con dosis completa de hierro,1
Tarija,60302,Carapari,2008,5,Mujeres puerperas con dosis completa de hierro,15
Potosí,50702,Caripuyo,2008,5,Mujeres puerperas con dosis completa de hierro,9
Santa Cruz,71403,Carmen Rivero Torrez,2008,5,Mujeres puerperas con dosis completa de hierro,3
La Paz,21902,Catacora,2008,5,Mujeres puerperas con dosis completa de hierro,1
Oruro,40201,Challapata,2008,5,Mujeres puerperas con dosis completa de hierro,44
Potosí,50302,Chaqui,2008,5,Mujeres puerperas con dosis completa de hierro,10
Santa Cruz,70702,Charagua,2008,5,Mujeres puerperas con dosis completa de hierro,73
La Paz,20305,Charaña,2008,5,Mujeres puerperas con dosis completa de hierro,4
Potosí,50202,Chayanta,2008,5,Mujeres puerperas con dosis completa de hierro,43
Cochabamba,31204,Chimore,2008,5,Mujeres puerperas con dosis completa de hierro,14
Oruro,40903,Chipaya,2008,5,Mujeres puerperas con dosis completa de hierro,1
Oruro,40302,Choque Cota,2008,5,Mujeres puerperas con dosis completa de hierro,3
La Paz,21101,Chulumani (v. De La Libertad),2008,5,Mujeres puerperas con dosis completa de hierro,29
La Paz,20501,Chuma,2008,5,Mujeres puerperas con dosis completa de hierro,6
Cochabamba,30801,Cliza,2008,5,Mujeres puerperas con dosis completa de hierro,18
Pando,90101,Cobija,2008,5,Mujeres puerperas con dosis completa de hierro,111
Cochabamba,30101,Cochabamba,2008,5,Mujeres puerperas con dosis completa de hierro,479
Oruro,40902,Coipasa,2008,5,Mujeres puerperas con dosis completa de hierro,1
Cochabamba,30905,Colcapirhua,2008,5,Mujeres puerperas con dosis completa de hierro,29
Potosí,50901,"Colcha ""k""",2008,5,Mujeres puerperas con dosis completa de hierro,11
La Paz,21307,Collana,2008,5,Mujeres puerperas con dosis completa de hierro,1
Cochabamba,31002,Colomi,2008,5,Mujeres puerperas con dosis completa de hierro,26
Santa Cruz,70603,Colpa Belgica,2008,5,Mujeres puerperas con dosis completa de hierro,13
Potosí,50401,Colquechaca,2008,5,Mujeres puerperas con dosis completa de hierro,72
La Paz,21306,Colquencha,2008,5,Mujeres puerperas con dosis completa de hierro,7
La Paz,21004,Colquiri,2008,5,Mujeres puerperas con dosis completa de hierro,35
La Paz,20304,Comanche,2008,5,Mujeres puerperas con dosis completa de hierro,3
Santa Cruz,71301,Comarapa,2008,5,Mujeres puerperas con dosis completa de hierro,25
La Paz,20605,Combaya,2008,5,Mujeres puerperas con dosis completa de hierro,6
Santa Cruz,71101,Concepcion,2008,5,Mujeres puerperas con dosis completa de hierro,5
La Paz,21701,Copacabana,2008,5,Mujeres puerperas con dosis completa de hierro,16
La Paz,21402,Coripata,2008,5,Mujeres puerperas con dosis completa de hierro,13
La Paz,20301,Coro Coro,2008,5,Mujeres puerperas con dosis completa de hierro,9
La Paz,21401,Coroico,2008,5,Mujeres puerperas con dosis completa de hierro,25
Oruro,40301,Corque,2008,5,Mujeres puerperas con dosis completa de hierro,10
Potosí,50601,Cotagaita,2008,5,Mujeres puerperas con dosis completa de hierro,39
Santa Cruz,70102,Cotoca,2008,5,Mujeres puerperas con dosis completa de hierro,40
Santa Cruz,71106,Cuatro Cañadas,2008,5,Mujeres puerperas con dosis completa de hierro,26
Cochabamba,31405,Cuchumuela (v. G. Villarroel),2008,5,Mujeres puerperas con dosis completa de hierro,3
Santa Cruz,70704,Cuevo,2008,5,Mujeres puerperas con dosis completa de hierro,8
Chuquisaca,10902,Culpina,2008,5,Mujeres puerperas con dosis completa de hierro,29
Oruro,40401,Curahuara De Carangas,2008,5,Mujeres puerperas con dosis completa de hierro,5
La Paz,21602,Curva,2008,5,Mujeres puerperas con dosis completa de hierro,3
La Paz,20804,Desaguadero,2008,5,Mujeres puerperas con dosis completa de hierro,8
La Paz,20105,El Alto,2008,5,Mujeres puerperas con dosis completa de hierro,1164
Oruro,40103,El Choro,2008,5,Mujeres puerperas con dosis completa de hierro,7
Santa Cruz,71503,El Puente(stc),2008,5,Mujeres puerperas con dosis completa de hierro,14
Tarija,60502,El Puente(tja),2008,5,Mujeres puerperas con dosis completa de hierro,17
Santa Cruz,70105,El Torno,2008,5,Mujeres puerperas con dosis completa de hierro,19
Chuquisaca,10405,El Villar,2008,5,Mujeres puerperas con dosis completa de hierro,4
Tarija,60601,Entre Rios,2008,5,Mujeres puerperas con dosis completa de hierro,24
Tarija,60601,Entre Rios,2008,5,Mujeres puerperas con dosis completa de hierro,31
Oruro,40505,Esmeralda,2008,5,Mujeres puerperas con dosis completa de hierro,1
Oruro,41101,Eucaliptus,2008,5,Mujeres puerperas con dosis completa de hierro,7
Pando,90503,Eureka (santos Mercado),2008,5,Mujeres puerperas con dosis completa de hierro,3
Beni,80402,Exaltacion,2008,5,Mujeres puerperas con dosis completa de hierro,5
Santa Cruz,71004,Fernandez Alonso,2008,5,Mujeres puerperas con dosis completa de hierro,13
Pando,90203,Filadelfia,2008,5,Mujeres puerperas con dosis completa de hierro,5
Santa Cruz,71002,General Saavedra,2008,5,Mujeres puerperas con dosis completa de hierro,8
La Paz,21601,Gral. J.j. Perez (charazani),2008,5,Mujeres puerperas con dosis completa de hierro,20
La Paz,20602,Guanay,2008,5,Mujeres puerperas con dosis completa de hierro,7
La Paz,20802,Guaqui,2008,5,Mujeres puerperas con dosis completa de hierro,6
Beni,80202,Guayaramerin,2008,5,Mujeres puerperas con dosis completa de hierro,21
Santa Cruz,70705,Gutierrez,2008,5,Mujeres puerperas con dosis completa de hierro,10
Chuquisaca,10502,Huacareta,2008,5,Mujeres puerperas con dosis completa de hierro,14
Chuquisaca,11002,Huacaya (villa De Huacaya),2008,5,Mujeres puerperas con dosis completa de hierro,2
Oruro,40701,Huanuni,2008,5,Mujeres puerperas con dosis completa de hierro,18
Beni,80803,Huaracaje,2008,5,Mujeres puerperas con dosis completa de hierro,3
Oruro,41601,Huayllamarca,2008,5,Mujeres puerperas con dosis completa de hierro,3
La Paz,21005,Ichoca,2008,5,Mujeres puerperas con dosis completa de hierro,4
Chuquisaca,10304,Icla,2008,5,Mujeres puerperas con dosis completa de hierro,11
Chuquisaca,10703,Incahuasi,2008,5,Mujeres puerperas con dosis completa de hierro,42
La Paz,21001,Inquisivi,2008,5,Mujeres puerperas con dosis completa de hierro,12
La Paz,21102,Irupana (villa De Lanza),2008,5,Mujeres puerperas con dosis completa de hierro,14
La Paz,21501,Ixiamas,2008,5,Mujeres puerperas con dosis completa de hierro,11
La Paz,20806,Jesus De Machaca,2008,5,Mujeres puerperas con dosis completa de hierro,21
La Paz,21105,La Asunta,2008,5,Mujeres puerperas con dosis completa de hierro,61
Santa Cruz,70104,La Guardia,2008,5,Mujeres puerperas con dosis completa de hierro,48
La Paz,20101,La Paz,2008,5,Mujeres puerperas con dosis completa de hierro,731
Santa Cruz,70701,Lagunillas,2008,5,Mujeres puerperas con dosis completa de hierro,13
La Paz,21202,Laja,2008,5,Mujeres puerperas con dosis completa de hierro,10
Chuquisaca,10903,Las Carreras,2008,5,Mujeres puerperas con dosis completa de hierro,3
Potosí,50203,Llallagua,2008,5,Mujeres puerperas con dosis completa de hierro,9
Potosí,51401,Llica,2008,5,Mujeres puerperas con dosis completa de hierro,5
Beni,80601,Loreto,2008,5,Mujeres puerperas con dosis completa de hierro,5
La Paz,20901,Luribay,2008,5,Mujeres puerperas con dosis completa de hierro,15
Oruro,40702,Machacamarca,2008,5,Mujeres puerperas con dosis completa de hierro,9
Chuquisaca,11003,Machareti,2008,5,Mujeres puerperas con dosis completa de hierro,18
Beni,80801,Magdalena,2008,5,Mujeres puerperas con dosis completa de hierro,19
Santa Cruz,70903,Mairana,2008,5,Mujeres puerperas con dosis completa de hierro,18
La Paz,20904,Malla,2008,5,Mujeres puerperas con dosis completa de hierro,1
La Paz,20607,Mapiri,2008,5,Mujeres puerperas con dosis completa de hierro,8
La Paz,20103,Mecapaca,2008,5,Mujeres puerperas con dosis completa de hierro,2
Santa Cruz,71003,Mineros,2008,5,Mujeres puerperas con dosis completa de hierro,5
Cochabamba,31301,Mizque,2008,5,Mujeres puerperas con dosis completa de hierro,44
La Paz,20402,Mocomoco,2008,5,Mujeres puerperas con dosis completa de hierro,19
Potosí,51002,Mojinete,2008,5,Mujeres puerperas con dosis completa de hierro,1
Chuquisaca,10303,Mojocoya,2008,5,Mujeres puerperas con dosis completa de hierro,11
Chuquisaca,10501,Monteagudo,2008,5,Mujeres puerperas con dosis completa de hierro,52
Santa Cruz,71001,Montero,2008,5,Mujeres puerperas con dosis completa de hierro,107
Santa Cruz,70803,Moro Moro,2008,5,Mujeres puerperas con dosis completa de hierro,2
Cochabamba,30302,Morochata,2008,5,Mujeres puerperas con dosis completa de hierro,12
Pando,90401,Nacebe (santa Rosa Del Abuna),2008,5,Mujeres puerperas con dosis completa de hierro,1
La Paz,20307,Nazacara De Pacajes,2008,5,Mujeres puerperas con dosis completa de hierro,1
Pando,90501,Nuevo Manoa (nueva Esperanza),2008,5,Mujeres puerperas con dosis completa de hierro,1
Potosí,50404,Ocuri,2008,5,Mujeres puerperas con dosis completa de hierro,40
Santa Cruz,70202,Okinawa,2008,5,Mujeres puerperas con dosis completa de hierro,10
Cochabamba,30203,Omereque,2008,5,Mujeres puerperas con dosis completa de hierro,9
Oruro,40101,Oruro,2008,5,Mujeres puerperas con dosis completa de hierro,147
Tarija,60201,Padcaya,2008,5,Mujeres puerperas con dosis completa de hierro,15
Chuquisaca,10401,Padilla,2008,5,Mujeres puerperas con dosis completa de hierro,21
Santa Cruz,70502,Pailon,2008,5,Mujeres puerperas con dosis completa de hierro,18
La Paz,20102,Palca,2008,5,Mujeres puerperas con dosis completa de hierro,2
La Paz,21104,Palos Blancos,2008,5,Mujeres puerperas con dosis completa de hierro,45
Oruro,40802,Pampa Aullagas,2008,5,Mujeres puerperas con dosis completa de hierro,1
Santa Cruz,70902,Pampa Grande,2008,5,Mujeres puerperas con dosis completa de hierro,5
La Paz,21802,Papel Pampa,2008,5,Mujeres puerperas con dosis completa de hierro,10
Cochabamba,30202,Pasorapa,2008,5,Mujeres puerperas con dosis completa de hierro,4
La Paz,21305,Patacamaya,2008,5,Mujeres puerperas con dosis completa de hierro,3
Oruro,40602,Pazña,2008,5,Mujeres puerperas con dosis completa de hierro,9
La Paz,20702,Pelechuco,2008,5,Mujeres puerperas con dosis completa de hierro,10
Potosí,50403,Pocoata,2008,5,Mujeres puerperas con dosis completa de hierro,29
Cochabamba,31203,Pocona,2008,5,Mujeres puerperas con dosis completa de hierro,17
Cochabamba,31202,Pojo (cbba),2008,5,Mujeres puerperas con dosis completa de hierro,20
Oruro,40601,Poopo,2008,5,Mujeres puerperas con dosis completa de hierro,4
Potosí,51203,Porco,2008,5,Mujeres puerperas con dosis completa de hierro,18
Chuquisaca,10103,Poroma,2008,5,Mujeres puerperas con dosis completa de hierro,31
Santa Cruz,70103,Porongo,2008,5,Mujeres puerperas con dosis completa de hierro,13
Santa Cruz,70601,Portachuelo,2008,5,Mujeres puerperas con dosis completa de hierro,32
Pando,90102,Porvenir,2008,5,Mujeres puerperas con dosis completa de hierro,11
Santa Cruz,70804,Postrer Valle,2008,5,Mujeres puerperas con dosis completa de hierro,3
Potosí,50101,Potosi,2008,5,Mujeres puerperas con dosis completa de hierro,87
Chuquisaca,10302,Presto,2008,5,Mujeres puerperas con dosis completa de hierro,10
Santa Cruz,70805,Pucara,2008,5,Mujeres puerperas con dosis completa de hierro,1
La Paz,21201,Pucarani,2008,5,Mujeres puerperas con dosis completa de hierro,30
La Paz,20401,Puerto Acosta,2008,5,Mujeres puerperas con dosis completa de hierro,26
La Paz,20403,Puerto Carabuco,2008,5,Mujeres puerperas con dosis completa de hierro,22
Pando,90301,Puerto Gonzalo Moreno,2008,5,Mujeres puerperas con dosis completa de hierro,11
La Paz,21204,Puerto Perez,2008,5,Mujeres puerperas con dosis completa de hierro,9
Santa Cruz,71402,Puerto Quijarro,2008,5,Mujeres puerperas con dosis completa de hierro,23
Pando,90201,Puerto Rico,2008,5,Mujeres puerperas con dosis completa de hierro,10
Santa Cruz,71401,Puerto Suarez,2008,5,Mujeres puerperas con dosis completa de hierro,18
Cochabamba,31205,Puerto Villarroel,2008,5,Mujeres puerperas con dosis completa de hierro,77
Potosí,51101,Puna,2008,5,Mujeres puerperas con dosis completa de hierro,49
Cochabamba,31401,Punata,2008,5,Mujeres puerperas con dosis completa de hierro,30
La Paz,20604,Quiabaya,2008,5,Mujeres puerperas con dosis completa de hierro,1
Cochabamba,30901,Quillacollo,2008,5,Mujeres puerperas con dosis completa de hierro,99
La Paz,21002,Quime,2008,5,Mujeres puerperas con dosis completa de hierro,8
Santa Cruz,70904,Quirusillas,2008,5,Mujeres puerperas con dosis completa de hierro,3
Potosí,50402,Ravelo,2008,5,Mujeres puerperas con dosis completa de hierro,22
Beni,80301,Reyes,2008,5,Mujeres puerperas con dosis completa de hierro,21
Beni,80201,Riberalta,2008,5,Mujeres puerperas con dosis completa de hierro,444
Santa Cruz,70503,Robore,2008,5,Mujeres puerperas con dosis completa de hierro,21
Beni,80304,Rurrenabaque,2008,5,Mujeres puerperas con dosis completa de hierro,23
Oruro,40901,Sabaya,2008,5,Mujeres puerperas con dosis completa de hierro,4
Cochabamba,31001,Sacaba,2008,5,Mujeres puerperas con dosis completa de hierro,162
Cochabamba,30404,Sacabamba,2008,5,Mujeres puerperas con dosis completa de hierro,7
Potosí,50701,Sacaca,2008,5,Mujeres puerperas con dosis completa de hierro,37
Santa Cruz,71302,Saipina,2008,5,Mujeres puerperas con dosis completa de hierro,11
Oruro,40801,Salinas De Garci Mendoza,2008,5,Mujeres puerperas con dosis completa de hierro,12
Santa Cruz,70901,Samaipata,2008,5,Mujeres puerperas con dosis completa de hierro,10
Potosí,51601,San Agustin,2008,5,Mujeres puerperas con dosis completa de hierro,4
Beni,80602,San Andres,2008,5,Mujeres puerperas con dosis completa de hierro,8
La Paz,20805,San Andres De Machaca,2008,5,Mujeres puerperas con dosis completa de hierro,6
Potosí,51003,San Antonio De Esmoruco,2008,5,Mujeres puerperas con dosis completa de hierro,1
Santa Cruz,71105,San Antonio De Lomerio,2008,5,Mujeres puerperas con dosis completa de hierro,12
Cochabamba,31403,San Benito,2008,5,Mujeres puerperas con dosis completa de hierro,8
Beni,80302,San Borja,2008,5,Mujeres puerperas con dosis completa de hierro,99
La Paz,21502,San Buena Ventura,2008,5,Mujeres puerperas con dosis completa de hierro,27
Santa Cruz,70402,San Carlos,2008,5,Mujeres puerperas con dosis completa de hierro,71
Beni,80501,San Ignacio,2008,5,Mujeres puerperas con dosis completa de hierro,76
Santa Cruz,70301,San Ignacio De Velasco,2008,5,Mujeres puerperas con dosis completa de hierro,103
Beni,80102,San Javier(bni),2008,5,Mujeres puerperas con dosis completa de hierro,8
Santa Cruz,71102,San Javier(stc),2008,5,Mujeres puerperas con dosis completa de hierro,44
Beni,80701,San Joaquin,2008,5,Mujeres puerperas con dosis completa de hierro,12
Santa Cruz,70501,San Jose De Chiquitos,2008,5,Mujeres puerperas con dosis completa de hierro,21
Santa Cruz,70404,San Juan De Yapacani,2008,5,Mujeres puerperas con dosis completa de hierro,18
Santa Cruz,71104,San Julian,2008,5,Mujeres puerperas con dosis completa de hierro,28
Pando,90302,San Lorenzo(pnd),2008,5,Mujeres puerperas con dosis completa de hierro,4
Tarija,60501,San Lorenzo(tja),2008,5,Mujeres puerperas con dosis completa de hierro,13
Chuquisaca,10702,San Lucas,2008,5,Mujeres puerperas con dosis completa de hierro,68
Santa Cruz,71201,San Matias,2008,5,Mujeres puerperas con dosis completa de hierro,8
Santa Cruz,70302,San Miguel De Velasco,2008,5,Mujeres puerperas con dosis completa de hierro,26
Potosí,51001,San Pablo De Lipez,2008,5,Mujeres puerperas con dosis completa de hierro,2
Santa Cruz,71005,San Pedro,2008,5,Mujeres puerperas con dosis completa de hierro,22
Potosí,50501,San Pedro De Buena Vista,2008,5,Mujeres puerperas con dosis completa de hierro,31
La Paz,21801,San Pedro De Curahuara,2008,5,Mujeres puerperas con dosis completa de hierro,5
Pando,90202,San Pedro(pnd),2008,5,Mujeres puerperas con dosis completa de hierro,3
Santa Cruz,70303,San Rafael,2008,5,Mujeres puerperas con dosis completa de hierro,5
Beni,80702,San Ramon,2008,5,Mujeres puerperas con dosis completa de hierro,32
Beni,80702,San Ramon,2008,5,Mujeres puerperas con dosis completa de hierro,7
Beni,80401,Santa Ana,2008,5,Mujeres puerperas con dosis completa de hierro,19
Santa Cruz,70101,Santa Cruz De La Sierra,2008,5,Mujeres puerperas con dosis completa de hierro,1173
Beni,80303,Santa Rosa,2008,5,Mujeres puerperas con dosis completa de hierro,25
Santa Cruz,70602,Santa Rosa Del Sara,2008,5,Mujeres puerperas con dosis completa de hierro,27
La Paz,20308,Santiago De Callapa,2008,5,Mujeres puerperas con dosis completa de hierro,6
Oruro,41401,Santiago De Huari,2008,5,Mujeres puerperas con dosis completa de hierro,14
La Paz,21901,Santiago De Machaca,2008,5,Mujeres puerperas con dosis completa de hierro,4
Cochabamba,30702,Santivañes,2008,5,Mujeres puerperas con dosis completa de hierro,7
Oruro,40202,Santuario De Quillacas,2008,5,Mujeres puerperas con dosis completa de hierro,5
La Paz,20902,Sapahaqui,2008,5,Mujeres puerperas con dosis completa de hierro,12
Pando,90303,Sena,2008,5,Mujeres puerperas con dosis completa de hierro,4
La Paz,21301,Sica Sica (villa Aroma),2008,5,Mujeres puerperas con dosis completa de hierro,22
Cochabamba,30703,Sicaya,2008,5,Mujeres puerperas con dosis completa de hierro,4
Cochabamba,30902,Sipe Sipe,2008,5,Mujeres puerperas con dosis completa de hierro,20
Chuquisaca,10403,Sopachuy,2008,5,Mujeres puerperas con dosis completa de hierro,19
Oruro,40104,Soracachi,2008,5,Mujeres puerperas con dosis completa de hierro,12
La Paz,20601,Sorata,2008,5,Mujeres puerperas con dosis completa de hierro,19
Chuquisaca,10101,Sucre,2008,5,Mujeres puerperas con dosis completa de hierro,426
Cochabamba,31404,Tacachi,2008,5,Mujeres puerperas con dosis completa de hierro,2
La Paz,20603,Tacacoma,2008,5,Mujeres puerperas con dosis completa de hierro,5
Potosí,50303,Tacobamba,2008,5,Mujeres puerperas con dosis completa de hierro,11
Cochabamba,30602,Tacopaya,2008,5,Mujeres puerperas con dosis completa de hierro,20
Potosí,51402,Tahua,2008,5,Mujeres puerperas con dosis completa de hierro,1
Cochabamba,31101,Tapacari,2008,5,Mujeres puerperas con dosis completa de hierro,46
Chuquisaca,10601,Tarabuco,2008,5,Mujeres puerperas con dosis completa de hierro,25
La Paz,20807,Taraco,2008,5,Mujeres puerperas con dosis completa de hierro,12
Cochabamba,30401,Tarata,2008,5,Mujeres puerperas con dosis completa de hierro,9
Tarija,60101,Tarija,2008,5,Mujeres puerperas con dosis completa de hierro,261
Chuquisaca,10202,Tarvita,2008,5,Mujeres puerperas con dosis completa de hierro,16
La Paz,20608,Teoponte,2008,5,Mujeres puerperas con dosis completa de hierro,12
La Paz,20803,Tiawanacu,2008,5,Mujeres puerperas con dosis completa de hierro,17
Potosí,50102,Tinguipaya,2008,5,Mujeres puerperas con dosis completa de hierro,21
La Paz,20606,Tipuani,2008,5,Mujeres puerperas con dosis completa de hierro,15
Cochabamba,30903,Tiquipaya,2008,5,Mujeres puerperas con dosis completa de hierro,87
Cochabamba,31601,Tiraque (cbba),2008,5,Mujeres puerperas con dosis completa de hierro,66
La Paz,21703,Tito Yupanqui (parquipujio),2008,5,Mujeres puerperas con dosis completa de hierro,1
Cochabamba,30802,Toco,2008,5,Mujeres puerperas con dosis completa de hierro,4
Cochabamba,30803,Tolata,2008,5,Mujeres puerperas con dosis completa de hierro,3
Oruro,41001,Toledo,2008,5,Mujeres puerperas con dosis completa de hierro,3
Potosí,51202,Tomave,2008,5,Mujeres puerperas con dosis completa de hierro,20
Chuquisaca,10402,Tomina,2008,5,Mujeres puerperas con dosis completa de hierro,14
Potosí,50502,Toro Toro,2008,5,Mujeres puerperas con dosis completa de hierro,17
Cochabamba,31201,Totora(cbba),2008,5,Mujeres puerperas con dosis completa de hierro,20
Oruro,41301,Totora(orr),2008,5,Mujeres puerperas con dosis completa de hierro,3
Santa Cruz,70802,Trigal,2008,5,Mujeres puerperas con dosis completa de hierro,3
Beni,80101,Trinidad,2008,5,Mujeres puerperas con dosis completa de hierro,53
Potosí,50801,Tupiza,2008,5,Mujeres puerperas con dosis completa de hierro,76
Oruro,40402,Turco,2008,5,Mujeres puerperas con dosis completa de hierro,1
La Paz,21302,Umala,2008,5,Mujeres puerperas con dosis completa de hierro,2
Potosí,50201,Uncia,2008,5,Mujeres puerperas con dosis completa de hierro,32
Tarija,60401,Uriondo (a. Concepcion),2008,5,Mujeres puerperas con dosis completa de hierro,17
Santa Cruz,71502,Urubicha,2008,5,Mujeres puerperas con dosis completa de hierro,10
Potosí,51201,Uyuni,2008,5,Mujeres puerperas con dosis completa de hierro,12
Cochabamba,30502,Vacas,2008,5,Mujeres puerperas con dosis completa de hierro,11
Santa Cruz,70801,Vallegrande,2008,5,Mujeres puerperas con dosis completa de hierro,14
La Paz,20801,Viacha,2008,5,Mujeres puerperas con dosis completa de hierro,28
Cochabamba,31302,Vila Vila,2008,5,Mujeres puerperas con dosis completa de hierro,13
Tarija,60303,Villa Montes,2008,5,Mujeres puerperas con dosis completa de hierro,74
Pando,90502,Villa Nueva (loma Alta),2008,5,Mujeres puerperas con dosis completa de hierro,5
Cochabamba,31402,Villa Rivero,2008,5,Mujeres puerperas con dosis completa de hierro,4
Chuquisaca,10801,Villa Serrano,2008,5,Mujeres puerperas con dosis completa de hierro,8
Cochabamba,31003,Villa Tunari,2008,5,Mujeres puerperas con dosis completa de hierro,138
Chuquisaca,11001,Villa Vaca Guzman (muyupampa),2008,5,Mujeres puerperas con dosis completa de hierro,18
Potosí,51501,Villazon,2008,5,Mujeres puerperas con dosis completa de hierro,58
Cochabamba,30904,Vinto,2008,5,Mujeres puerperas con dosis completa de hierro,18
Potosí,50602,Vitichi,2008,5,Mujeres puerperas con dosis completa de hierro,3
La Paz,20306,Waldo Ballivian,2008,5,Mujeres puerperas con dosis completa de hierro,3
Santa Cruz,70201,Warnes,2008,5,Mujeres puerperas con dosis completa de hierro,126
La Paz,20903,Yaco,2008,5,Mujeres puerperas con dosis completa de hierro,14
Tarija,60301,Yacuiba,2008,5,Mujeres puerperas con dosis completa de hierro,122
Chuquisaca,10602,Yamparaez,2008,5,Mujeres puerperas con dosis completa de hierro,8
La Paz,21103,Yanacachi,2008,5,Mujeres puerperas con dosis completa de hierro,2
Santa Cruz,70403,Yapacani,2008,5,Mujeres puerperas con dosis completa de hierro,71
Potosí,50103,Yocalla,2008,5,Mujeres puerperas con dosis completa de hierro,4
Chuquisaca,10102,Yotala,2008,5,Mujeres puerperas con dosis completa de hierro,10
Tarija,60402,Yunchara,2008,5,Mujeres puerperas con dosis completa de hierro,10
Chuquisaca,10301,Zudañez,2008,5,Mujeres puerperas con dosis completa de hierro,16
Potosí,51302,Acacio,2008,6,Mujeres puerperas con dosis completa de hierro,7
La Paz,20201,Achacachi,2008,6,Mujeres puerperas con dosis completa de hierro,57
La Paz,20104,Achocalla,2008,6,Mujeres puerperas con dosis completa de hierro,9
Cochabamba,30201,Aiquile,2008,6,Mujeres puerperas con dosis completa de hierro,44
Cochabamba,31303,Alalay,2008,6,Mujeres puerperas con dosis completa de hierro,6
Chuquisaca,10404,Alcala,2008,6,Mujeres puerperas con dosis completa de hierro,3
La Paz,20202,Ancoraimes,2008,6,Mujeres puerperas con dosis completa de hierro,20
Oruro,41201,Andamarca,2008,6,Mujeres puerperas con dosis completa de hierro,4
Oruro,40603,Antequera,2008,6,Mujeres puerperas con dosis completa de hierro,4
Cochabamba,30402,Anzaldo,2008,6,Mujeres puerperas con dosis completa de hierro,12
La Paz,20701,Apolo,2008,6,Mujeres puerperas con dosis completa de hierro,21
Potosí,51301,Arampampa,2008,6,Mujeres puerperas con dosis completa de hierro,5
Cochabamba,30501,Arani,2008,6,Mujeres puerperas con dosis completa de hierro,16
Cochabamba,30403,Arbieto,2008,6,Mujeres puerperas con dosis completa de hierro,8
Cochabamba,30601,Arque,2008,6,Mujeres puerperas con dosis completa de hierro,21
Santa Cruz,71501,Ascencion De Guarayos,2008,6,Mujeres puerperas con dosis completa de hierro,48
Potosí,50802,Atocha,2008,6,Mujeres puerperas con dosis completa de hierro,14
La Paz,20503,Aucapata,2008,6,Mujeres puerperas con dosis completa de hierro,4
La Paz,20502,Ayata,2008,6,Mujeres puerperas con dosis completa de hierro,17
La Paz,21303,Ayo Ayo,2008,6,Mujeres puerperas con dosis completa de hierro,9
Cochabamba,30301,Ayopaya (v. De Independencia),2008,6,Mujeres puerperas con dosis completa de hierro,27
Chuquisaca,10201,Azurduy,2008,6,Mujeres puerperas con dosis completa de hierro,30
La Paz,21203,Batallas,2008,6,Mujeres puerperas con dosis completa de hierro,18
Beni,80802,Baures,2008,6,Mujeres puerperas con dosis completa de hierro,2
Oruro,41202,Belen De Andamarca,2008,6,Mujeres puerperas con dosis completa de hierro,1
Potosí,50104,Belen De Urmiri,2008,6,Mujeres puerperas con dosis completa de hierro,1
Pando,90104,Bella Flor,2008,6,Mujeres puerperas con dosis completa de hierro,3
Tarija,60202,Bermejo,2008,6,Mujeres puerperas con dosis completa de hierro,52
Potosí,50301,Betanzos,2008,6,Mujeres puerperas con dosis completa de hierro,47
Cochabamba,31501,Bolivar,2008,6,Mujeres puerperas con dosis completa de hierro,21
Pando,90103,Bolpebra,2008,6,Mujeres puerperas con dosis completa de hierro,2
Santa Cruz,70707,Boyuibe,2008,6,Mujeres puerperas con dosis completa de hierro,3
Santa Cruz,70401,Buena Vista,2008,6,Mujeres puerperas con dosis completa de hierro,21
Santa Cruz,70703,Cabezas,2008,6,Mujeres puerperas con dosis completa de hierro,18
La Paz,20905,Cairoma,2008,6,Mujeres puerperas con dosis completa de hierro,17
Potosí,51102,"Caiza ""d""",2008,6,Mujeres puerperas con dosis completa de hierro,15
La Paz,21003,Cajuata,2008,6,Mujeres puerperas con dosis completa de hierro,13
La Paz,20303,Calacoto,2008,6,Mujeres puerperas con dosis completa de hierro,5
La Paz,21304,Calamarca,2008,6,Mujeres puerperas con dosis completa de hierro,9
Chuquisaca,10701,Camargo,2008,6,Mujeres puerperas con dosis completa de hierro,42
Chuquisaca,10901,Camataqui (c. Villa Abecia),2008,6,Mujeres puerperas con dosis completa de hierro,7
Santa Cruz,70706,Camiri,2008,6,Mujeres puerperas con dosis completa de hierro,19
Cochabamba,30701,Capinota,2008,6,Mujeres puerperas con dosis completa de hierro,28
La Paz,20302,Caquiaviri,2008,6,Mujeres puerperas con dosis completa de hierro,4
Oruro,40102,Caracollo,2008,6,Mujeres puerperas con dosis completa de hierro,34
La Paz,22001,Caranavi,2008,6,Mujeres puerperas con dosis completa de hierro,107
Tarija,60302,Carapari,2008,6,Mujeres puerperas con dosis completa de hierro,7
Potosí,50702,Caripuyo,2008,6,Mujeres puerperas con dosis completa de hierro,7
Santa Cruz,71403,Carmen Rivero Torrez,2008,6,Mujeres puerperas con dosis completa de hierro,5
Oruro,40201,Challapata,2008,6,Mujeres puerperas con dosis completa de hierro,52
Potosí,50302,Chaqui,2008,6,Mujeres puerperas con dosis completa de hierro,10
Santa Cruz,70702,Charagua,2008,6,Mujeres puerperas con dosis completa de hierro,40
La Paz,20305,Charaña,2008,6,Mujeres puerperas con dosis completa de hierro,2
Potosí,50202,Chayanta,2008,6,Mujeres puerperas con dosis completa de hierro,17
Cochabamba,31204,Chimore,2008,6,Mujeres puerperas con dosis completa de hierro,26
Oruro,40903,Chipaya,2008,6,Mujeres puerperas con dosis completa de hierro,4
La Paz,21101,Chulumani (v. De La Libertad),2008,6,Mujeres puerperas con dosis completa de hierro,20
La Paz,20501,Chuma,2008,6,Mujeres puerperas con dosis completa de hierro,10
Cochabamba,30801,Cliza,2008,6,Mujeres puerperas con dosis completa de hierro,20
Pando,90101,Cobija,2008,6,Mujeres puerperas con dosis completa de hierro,94
Cochabamba,30101,Cochabamba,2008,6,Mujeres puerperas con dosis completa de hierro,461
Cochabamba,30905,Colcapirhua,2008,6,Mujeres puerperas con dosis completa de hierro,30
Potosí,50901,"Colcha ""k""",2008,6,Mujeres puerperas con dosis completa de hierro,7
La Paz,21307,Collana,2008,6,Mujeres puerperas con dosis completa de hierro,2
Cochabamba,31002,Colomi,2008,6,Mujeres puerperas con dosis completa de hierro,33
Santa Cruz,70603,Colpa Belgica,2008,6,Mujeres puerperas con dosis completa de hierro,17
Potosí,50401,Colquechaca,2008,6,Mujeres puerperas con dosis completa de hierro,74
La Paz,21306,Colquencha,2008,6,Mujeres puerperas con dosis completa de hierro,11
La Paz,21004,Colquiri,2008,6,Mujeres puerperas con dosis completa de hierro,34
La Paz,20304,Comanche,2008,6,Mujeres puerperas con dosis completa de hierro,4
Santa Cruz,71301,Comarapa,2008,6,Mujeres puerperas con dosis completa de hierro,37
La Paz,20605,Combaya,2008,6,Mujeres puerperas con dosis completa de hierro,4
Santa Cruz,71101,Concepcion,2008,6,Mujeres puerperas con dosis completa de hierro,1
La Paz,21701,Copacabana,2008,6,Mujeres puerperas con dosis completa de hierro,6
La Paz,21402,Coripata,2008,6,Mujeres puerperas con dosis completa de hierro,13
La Paz,20301,Coro Coro,2008,6,Mujeres puerperas con dosis completa de hierro,10
La Paz,21401,Coroico,2008,6,Mujeres puerperas con dosis completa de hierro,35
Oruro,40301,Corque,2008,6,Mujeres puerperas con dosis completa de hierro,10
Potosí,50601,Cotagaita,2008,6,Mujeres puerperas con dosis completa de hierro,22
Santa Cruz,70102,Cotoca,2008,6,Mujeres puerperas con dosis completa de hierro,52
Santa Cruz,71106,Cuatro Cañadas,2008,6,Mujeres puerperas con dosis completa de hierro,25
Cochabamba,31405,Cuchumuela (v. G. Villarroel),2008,6,Mujeres puerperas con dosis completa de hierro,5
Santa Cruz,70704,Cuevo,2008,6,Mujeres puerperas con dosis completa de hierro,4
Chuquisaca,10902,Culpina,2008,6,Mujeres puerperas con dosis completa de hierro,31
Oruro,40401,Curahuara De Carangas,2008,6,Mujeres puerperas con dosis completa de hierro,6
La Paz,21602,Curva,2008,6,Mujeres puerperas con dosis completa de hierro,2
La Paz,20804,Desaguadero,2008,6,Mujeres puerperas con dosis completa de hierro,7
La Paz,20105,El Alto,2008,6,Mujeres puerperas con dosis completa de hierro,1099
Oruro,40103,El Choro,2008,6,Mujeres puerperas con dosis completa de hierro,7
Santa Cruz,71503,El Puente(stc),2008,6,Mujeres puerperas con dosis completa de hierro,14
Tarija,60502,El Puente(tja),2008,6,Mujeres puerperas con dosis completa de hierro,9
Santa Cruz,70105,El Torno,2008,6,Mujeres puerperas con dosis completa de hierro,20
Chuquisaca,10405,El Villar,2008,6,Mujeres puerperas con dosis completa de hierro,5
Tarija,60601,Entre Rios,2008,6,Mujeres puerperas con dosis completa de hierro,20
Tarija,60601,Entre Rios,2008,6,Mujeres puerperas con dosis completa de hierro,24
Oruro,41101,Eucaliptus,2008,6,Mujeres puerperas con dosis completa de hierro,10
Pando,90503,Eureka (santos Mercado),2008,6,Mujeres puerperas con dosis completa de hierro,1
Beni,80402,Exaltacion,2008,6,Mujeres puerperas con dosis completa de hierro,2
Santa Cruz,71004,Fernandez Alonso,2008,6,Mujeres puerperas con dosis completa de hierro,12
Pando,90203,Filadelfia,2008,6,Mujeres puerperas con dosis completa de hierro,5
Santa Cruz,71002,General Saavedra,2008,6,Mujeres puerperas con dosis completa de hierro,19
La Paz,21601,Gral. J.j. Perez (charazani),2008,6,Mujeres puerperas con dosis completa de hierro,21
La Paz,20602,Guanay,2008,6,Mujeres puerperas con dosis completa de hierro,6
La Paz,20802,Guaqui,2008,6,Mujeres puerperas con dosis completa de hierro,4
Beni,80202,Guayaramerin,2008,6,Mujeres puerperas con dosis completa de hierro,75
Santa Cruz,70705,Gutierrez,2008,6,Mujeres puerperas con dosis completa de hierro,6
Chuquisaca,10502,Huacareta,2008,6,Mujeres puerperas con dosis completa de hierro,15
Chuquisaca,11002,Huacaya (villa De Huacaya),2008,6,Mujeres puerperas con dosis completa de hierro,7
Oruro,40701,Huanuni,2008,6,Mujeres puerperas con dosis completa de hierro,55
Beni,80803,Huaracaje,2008,6,Mujeres puerperas con dosis completa de hierro,2
Oruro,41601,Huayllamarca,2008,6,Mujeres puerperas con dosis completa de hierro,3
La Paz,21005,Ichoca,2008,6,Mujeres puerperas con dosis completa de hierro,4
Chuquisaca,10304,Icla,2008,6,Mujeres puerperas con dosis completa de hierro,18
Chuquisaca,10703,Incahuasi,2008,6,Mujeres puerperas con dosis completa de hierro,51
La Paz,21001,Inquisivi,2008,6,Mujeres puerperas con dosis completa de hierro,15
La Paz,21102,Irupana (villa De Lanza),2008,6,Mujeres puerperas con dosis completa de hierro,21
La Paz,21501,Ixiamas,2008,6,Mujeres puerperas con dosis completa de hierro,12
La Paz,20806,Jesus De Machaca,2008,6,Mujeres puerperas con dosis completa de hierro,24
La Paz,21105,La Asunta,2008,6,Mujeres puerperas con dosis completa de hierro,40
Santa Cruz,70104,La Guardia,2008,6,Mujeres puerperas con dosis completa de hierro,37
La Paz,20101,La Paz,2008,6,Mujeres puerperas con dosis completa de hierro,778
Oruro,41501,La Rivera,2008,6,Mujeres puerperas con dosis completa de hierro,2
Santa Cruz,70701,Lagunillas,2008,6,Mujeres puerperas con dosis completa de hierro,8
La Paz,21202,Laja,2008,6,Mujeres puerperas con dosis completa de hierro,16
Chuquisaca,10903,Las Carreras,2008,6,Mujeres puerperas con dosis completa de hierro,6
La Paz,21006,Licoma Pampa,2008,6,Mujeres puerperas con dosis completa de hierro,2
Potosí,50203,Llallagua,2008,6,Mujeres puerperas con dosis completa de hierro,51
Potosí,51401,Llica,2008,6,Mujeres puerperas con dosis completa de hierro,4
Beni,80601,Loreto,2008,6,Mujeres puerperas con dosis completa de hierro,6
La Paz,20901,Luribay,2008,6,Mujeres puerperas con dosis completa de hierro,10
Oruro,40702,Machacamarca,2008,6,Mujeres puerperas con dosis completa de hierro,5
Chuquisaca,11003,Machareti,2008,6,Mujeres puerperas con dosis completa de hierro,9
Beni,80801,Magdalena,2008,6,Mujeres puerperas con dosis completa de hierro,8
Santa Cruz,70903,Mairana,2008,6,Mujeres puerperas con dosis completa de hierro,18
La Paz,20904,Malla,2008,6,Mujeres puerperas con dosis completa de hierro,2
La Paz,20607,Mapiri,2008,6,Mujeres puerperas con dosis completa de hierro,26
La Paz,20103,Mecapaca,2008,6,Mujeres puerperas con dosis completa de hierro,6
Santa Cruz,71003,Mineros,2008,6,Mujeres puerperas con dosis completa de hierro,14
Cochabamba,31301,Mizque,2008,6,Mujeres puerperas con dosis completa de hierro,35
La Paz,20402,Mocomoco,2008,6,Mujeres puerperas con dosis completa de hierro,21
Potosí,51002,Mojinete,2008,6,Mujeres puerperas con dosis completa de hierro,2
Chuquisaca,10303,Mojocoya,2008,6,Mujeres puerperas con dosis completa de hierro,9
Chuquisaca,10501,Monteagudo,2008,6,Mujeres puerperas con dosis completa de hierro,39
Santa Cruz,71001,Montero,2008,6,Mujeres puerperas con dosis completa de hierro,98
Santa Cruz,70803,Moro Moro,2008,6,Mujeres puerperas con dosis completa de hierro,1
Cochabamba,30302,Morochata,2008,6,Mujeres puerperas con dosis completa de hierro,47
Pando,90401,Nacebe (santa Rosa Del Abuna),2008,6,Mujeres puerperas con dosis completa de hierro,7
Pando,90501,Nuevo Manoa (nueva Esperanza),2008,6,Mujeres puerperas con dosis completa de hierro,6
Potosí,50404,Ocuri,2008,6,Mujeres puerperas con dosis completa de hierro,42
Santa Cruz,70202,Okinawa,2008,6,Mujeres puerperas con dosis completa de hierro,14
Cochabamba,30203,Omereque,2008,6,Mujeres puerperas con dosis completa de hierro,6
Oruro,40101,Oruro,2008,6,Mujeres puerperas con dosis completa de hierro,196
Tarija,60201,Padcaya,2008,6,Mujeres puerperas con dosis completa de hierro,18
Chuquisaca,10401,Padilla,2008,6,Mujeres puerperas con dosis completa de hierro,14
Santa Cruz,70502,Pailon,2008,6,Mujeres puerperas con dosis completa de hierro,27
La Paz,20102,Palca,2008,6,Mujeres puerperas con dosis completa de hierro,5
La Paz,21104,Palos Blancos,2008,6,Mujeres puerperas con dosis completa de hierro,44
Oruro,40802,Pampa Aullagas,2008,6,Mujeres puerperas con dosis completa de hierro,8
Santa Cruz,70902,Pampa Grande,2008,6,Mujeres puerperas con dosis completa de hierro,9
La Paz,21802,Papel Pampa,2008,6,Mujeres puerperas con dosis completa de hierro,2
Cochabamba,30202,Pasorapa,2008,6,Mujeres puerperas con dosis completa de hierro,7
La Paz,21305,Patacamaya,2008,6,Mujeres puerperas con dosis completa de hierro,23
Oruro,40602,Pazña,2008,6,Mujeres puerperas con dosis completa de hierro,9
La Paz,20702,Pelechuco,2008,6,Mujeres puerperas con dosis completa de hierro,10
Potosí,50403,Pocoata,2008,6,Mujeres puerperas con dosis completa de hierro,47
Cochabamba,31203,Pocona,2008,6,Mujeres puerperas con dosis completa de hierro,9
Cochabamba,31202,Pojo (cbba),2008,6,Mujeres puerperas con dosis completa de hierro,25
Oruro,40601,Poopo,2008,6,Mujeres puerperas con dosis completa de hierro,4
Potosí,51203,Porco,2008,6,Mujeres puerperas con dosis completa de hierro,13
Chuquisaca,10103,Poroma,2008,6,Mujeres puerperas con dosis completa de hierro,20
Santa Cruz,70103,Porongo,2008,6,Mujeres puerperas con dosis completa de hierro,13
Santa Cruz,70601,Portachuelo,2008,6,Mujeres puerperas con dosis completa de hierro,23
Pando,90102,Porvenir,2008,6,Mujeres puerperas con dosis completa de hierro,5
Santa Cruz,70804,Postrer Valle,2008,6,Mujeres puerperas con dosis completa de hierro,1
Potosí,50101,Potosi,2008,6,Mujeres puerperas con dosis completa de hierro,281
Chuquisaca,10302,Presto,2008,6,Mujeres puerperas con dosis completa de hierro,20
Santa Cruz,70805,Pucara,2008,6,Mujeres puerperas con dosis completa de hierro,2
La Paz,21201,Pucarani,2008,6,Mujeres puerperas con dosis completa de hierro,26
La Paz,20401,Puerto Acosta,2008,6,Mujeres puerperas con dosis completa de hierro,27
La Paz,20403,Puerto Carabuco,2008,6,Mujeres puerperas con dosis completa de hierro,27
Pando,90301,Puerto Gonzalo Moreno,2008,6,Mujeres puerperas con dosis completa de hierro,7
La Paz,21204,Puerto Perez,2008,6,Mujeres puerperas con dosis completa de hierro,4
Santa Cruz,71402,Puerto Quijarro,2008,6,Mujeres puerperas con dosis completa de hierro,17
Pando,90201,Puerto Rico,2008,6,Mujeres puerperas con dosis completa de hierro,5
Beni,80703,Puerto Siles,2008,6,Mujeres puerperas con dosis completa de hierro,3
Santa Cruz,71401,Puerto Suarez,2008,6,Mujeres puerperas con dosis completa de hierro,39
Cochabamba,31205,Puerto Villarroel,2008,6,Mujeres puerperas con dosis completa de hierro,37
Potosí,51101,Puna,2008,6,Mujeres puerperas con dosis completa de hierro,48
Cochabamba,31401,Punata,2008,6,Mujeres puerperas con dosis completa de hierro,29
La Paz,20604,Quiabaya,2008,6,Mujeres puerperas con dosis completa de hierro,6
Cochabamba,30901,Quillacollo,2008,6,Mujeres puerperas con dosis completa de hierro,89
La Paz,21002,Quime,2008,6,Mujeres puerperas con dosis completa de hierro,10
Santa Cruz,70904,Quirusillas,2008,6,Mujeres puerperas con dosis completa de hierro,1
Potosí,50402,Ravelo,2008,6,Mujeres puerperas con dosis completa de hierro,35
Beni,80301,Reyes,2008,6,Mujeres puerperas con dosis completa de hierro,16
Beni,80201,Riberalta,2008,6,Mujeres puerperas con dosis completa de hierro,187
Santa Cruz,70503,Robore,2008,6,Mujeres puerperas con dosis completa de hierro,25
Beni,80304,Rurrenabaque,2008,6,Mujeres puerperas con dosis completa de hierro,12
Oruro,40901,Sabaya,2008,6,Mujeres puerperas con dosis completa de hierro,1
Cochabamba,31001,Sacaba,2008,6,Mujeres puerperas con dosis completa de hierro,156
Cochabamba,30404,Sacabamba,2008,6,Mujeres puerperas con dosis completa de hierro,5
Potosí,50701,Sacaca,2008,6,Mujeres puerperas con dosis completa de hierro,30
Santa Cruz,71302,Saipina,2008,6,Mujeres puerperas con dosis completa de hierro,5
Oruro,40801,Salinas De Garci Mendoza,2008,6,Mujeres puerperas con dosis completa de hierro,14
Santa Cruz,70901,Samaipata,2008,6,Mujeres puerperas con dosis completa de hierro,15
Beni,80602,San Andres,2008,6,Mujeres puerperas con dosis completa de hierro,11
La Paz,20805,San Andres De Machaca,2008,6,Mujeres puerperas con dosis completa de hierro,3
Potosí,51003,San Antonio De Esmoruco,2008,6,Mujeres puerperas con dosis completa de hierro,4
Santa Cruz,71105,San Antonio De Lomerio,2008,6,Mujeres puerperas con dosis completa de hierro,9
Cochabamba,31403,San Benito,2008,6,Mujeres puerperas con dosis completa de hierro,8
Beni,80302,San Borja,2008,6,Mujeres puerperas con dosis completa de hierro,67
La Paz,21502,San Buena Ventura,2008,6,Mujeres puerperas con dosis completa de hierro,21
Santa Cruz,70402,San Carlos,2008,6,Mujeres puerperas con dosis completa de hierro,50
Beni,80501,San Ignacio,2008,6,Mujeres puerperas con dosis completa de hierro,56
Santa Cruz,70301,San Ignacio De Velasco,2008,6,Mujeres puerperas con dosis completa de hierro,102
Beni,80102,San Javier(bni),2008,6,Mujeres puerperas con dosis completa de hierro,1
Santa Cruz,71102,San Javier(stc),2008,6,Mujeres puerperas con dosis completa de hierro,25
Beni,80701,San Joaquin,2008,6,Mujeres puerperas con dosis completa de hierro,11
Santa Cruz,70501,San Jose De Chiquitos,2008,6,Mujeres puerperas con dosis completa de hierro,3
Santa Cruz,70404,San Juan De Yapacani,2008,6,Mujeres puerperas con dosis completa de hierro,13
Santa Cruz,71104,San Julian,2008,6,Mujeres puerperas con dosis completa de hierro,38
Pando,90302,San Lorenzo(pnd),2008,6,Mujeres puerperas con dosis completa de hierro,7
Tarija,60501,San Lorenzo(tja),2008,6,Mujeres puerperas con dosis completa de hierro,7
Chuquisaca,10702,San Lucas,2008,6,Mujeres puerperas con dosis completa de hierro,74
Santa Cruz,71201,San Matias,2008,6,Mujeres puerperas con dosis completa de hierro,10
Santa Cruz,70302,San Miguel De Velasco,2008,6,Mujeres puerperas con dosis completa de hierro,13
Potosí,51001,San Pablo De Lipez,2008,6,Mujeres puerperas con dosis completa de hierro,4
Santa Cruz,71005,San Pedro,2008,6,Mujeres puerperas con dosis completa de hierro,16
Potosí,50501,San Pedro De Buena Vista,2008,6,Mujeres puerperas con dosis completa de hierro,30
La Paz,21801,San Pedro De Curahuara,2008,6,Mujeres puerperas con dosis completa de hierro,10
La Paz,21702,San Pedro De Tiquina,2008,6,Mujeres puerperas con dosis completa de hierro,3
Pando,90202,San Pedro(pnd),2008,6,Mujeres puerperas con dosis completa de hierro,1
Santa Cruz,70303,San Rafael,2008,6,Mujeres puerperas con dosis completa de hierro,7
Beni,80702,San Ramon,2008,6,Mujeres puerperas con dosis completa de hierro,16
Beni,80702,San Ramon,2008,6,Mujeres puerperas con dosis completa de hierro,5
Beni,80401,Santa Ana,2008,6,Mujeres puerperas con dosis completa de hierro,32
Santa Cruz,70101,Santa Cruz De La Sierra,2008,6,Mujeres puerperas con dosis completa de hierro,262
Beni,80303,Santa Rosa,2008,6,Mujeres puerperas con dosis completa de hierro,15
Santa Cruz,70602,Santa Rosa Del Sara,2008,6,Mujeres puerperas con dosis completa de hierro,20
La Paz,20308,Santiago De Callapa,2008,6,Mujeres puerperas con dosis completa de hierro,7
Oruro,41401,Santiago De Huari,2008,6,Mujeres puerperas con dosis completa de hierro,5
Cochabamba,30702,Santivañes,2008,6,Mujeres puerperas con dosis completa de hierro,1
Oruro,40202,Santuario De Quillacas,2008,6,Mujeres puerperas con dosis completa de hierro,5
La Paz,20902,Sapahaqui,2008,6,Mujeres puerperas con dosis completa de hierro,9
Pando,90303,Sena,2008,6,Mujeres puerperas con dosis completa de hierro,4
La Paz,21301,Sica Sica (villa Aroma),2008,6,Mujeres puerperas con dosis completa de hierro,15
Cochabamba,30703,Sicaya,2008,6,Mujeres puerperas con dosis completa de hierro,4
Cochabamba,30902,Sipe Sipe,2008,6,Mujeres puerperas con dosis completa de hierro,30
Chuquisaca,10403,Sopachuy,2008,6,Mujeres puerperas con dosis completa de hierro,9
Oruro,40104,Soracachi,2008,6,Mujeres puerperas con dosis completa de hierro,6
La Paz,20601,Sorata,2008,6,Mujeres puerperas con dosis completa de hierro,104
Chuquisaca,10101,Sucre,2008,6,Mujeres puerperas con dosis completa de hierro,391
La Paz,20603,Tacacoma,2008,6,Mujeres puerperas con dosis completa de hierro,2
Potosí,50303,Tacobamba,2008,6,Mujeres puerperas con dosis completa de hierro,10
Cochabamba,30602,Tacopaya,2008,6,Mujeres puerperas con dosis completa de hierro,12
Potosí,51402,Tahua,2008,6,Mujeres puerperas con dosis completa de hierro,2
Cochabamba,31101,Tapacari,2008,6,Mujeres puerperas con dosis completa de hierro,52
Chuquisaca,10601,Tarabuco,2008,6,Mujeres puerperas con dosis completa de hierro,38
La Paz,20807,Taraco,2008,6,Mujeres puerperas con dosis completa de hierro,3
Cochabamba,30401,Tarata,2008,6,Mujeres puerperas con dosis completa de hierro,5
Tarija,60101,Tarija,2008,6,Mujeres puerperas con dosis completa de hierro,233
Chuquisaca,10202,Tarvita,2008,6,Mujeres puerperas con dosis completa de hierro,41
La Paz,20608,Teoponte,2008,6,Mujeres puerperas con dosis completa de hierro,3
La Paz,20803,Tiawanacu,2008,6,Mujeres puerperas con dosis completa de hierro,21
Potosí,50102,Tinguipaya,2008,6,Mujeres puerperas con dosis completa de hierro,34
La Paz,20606,Tipuani,2008,6,Mujeres puerperas con dosis completa de hierro,14
Cochabamba,30903,Tiquipaya,2008,6,Mujeres puerperas con dosis completa de hierro,60
Cochabamba,31601,Tiraque (cbba),2008,6,Mujeres puerperas con dosis completa de hierro,69
Cochabamba,30802,Toco,2008,6,Mujeres puerperas con dosis completa de hierro,8
Cochabamba,30803,Tolata,2008,6,Mujeres puerperas con dosis completa de hierro,1
Oruro,41001,Toledo,2008,6,Mujeres puerperas con dosis completa de hierro,6
Potosí,51202,Tomave,2008,6,Mujeres puerperas con dosis completa de hierro,24
Chuquisaca,10402,Tomina,2008,6,Mujeres puerperas con dosis completa de hierro,10
Potosí,50502,Toro Toro,2008,6,Mujeres puerperas con dosis completa de hierro,12
Cochabamba,31201,Totora(cbba),2008,6,Mujeres puerperas con dosis completa de hierro,24
Oruro,41301,Totora(orr),2008,6,Mujeres puerperas con dosis completa de hierro,4
Santa Cruz,70802,Trigal,2008,6,Mujeres puerperas con dosis completa de hierro,2
Beni,80101,Trinidad,2008,6,Mujeres puerperas con dosis completa de hierro,53
Potosí,50801,Tupiza,2008,6,Mujeres puerperas con dosis completa de hierro,44
Oruro,40402,Turco,2008,6,Mujeres puerperas con dosis completa de hierro,4
La Paz,21302,Umala,2008,6,Mujeres puerperas con dosis completa de hierro,7
Potosí,50201,Uncia,2008,6,Mujeres puerperas con dosis completa de hierro,34
Tarija,60401,Uriondo (a. Concepcion),2008,6,Mujeres puerperas con dosis completa de hierro,10
Santa Cruz,71502,Urubicha,2008,6,Mujeres puerperas con dosis completa de hierro,13
Potosí,51201,Uyuni,2008,6,Mujeres puerperas con dosis completa de hierro,15
Cochabamba,30502,Vacas,2008,6,Mujeres puerperas con dosis completa de hierro,17
Santa Cruz,70801,Vallegrande,2008,6,Mujeres puerperas con dosis completa de hierro,32
La Paz,20801,Viacha,2008,6,Mujeres puerperas con dosis completa de hierro,39
Cochabamba,31302,Vila Vila,2008,6,Mujeres puerperas con dosis completa de hierro,6
Tarija,60303,Villa Montes,2008,6,Mujeres puerperas con dosis completa de hierro,76
Pando,90502,Villa Nueva (loma Alta),2008,6,Mujeres puerperas con dosis completa de hierro,4
Cochabamba,31402,Villa Rivero,2008,6,Mujeres puerperas con dosis completa de hierro,6
Chuquisaca,10801,Villa Serrano,2008,6,Mujeres puerperas con dosis completa de hierro,12
Cochabamba,31003,Villa Tunari,2008,6,Mujeres puerperas con dosis completa de hierro,48
Chuquisaca,11001,Villa Vaca Guzman (muyupampa),2008,6,Mujeres puerperas con dosis completa de hierro,11
Potosí,51501,Villazon,2008,6,Mujeres puerperas con dosis completa de hierro,56
Cochabamba,30904,Vinto,2008,6,Mujeres puerperas con dosis completa de hierro,29
Potosí,50602,Vitichi,2008,6,Mujeres puerperas con dosis completa de hierro,1
La Paz,20306,Waldo Ballivian,2008,6,Mujeres puerperas con dosis completa de hierro,3
Santa Cruz,70201,Warnes,2008,6,Mujeres puerperas con dosis completa de hierro,97
La Paz,20903,Yaco,2008,6,Mujeres puerperas con dosis completa de hierro,11
Tarija,60301,Yacuiba,2008,6,Mujeres puerperas con dosis completa de hierro,117
Chuquisaca,10602,Yamparaez,2008,6,Mujeres puerperas con dosis completa de hierro,17
La Paz,21103,Yanacachi,2008,6,Mujeres puerperas con dosis completa de hierro,2
Santa Cruz,70403,Yapacani,2008,6,Mujeres puerperas con dosis completa de hierro,59
Potosí,50103,Yocalla,2008,6,Mujeres puerperas con dosis completa de hierro,18
Chuquisaca,10102,Yotala,2008,6,Mujeres puerperas con dosis completa de hierro,7
Tarija,60402,Yunchara,2008,6,Mujeres puerperas con dosis completa de hierro,4
Chuquisaca,10301,Zudañez,2008,6,Mujeres puerperas con dosis completa de hierro,12
Potosí,51302,Acacio,2008,7,Mujeres puerperas con dosis completa de hierro,15
La Paz,20201,Achacachi,2008,7,Mujeres puerperas con dosis completa de hierro,65
La Paz,20104,Achocalla,2008,7,Mujeres puerperas con dosis completa de hierro,7
Cochabamba,30201,Aiquile,2008,7,Mujeres puerperas con dosis completa de hierro,53
Cochabamba,31303,Alalay,2008,7,Mujeres puerperas con dosis completa de hierro,6
Chuquisaca,10404,Alcala,2008,7,Mujeres puerperas con dosis completa de hierro,3
La Paz,20202,Ancoraimes,2008,7,Mujeres puerperas con dosis completa de hierro,23
Oruro,41201,Andamarca,2008,7,Mujeres puerperas con dosis completa de hierro,4
Oruro,40603,Antequera,2008,7,Mujeres puerperas con dosis completa de hierro,2
Cochabamba,30402,Anzaldo,2008,7,Mujeres puerperas con dosis completa de hierro,5
La Paz,20701,Apolo,2008,7,Mujeres puerperas con dosis completa de hierro,24
Potosí,51301,Arampampa,2008,7,Mujeres puerperas con dosis completa de hierro,9
Cochabamba,30501,Arani,2008,7,Mujeres puerperas con dosis completa de hierro,3
Cochabamba,30403,Arbieto,2008,7,Mujeres puerperas con dosis completa de hierro,6
Cochabamba,30601,Arque,2008,7,Mujeres puerperas con dosis completa de hierro,23
Santa Cruz,71501,Ascencion De Guarayos,2008,7,Mujeres puerperas con dosis completa de hierro,66
Potosí,50802,Atocha,2008,7,Mujeres puerperas con dosis completa de hierro,4
La Paz,20503,Aucapata,2008,7,Mujeres puerperas con dosis completa de hierro,10
La Paz,20502,Ayata,2008,7,Mujeres puerperas con dosis completa de hierro,10
La Paz,21303,Ayo Ayo,2008,7,Mujeres puerperas con dosis completa de hierro,4
Cochabamba,30301,Ayopaya (v. De Independencia),2008,7,Mujeres puerperas con dosis completa de hierro,41
Chuquisaca,10201,Azurduy,2008,7,Mujeres puerperas con dosis completa de hierro,20
La Paz,21203,Batallas,2008,7,Mujeres puerperas con dosis completa de hierro,22
Beni,80802,Baures,2008,7,Mujeres puerperas con dosis completa de hierro,4
Pando,90104,Bella Flor,2008,7,Mujeres puerperas con dosis completa de hierro,1
Tarija,60202,Bermejo,2008,7,Mujeres puerperas con dosis completa de hierro,37
Potosí,50301,Betanzos,2008,7,Mujeres puerperas con dosis completa de hierro,37
Cochabamba,31501,Bolivar,2008,7,Mujeres puerperas con dosis completa de hierro,9
Pando,90103,Bolpebra,2008,7,Mujeres puerperas con dosis completa de hierro,3
Santa Cruz,70707,Boyuibe,2008,7,Mujeres puerperas con dosis completa de hierro,3
Santa Cruz,70401,Buena Vista,2008,7,Mujeres puerperas con dosis completa de hierro,17
Santa Cruz,70703,Cabezas,2008,7,Mujeres puerperas con dosis completa de hierro,17
La Paz,20905,Cairoma,2008,7,Mujeres puerperas con dosis completa de hierro,7
Potosí,51102,"Caiza ""d""",2008,7,Mujeres puerperas con dosis completa de hierro,14
La Paz,21003,Cajuata,2008,7,Mujeres puerperas con dosis completa de hierro,6
La Paz,20303,Calacoto,2008,7,Mujeres puerperas con dosis completa de hierro,6
La Paz,21304,Calamarca,2008,7,Mujeres puerperas con dosis completa de hierro,9
Chuquisaca,10701,Camargo,2008,7,Mujeres puerperas con dosis completa de hierro,22
Chuquisaca,10901,Camataqui (c. Villa Abecia),2008,7,Mujeres puerperas con dosis completa de hierro,1
Santa Cruz,70706,Camiri,2008,7,Mujeres puerperas con dosis completa de hierro,50
Cochabamba,30701,Capinota,2008,7,Mujeres puerperas con dosis completa de hierro,23
La Paz,20302,Caquiaviri,2008,7,Mujeres puerperas con dosis completa de hierro,10
Oruro,40102,Caracollo,2008,7,Mujeres puerperas con dosis completa de hierro,30
La Paz,22001,Caranavi,2008,7,Mujeres puerperas con dosis completa de hierro,131
Tarija,60302,Carapari,2008,7,Mujeres puerperas con dosis completa de hierro,8
Potosí,50702,Caripuyo,2008,7,Mujeres puerperas con dosis completa de hierro,17
Santa Cruz,71403,Carmen Rivero Torrez,2008,7,Mujeres puerperas con dosis completa de hierro,3
Oruro,40201,Challapata,2008,7,Mujeres puerperas con dosis completa de hierro,40
Potosí,50302,Chaqui,2008,7,Mujeres puerperas con dosis completa de hierro,10
Santa Cruz,70702,Charagua,2008,7,Mujeres puerperas con dosis completa de hierro,55
La Paz,20305,Charaña,2008,7,Mujeres puerperas con dosis completa de hierro,3
Potosí,50202,Chayanta,2008,7,Mujeres puerperas con dosis completa de hierro,23
Cochabamba,31204,Chimore,2008,7,Mujeres puerperas con dosis completa de hierro,20
Oruro,40903,Chipaya,2008,7,Mujeres puerperas con dosis completa de hierro,2
La Paz,21101,Chulumani (v. De La Libertad),2008,7,Mujeres puerperas con dosis completa de hierro,28
La Paz,20501,Chuma,2008,7,Mujeres puerperas con dosis completa de hierro,4
Cochabamba,30801,Cliza,2008,7,Mujeres puerperas con dosis completa de hierro,36
Pando,90101,Cobija,2008,7,Mujeres puerperas con dosis completa de hierro,94
Cochabamba,30101,Cochabamba,2008,7,Mujeres puerperas con dosis completa de hierro,403
Cochabamba,30905,Colcapirhua,2008,7,Mujeres puerperas con dosis completa de hierro,41
Potosí,50901,"Colcha ""k""",2008,7,Mujeres puerperas con dosis completa de hierro,4
La Paz,21307,Collana,2008,7,Mujeres puerperas con dosis completa de hierro,4
Cochabamba,31002,Colomi,2008,7,Mujeres puerperas con dosis completa de hierro,23
Santa Cruz,70603,Colpa Belgica,2008,7,Mujeres puerperas con dosis completa de hierro,10
Potosí,50401,Colquechaca,2008,7,Mujeres puerperas con dosis completa de hierro,68
La Paz,21306,Colquencha,2008,7,Mujeres puerperas con dosis completa de hierro,8
La Paz,21004,Colquiri,2008,7,Mujeres puerperas con dosis completa de hierro,33
La Paz,20304,Comanche,2008,7,Mujeres puerperas con dosis completa de hierro,2
Santa Cruz,71301,Comarapa,2008,7,Mujeres puerperas con dosis completa de hierro,42
La Paz,20605,Combaya,2008,7,Mujeres puerperas con dosis completa de hierro,5
Santa Cruz,71101,Concepcion,2008,7,Mujeres puerperas con dosis completa de hierro,3
La Paz,21701,Copacabana,2008,7,Mujeres puerperas con dosis completa de hierro,5
La Paz,21402,Coripata,2008,7,Mujeres puerperas con dosis completa de hierro,19
La Paz,20301,Coro Coro,2008,7,Mujeres puerperas con dosis completa de hierro,5
La Paz,21401,Coroico,2008,7,Mujeres puerperas con dosis completa de hierro,30
Oruro,40301,Corque,2008,7,Mujeres puerperas con dosis completa de hierro,10
Potosí,50601,Cotagaita,2008,7,Mujeres puerperas con dosis completa de hierro,24
Santa Cruz,70102,Cotoca,2008,7,Mujeres puerperas con dosis completa de hierro,48
Santa Cruz,71106,Cuatro Cañadas,2008,7,Mujeres puerperas con dosis completa de hierro,27
Cochabamba,31405,Cuchumuela (v. G. Villarroel),2008,7,Mujeres puerperas con dosis completa de hierro,2
Santa Cruz,70704,Cuevo,2008,7,Mujeres puerperas con dosis completa de hierro,5
Chuquisaca,10902,Culpina,2008,7,Mujeres puerperas con dosis completa de hierro,51
Oruro,40401,Curahuara De Carangas,2008,7,Mujeres puerperas con dosis completa de hierro,12
La Paz,21602,Curva,2008,7,Mujeres puerperas con dosis completa de hierro,5
La Paz,20804,Desaguadero,2008,7,Mujeres puerperas con dosis completa de hierro,8
La Paz,20105,El Alto,2008,7,Mujeres puerperas con dosis completa de hierro,1131
Oruro,40103,El Choro,2008,7,Mujeres puerperas con dosis completa de hierro,4
Santa Cruz,71503,El Puente(stc),2008,7,Mujeres puerperas con dosis completa de hierro,13
Tarija,60502,El Puente(tja),2008,7,Mujeres puerperas con dosis completa de hierro,8
Santa Cruz,70105,El Torno,2008,7,Mujeres puerperas con dosis completa de hierro,12
Chuquisaca,10405,El Villar,2008,7,Mujeres puerperas con dosis completa de hierro,6
Tarija,60601,Entre Rios,2008,7,Mujeres puerperas con dosis completa de hierro,28
Tarija,60601,Entre Rios,2008,7,Mujeres puerperas con dosis completa de hierro,32
Oruro,41101,Eucaliptus,2008,7,Mujeres puerperas con dosis completa de hierro,9
Beni,80402,Exaltacion,2008,7,Mujeres puerperas con dosis completa de hierro,2
Santa Cruz,71004,Fernandez Alonso,2008,7,Mujeres puerperas con dosis completa de hierro,9
Santa Cruz,71002,General Saavedra,2008,7,Mujeres puerperas con dosis completa de hierro,12
La Paz,21601,Gral. J.j. Perez (charazani),2008,7,Mujeres puerperas con dosis completa de hierro,9
La Paz,20602,Guanay,2008,7,Mujeres puerperas con dosis completa de hierro,2
La Paz,20802,Guaqui,2008,7,Mujeres puerperas con dosis completa de hierro,7
Beni,80202,Guayaramerin,2008,7,Mujeres puerperas con dosis completa de hierro,76
Santa Cruz,70705,Gutierrez,2008,7,Mujeres puerperas con dosis completa de hierro,6
Chuquisaca,10502,Huacareta,2008,7,Mujeres puerperas con dosis completa de hierro,15
Chuquisaca,11002,Huacaya (villa De Huacaya),2008,7,Mujeres puerperas con dosis completa de hierro,3
Oruro,40701,Huanuni,2008,7,Mujeres puerperas con dosis completa de hierro,18
Beni,80803,Huaracaje,2008,7,Mujeres puerperas con dosis completa de hierro,2
Oruro,41601,Huayllamarca,2008,7,Mujeres puerperas con dosis completa de hierro,5
La Paz,21005,Ichoca,2008,7,Mujeres puerperas con dosis completa de hierro,3
Chuquisaca,10304,Icla,2008,7,Mujeres puerperas con dosis completa de hierro,19
Chuquisaca,10703,Incahuasi,2008,7,Mujeres puerperas con dosis completa de hierro,51
La Paz,21001,Inquisivi,2008,7,Mujeres puerperas con dosis completa de hierro,7
La Paz,21102,Irupana (villa De Lanza),2008,7,Mujeres puerperas con dosis completa de hierro,6
La Paz,21501,Ixiamas,2008,7,Mujeres puerperas con dosis completa de hierro,8
La Paz,20806,Jesus De Machaca,2008,7,Mujeres puerperas con dosis completa de hierro,9
La Paz,21105,La Asunta,2008,7,Mujeres puerperas con dosis completa de hierro,29
Santa Cruz,70104,La Guardia,2008,7,Mujeres puerperas con dosis completa de hierro,41
La Paz,20101,La Paz,2008,7,Mujeres puerperas con dosis completa de hierro,737
Santa Cruz,70701,Lagunillas,2008,7,Mujeres puerperas con dosis completa de hierro,4
La Paz,21202,Laja,2008,7,Mujeres puerperas con dosis completa de hierro,17
Chuquisaca,10903,Las Carreras,2008,7,Mujeres puerperas con dosis completa de hierro,5
La Paz,21006,Licoma Pampa,2008,7,Mujeres puerperas con dosis completa de hierro,2
Potosí,50203,Llallagua,2008,7,Mujeres puerperas con dosis completa de hierro,50
Potosí,51401,Llica,2008,7,Mujeres puerperas con dosis completa de hierro,2
Beni,80601,Loreto,2008,7,Mujeres puerperas con dosis completa de hierro,9
La Paz,20901,Luribay,2008,7,Mujeres puerperas con dosis completa de hierro,15
Oruro,40702,Machacamarca,2008,7,Mujeres puerperas con dosis completa de hierro,4
Chuquisaca,11003,Machareti,2008,7,Mujeres puerperas con dosis completa de hierro,9
Beni,80801,Magdalena,2008,7,Mujeres puerperas con dosis completa de hierro,15
Santa Cruz,70903,Mairana,2008,7,Mujeres puerperas con dosis completa de hierro,19
La Paz,20904,Malla,2008,7,Mujeres puerperas con dosis completa de hierro,5
La Paz,20607,Mapiri,2008,7,Mujeres puerperas con dosis completa de hierro,18
La Paz,20103,Mecapaca,2008,7,Mujeres puerperas con dosis completa de hierro,22
Santa Cruz,71003,Mineros,2008,7,Mujeres puerperas con dosis completa de hierro,11
Cochabamba,31301,Mizque,2008,7,Mujeres puerperas con dosis completa de hierro,53
La Paz,20402,Mocomoco,2008,7,Mujeres puerperas con dosis completa de hierro,28
Potosí,51002,Mojinete,2008,7,Mujeres puerperas con dosis completa de hierro,1
Chuquisaca,10303,Mojocoya,2008,7,Mujeres puerperas con dosis completa de hierro,11
Chuquisaca,10501,Monteagudo,2008,7,Mujeres puerperas con dosis completa de hierro,45
Santa Cruz,71001,Montero,2008,7,Mujeres puerperas con dosis completa de hierro,80
Cochabamba,30302,Morochata,2008,7,Mujeres puerperas con dosis completa de hierro,38
Pando,90401,Nacebe (santa Rosa Del Abuna),2008,7,Mujeres puerperas con dosis completa de hierro,1
Pando,90501,Nuevo Manoa (nueva Esperanza),2008,7,Mujeres puerperas con dosis completa de hierro,3
Potosí,50404,Ocuri,2008,7,Mujeres puerperas con dosis completa de hierro,23
Santa Cruz,70202,Okinawa,2008,7,Mujeres puerperas con dosis completa de hierro,12
Cochabamba,30203,Omereque,2008,7,Mujeres puerperas con dosis completa de hierro,7
Oruro,40101,Oruro,2008,7,Mujeres puerperas con dosis completa de hierro,144
Tarija,60201,Padcaya,2008,7,Mujeres puerperas con dosis completa de hierro,18
Chuquisaca,10401,Padilla,2008,7,Mujeres puerperas con dosis completa de hierro,31
Santa Cruz,70502,Pailon,2008,7,Mujeres puerperas con dosis completa de hierro,24
La Paz,20102,Palca,2008,7,Mujeres puerperas con dosis completa de hierro,12
La Paz,21104,Palos Blancos,2008,7,Mujeres puerperas con dosis completa de hierro,44
Oruro,40802,Pampa Aullagas,2008,7,Mujeres puerperas con dosis completa de hierro,3
Santa Cruz,70902,Pampa Grande,2008,7,Mujeres puerperas con dosis completa de hierro,3
La Paz,21802,Papel Pampa,2008,7,Mujeres puerperas con dosis completa de hierro,4
Cochabamba,30202,Pasorapa,2008,7,Mujeres puerperas con dosis completa de hierro,2
La Paz,21305,Patacamaya,2008,7,Mujeres puerperas con dosis completa de hierro,9
Oruro,40602,Pazña,2008,7,Mujeres puerperas con dosis completa de hierro,7
La Paz,20702,Pelechuco,2008,7,Mujeres puerperas con dosis completa de hierro,9
Potosí,50403,Pocoata,2008,7,Mujeres puerperas con dosis completa de hierro,32
Cochabamba,31203,Pocona,2008,7,Mujeres puerperas con dosis completa de hierro,13
Cochabamba,31202,Pojo (cbba),2008,7,Mujeres puerperas con dosis completa de hierro,21
Oruro,40601,Poopo,2008,7,Mujeres puerperas con dosis completa de hierro,3
Potosí,51203,Porco,2008,7,Mujeres puerperas con dosis completa de hierro,13
Chuquisaca,10103,Poroma,2008,7,Mujeres puerperas con dosis completa de hierro,40
Santa Cruz,70103,Porongo,2008,7,Mujeres puerperas con dosis completa de hierro,16
Santa Cruz,70601,Portachuelo,2008,7,Mujeres puerperas con dosis completa de hierro,23
Pando,90102,Porvenir,2008,7,Mujeres puerperas con dosis completa de hierro,7
Santa Cruz,70804,Postrer Valle,2008,7,Mujeres puerperas con dosis completa de hierro,3
Potosí,50101,Potosi,2008,7,Mujeres puerperas con dosis completa de hierro,277
Chuquisaca,10302,Presto,2008,7,Mujeres puerperas con dosis completa de hierro,12
La Paz,21201,Pucarani,2008,7,Mujeres puerperas con dosis completa de hierro,36
La Paz,20401,Puerto Acosta,2008,7,Mujeres puerperas con dosis completa de hierro,28
La Paz,20403,Puerto Carabuco,2008,7,Mujeres puerperas con dosis completa de hierro,14
Pando,90301,Puerto Gonzalo Moreno,2008,7,Mujeres puerperas con dosis completa de hierro,6
La Paz,21204,Puerto Perez,2008,7,Mujeres puerperas con dosis completa de hierro,9
Santa Cruz,71402,Puerto Quijarro,2008,7,Mujeres puerperas con dosis completa de hierro,8
Pando,90201,Puerto Rico,2008,7,Mujeres puerperas con dosis completa de hierro,2
Beni,80703,Puerto Siles,2008,7,Mujeres puerperas con dosis completa de hierro,1
Santa Cruz,71401,Puerto Suarez,2008,7,Mujeres puerperas con dosis completa de hierro,28
Cochabamba,31205,Puerto Villarroel,2008,7,Mujeres puerperas con dosis completa de hierro,53
Potosí,51101,Puna,2008,7,Mujeres puerperas con dosis completa de hierro,47
Cochabamba,31401,Punata,2008,7,Mujeres puerperas con dosis completa de hierro,16
La Paz,20604,Quiabaya,2008,7,Mujeres puerperas con dosis completa de hierro,2
Cochabamba,30901,Quillacollo,2008,7,Mujeres puerperas con dosis completa de hierro,101
La Paz,21002,Quime,2008,7,Mujeres puerperas con dosis completa de hierro,9
Potosí,50402,Ravelo,2008,7,Mujeres puerperas con dosis completa de hierro,26
Beni,80301,Reyes,2008,7,Mujeres puerperas con dosis completa de hierro,15
Beni,80201,Riberalta,2008,7,Mujeres puerperas con dosis completa de hierro,390
Santa Cruz,70503,Robore,2008,7,Mujeres puerperas con dosis completa de hierro,23
Beni,80304,Rurrenabaque,2008,7,Mujeres puerperas con dosis completa de hierro,14
Oruro,40901,Sabaya,2008,7,Mujeres puerperas con dosis completa de hierro,1
Cochabamba,31001,Sacaba,2008,7,Mujeres puerperas con dosis completa de hierro,167
Cochabamba,30404,Sacabamba,2008,7,Mujeres puerperas con dosis completa de hierro,6
Potosí,50701,Sacaca,2008,7,Mujeres puerperas con dosis completa de hierro,42
Santa Cruz,71302,Saipina,2008,7,Mujeres puerperas con dosis completa de hierro,7
Oruro,40801,Salinas De Garci Mendoza,2008,7,Mujeres puerperas con dosis completa de hierro,14
Santa Cruz,70901,Samaipata,2008,7,Mujeres puerperas con dosis completa de hierro,7
Beni,80602,San Andres,2008,7,Mujeres puerperas con dosis completa de hierro,12
La Paz,20805,San Andres De Machaca,2008,7,Mujeres puerperas con dosis completa de hierro,4
Potosí,51003,San Antonio De Esmoruco,2008,7,Mujeres puerperas con dosis completa de hierro,2
Santa Cruz,71105,San Antonio De Lomerio,2008,7,Mujeres puerperas con dosis completa de hierro,6
Cochabamba,31403,San Benito,2008,7,Mujeres puerperas con dosis completa de hierro,14
Beni,80302,San Borja,2008,7,Mujeres puerperas con dosis completa de hierro,74
La Paz,21502,San Buena Ventura,2008,7,Mujeres puerperas con dosis completa de hierro,20
Santa Cruz,70402,San Carlos,2008,7,Mujeres puerperas con dosis completa de hierro,46
Beni,80501,San Ignacio,2008,7,Mujeres puerperas con dosis completa de hierro,53
Santa Cruz,70301,San Ignacio De Velasco,2008,7,Mujeres puerperas con dosis completa de hierro,128
Beni,80102,San Javier(bni),2008,7,Mujeres puerperas con dosis completa de hierro,4
Santa Cruz,71102,San Javier(stc),2008,7,Mujeres puerperas con dosis completa de hierro,22
Beni,80701,San Joaquin,2008,7,Mujeres puerperas con dosis completa de hierro,1
Santa Cruz,70501,San Jose De Chiquitos,2008,7,Mujeres puerperas con dosis completa de hierro,25
Santa Cruz,70404,San Juan De Yapacani,2008,7,Mujeres puerperas con dosis completa de hierro,13
Santa Cruz,71104,San Julian,2008,7,Mujeres puerperas con dosis completa de hierro,31
Pando,90302,San Lorenzo(pnd),2008,7,Mujeres puerperas con dosis completa de hierro,9
Tarija,60501,San Lorenzo(tja),2008,7,Mujeres puerperas con dosis completa de hierro,6
Chuquisaca,10702,San Lucas,2008,7,Mujeres puerperas con dosis completa de hierro,90
Santa Cruz,71201,San Matias,2008,7,Mujeres puerperas con dosis completa de hierro,10
Santa Cruz,70302,San Miguel De Velasco,2008,7,Mujeres puerperas con dosis completa de hierro,16
Potosí,51001,San Pablo De Lipez,2008,7,Mujeres puerperas con dosis completa de hierro,4
Santa Cruz,71005,San Pedro,2008,7,Mujeres puerperas con dosis completa de hierro,10
Potosí,50501,San Pedro De Buena Vista,2008,7,Mujeres puerperas con dosis completa de hierro,39
La Paz,21801,San Pedro De Curahuara,2008,7,Mujeres puerperas con dosis completa de hierro,4
Potosí,50902,San Pedro De Quemes,2008,7,Mujeres puerperas con dosis completa de hierro,2
La Paz,21702,San Pedro De Tiquina,2008,7,Mujeres puerperas con dosis completa de hierro,3
Pando,90202,San Pedro(pnd),2008,7,Mujeres puerperas con dosis completa de hierro,5
Santa Cruz,70303,San Rafael,2008,7,Mujeres puerperas con dosis completa de hierro,8
Beni,80702,San Ramon,2008,7,Mujeres puerperas con dosis completa de hierro,21
Beni,80702,San Ramon,2008,7,Mujeres puerperas con dosis completa de hierro,5
Beni,80401,Santa Ana,2008,7,Mujeres puerperas con dosis completa de hierro,15
Santa Cruz,70101,Santa Cruz De La Sierra,2008,7,Mujeres puerperas con dosis completa de hierro,271
Beni,80303,Santa Rosa,2008,7,Mujeres puerperas con dosis completa de hierro,14
Santa Cruz,70602,Santa Rosa Del Sara,2008,7,Mujeres puerperas con dosis completa de hierro,29
La Paz,20308,Santiago De Callapa,2008,7,Mujeres puerperas con dosis completa de hierro,5
Oruro,41401,Santiago De Huari,2008,7,Mujeres puerperas con dosis completa de hierro,9
La Paz,21901,Santiago De Machaca,2008,7,Mujeres puerperas con dosis completa de hierro,6
Cochabamba,30702,Santivañes,2008,7,Mujeres puerperas con dosis completa de hierro,2
Oruro,40202,Santuario De Quillacas,2008,7,Mujeres puerperas con dosis completa de hierro,1
La Paz,20902,Sapahaqui,2008,7,Mujeres puerperas con dosis completa de hierro,7
Pando,90303,Sena,2008,7,Mujeres puerperas con dosis completa de hierro,7
La Paz,21301,Sica Sica (villa Aroma),2008,7,Mujeres puerperas con dosis completa de hierro,27
Cochabamba,30703,Sicaya,2008,7,Mujeres puerperas con dosis completa de hierro,6
Cochabamba,30902,Sipe Sipe,2008,7,Mujeres puerperas con dosis completa de hierro,26
Chuquisaca,10403,Sopachuy,2008,7,Mujeres puerperas con dosis completa de hierro,17
Oruro,40104,Soracachi,2008,7,Mujeres puerperas con dosis completa de hierro,10
La Paz,20601,Sorata,2008,7,Mujeres puerperas con dosis completa de hierro,21
Chuquisaca,10101,Sucre,2008,7,Mujeres puerperas con dosis completa de hierro,467
La Paz,20603,Tacacoma,2008,7,Mujeres puerperas con dosis completa de hierro,5
Potosí,50303,Tacobamba,2008,7,Mujeres puerperas con dosis completa de hierro,12
Cochabamba,30602,Tacopaya,2008,7,Mujeres puerperas con dosis completa de hierro,10
Cochabamba,31101,Tapacari,2008,7,Mujeres puerperas con dosis completa de hierro,50
Chuquisaca,10601,Tarabuco,2008,7,Mujeres puerperas con dosis completa de hierro,42
La Paz,20807,Taraco,2008,7,Mujeres puerperas con dosis completa de hierro,4
Cochabamba,30401,Tarata,2008,7,Mujeres puerperas con dosis completa de hierro,7
Tarija,60101,Tarija,2008,7,Mujeres puerperas con dosis completa de hierro,248
Chuquisaca,10202,Tarvita,2008,7,Mujeres puerperas con dosis completa de hierro,35
La Paz,20608,Teoponte,2008,7,Mujeres puerperas con dosis completa de hierro,14
La Paz,20803,Tiawanacu,2008,7,Mujeres puerperas con dosis completa de hierro,16
Potosí,50102,Tinguipaya,2008,7,Mujeres puerperas con dosis completa de hierro,38
La Paz,20606,Tipuani,2008,7,Mujeres puerperas con dosis completa de hierro,16
Cochabamba,30903,Tiquipaya,2008,7,Mujeres puerperas con dosis completa de hierro,68
Cochabamba,31601,Tiraque (cbba),2008,7,Mujeres puerperas con dosis completa de hierro,57
La Paz,21703,Tito Yupanqui (parquipujio),2008,7,Mujeres puerperas con dosis completa de hierro,1
Cochabamba,30802,Toco,2008,7,Mujeres puerperas con dosis completa de hierro,8
Cochabamba,30803,Tolata,2008,7,Mujeres puerperas con dosis completa de hierro,4
Oruro,41001,Toledo,2008,7,Mujeres puerperas con dosis completa de hierro,11
Potosí,51202,Tomave,2008,7,Mujeres puerperas con dosis completa de hierro,19
Chuquisaca,10402,Tomina,2008,7,Mujeres puerperas con dosis completa de hierro,11
Potosí,50502,Toro Toro,2008,7,Mujeres puerperas con dosis completa de hierro,15
Cochabamba,31201,Totora(cbba),2008,7,Mujeres puerperas con dosis completa de hierro,15
Oruro,41301,Totora(orr),2008,7,Mujeres puerperas con dosis completa de hierro,6
Santa Cruz,70802,Trigal,2008,7,Mujeres puerperas con dosis completa de hierro,3
Beni,80101,Trinidad,2008,7,Mujeres puerperas con dosis completa de hierro,67
Potosí,50801,Tupiza,2008,7,Mujeres puerperas con dosis completa de hierro,63
Oruro,40402,Turco,2008,7,Mujeres puerperas con dosis completa de hierro,10
La Paz,21302,Umala,2008,7,Mujeres puerperas con dosis completa de hierro,9
Potosí,50201,Uncia,2008,7,Mujeres puerperas con dosis completa de hierro,15
Tarija,60401,Uriondo (a. Concepcion),2008,7,Mujeres puerperas con dosis completa de hierro,11
Santa Cruz,71502,Urubicha,2008,7,Mujeres puerperas con dosis completa de hierro,11
Potosí,51201,Uyuni,2008,7,Mujeres puerperas con dosis completa de hierro,8
Cochabamba,30502,Vacas,2008,7,Mujeres puerperas con dosis completa de hierro,13
Santa Cruz,70801,Vallegrande,2008,7,Mujeres puerperas con dosis completa de hierro,25
La Paz,20801,Viacha,2008,7,Mujeres puerperas con dosis completa de hierro,56
Cochabamba,31302,Vila Vila,2008,7,Mujeres puerperas con dosis completa de hierro,9
Tarija,60303,Villa Montes,2008,7,Mujeres puerperas con dosis completa de hierro,71
Pando,90502,Villa Nueva (loma Alta),2008,7,Mujeres puerperas con dosis completa de hierro,3
Cochabamba,31402,Villa Rivero,2008,7,Mujeres puerperas con dosis completa de hierro,3
Chuquisaca,10801,Villa Serrano,2008,7,Mujeres puerperas con dosis completa de hierro,8
Cochabamba,31003,Villa Tunari,2008,7,Mujeres puerperas con dosis completa de hierro,134
Chuquisaca,11001,Villa Vaca Guzman (muyupampa),2008,7,Mujeres puerperas con dosis completa de hierro,8
Potosí,51501,Villazon,2008,7,Mujeres puerperas con dosis completa de hierro,46
Cochabamba,30904,Vinto,2008,7,Mujeres puerperas con dosis completa de hierro,26
Potosí,50602,Vitichi,2008,7,Mujeres puerperas con dosis completa de hierro,7
La Paz,20306,Waldo Ballivian,2008,7,Mujeres puerperas con dosis completa de hierro,4
Santa Cruz,70201,Warnes,2008,7,Mujeres puerperas con dosis completa de hierro,111
La Paz,20903,Yaco,2008,7,Mujeres puerperas con dosis completa de hierro,11
Tarija,60301,Yacuiba,2008,7,Mujeres puerperas con dosis completa de hierro,112
Chuquisaca,10602,Yamparaez,2008,7,Mujeres puerperas con dosis completa de hierro,7
La Paz,21103,Yanacachi,2008,7,Mujeres puerperas con dosis completa de hierro,2
Santa Cruz,70403,Yapacani,2008,7,Mujeres puerperas con dosis completa de hierro,63
Potosí,50103,Yocalla,2008,7,Mujeres puerperas con dosis completa de hierro,6
Chuquisaca,10102,Yotala,2008,7,Mujeres puerperas con dosis completa de hierro,19
Tarija,60402,Yunchara,2008,7,Mujeres puerperas con dosis completa de hierro,10
Chuquisaca,10301,Zudañez,2008,7,Mujeres puerperas con dosis completa de hierro,12
Potosí,51302,Acacio,2008,8,Mujeres puerperas con dosis completa de hierro,13
La Paz,20201,Achacachi,2008,8,Mujeres puerperas con dosis completa de hierro,72
La Paz,20104,Achocalla,2008,8,Mujeres puerperas con dosis completa de hierro,9
Cochabamba,30201,Aiquile,2008,8,Mujeres puerperas con dosis completa de hierro,71
Cochabamba,31303,Alalay,2008,8,Mujeres puerperas con dosis completa de hierro,6
Chuquisaca,10404,Alcala,2008,8,Mujeres puerperas con dosis completa de hierro,8
La Paz,20202,Ancoraimes,2008,8,Mujeres puerperas con dosis completa de hierro,35
Oruro,41201,Andamarca,2008,8,Mujeres puerperas con dosis completa de hierro,4
Oruro,40603,Antequera,2008,8,Mujeres puerperas con dosis completa de hierro,5
Cochabamba,30402,Anzaldo,2008,8,Mujeres puerperas con dosis completa de hierro,15
La Paz,20701,Apolo,2008,8,Mujeres puerperas con dosis completa de hierro,26
Potosí,51301,Arampampa,2008,8,Mujeres puerperas con dosis completa de hierro,6
Cochabamba,30501,Arani,2008,8,Mujeres puerperas con dosis completa de hierro,19
Cochabamba,30403,Arbieto,2008,8,Mujeres puerperas con dosis completa de hierro,13
Cochabamba,30601,Arque,2008,8,Mujeres puerperas con dosis completa de hierro,28
Santa Cruz,71501,Ascencion De Guarayos,2008,8,Mujeres puerperas con dosis completa de hierro,59
Potosí,50802,Atocha,2008,8,Mujeres puerperas con dosis completa de hierro,8
La Paz,20503,Aucapata,2008,8,Mujeres puerperas con dosis completa de hierro,2
La Paz,20502,Ayata,2008,8,Mujeres puerperas con dosis completa de hierro,10
La Paz,21303,Ayo Ayo,2008,8,Mujeres puerperas con dosis completa de hierro,13
Cochabamba,30301,Ayopaya (v. De Independencia),2008,8,Mujeres puerperas con dosis completa de hierro,50
Chuquisaca,10201,Azurduy,2008,8,Mujeres puerperas con dosis completa de hierro,29
La Paz,21203,Batallas,2008,8,Mujeres puerperas con dosis completa de hierro,19
Beni,80802,Baures,2008,8,Mujeres puerperas con dosis completa de hierro,5
Oruro,41202,Belen De Andamarca,2008,8,Mujeres puerperas con dosis completa de hierro,3
Potosí,50104,Belen De Urmiri,2008,8,Mujeres puerperas con dosis completa de hierro,2
Pando,90104,Bella Flor,2008,8,Mujeres puerperas con dosis completa de hierro,5
Tarija,60202,Bermejo,2008,8,Mujeres puerperas con dosis completa de hierro,64
Potosí,50301,Betanzos,2008,8,Mujeres puerperas con dosis completa de hierro,39
Cochabamba,31501,Bolivar,2008,8,Mujeres puerperas con dosis completa de hierro,15
Santa Cruz,70707,Boyuibe,2008,8,Mujeres puerperas con dosis completa de hierro,1
Santa Cruz,70401,Buena Vista,2008,8,Mujeres puerperas con dosis completa de hierro,12
Santa Cruz,70703,Cabezas,2008,8,Mujeres puerperas con dosis completa de hierro,21
La Paz,20905,Cairoma,2008,8,Mujeres puerperas con dosis completa de hierro,16
Potosí,51102,"Caiza ""d""",2008,8,Mujeres puerperas con dosis completa de hierro,12
La Paz,21003,Cajuata,2008,8,Mujeres puerperas con dosis completa de hierro,10
La Paz,20303,Calacoto,2008,8,Mujeres puerperas con dosis completa de hierro,4
La Paz,21304,Calamarca,2008,8,Mujeres puerperas con dosis completa de hierro,3
Chuquisaca,10701,Camargo,2008,8,Mujeres puerperas con dosis completa de hierro,19
Chuquisaca,10901,Camataqui (c. Villa Abecia),2008,8,Mujeres puerperas con dosis completa de hierro,6
Santa Cruz,70706,Camiri,2008,8,Mujeres puerperas con dosis completa de hierro,32
Cochabamba,30701,Capinota,2008,8,Mujeres puerperas con dosis completa de hierro,33
La Paz,20302,Caquiaviri,2008,8,Mujeres puerperas con dosis completa de hierro,5
Oruro,40102,Caracollo,2008,8,Mujeres puerperas con dosis completa de hierro,43
La Paz,22001,Caranavi,2008,8,Mujeres puerperas con dosis completa de hierro,114
Tarija,60302,Carapari,2008,8,Mujeres puerperas con dosis completa de hierro,12
Potosí,50702,Caripuyo,2008,8,Mujeres puerperas con dosis completa de hierro,17
Santa Cruz,71403,Carmen Rivero Torrez,2008,8,Mujeres puerperas con dosis completa de hierro,14
La Paz,21902,Catacora,2008,8,Mujeres puerperas con dosis completa de hierro,2
La Paz,21803,Chacarilla,2008,8,Mujeres puerperas con dosis completa de hierro,1
Oruro,40201,Challapata,2008,8,Mujeres puerperas con dosis completa de hierro,46
Potosí,50302,Chaqui,2008,8,Mujeres puerperas con dosis completa de hierro,9
Santa Cruz,70702,Charagua,2008,8,Mujeres puerperas con dosis completa de hierro,64
La Paz,20305,Charaña,2008,8,Mujeres puerperas con dosis completa de hierro,3
Potosí,50202,Chayanta,2008,8,Mujeres puerperas con dosis completa de hierro,33
Cochabamba,31204,Chimore,2008,8,Mujeres puerperas con dosis completa de hierro,15
Oruro,40903,Chipaya,2008,8,Mujeres puerperas con dosis completa de hierro,5
La Paz,21101,Chulumani (v. De La Libertad),2008,8,Mujeres puerperas con dosis completa de hierro,22
La Paz,20501,Chuma,2008,8,Mujeres puerperas con dosis completa de hierro,12
Cochabamba,30801,Cliza,2008,8,Mujeres puerperas con dosis completa de hierro,18
Pando,90101,Cobija,2008,8,Mujeres puerperas con dosis completa de hierro,106
Cochabamba,30101,Cochabamba,2008,8,Mujeres puerperas con dosis completa de hierro,350
Oruro,40902,Coipasa,2008,8,Mujeres puerperas con dosis completa de hierro,1
Cochabamba,30905,Colcapirhua,2008,8,Mujeres puerperas con dosis completa de hierro,41
Potosí,50901,"Colcha ""k""",2008,8,Mujeres puerperas con dosis completa de hierro,11
Cochabamba,31002,Colomi,2008,8,Mujeres puerperas con dosis completa de hierro,31
Santa Cruz,70603,Colpa Belgica,2008,8,Mujeres puerperas con dosis completa de hierro,7
Potosí,50401,Colquechaca,2008,8,Mujeres puerperas con dosis completa de hierro,49
La Paz,21306,Colquencha,2008,8,Mujeres puerperas con dosis completa de hierro,16
La Paz,21004,Colquiri,2008,8,Mujeres puerperas con dosis completa de hierro,36
La Paz,20304,Comanche,2008,8,Mujeres puerperas con dosis completa de hierro,4
Santa Cruz,71301,Comarapa,2008,8,Mujeres puerperas con dosis completa de hierro,51
La Paz,20605,Combaya,2008,8,Mujeres puerperas con dosis completa de hierro,2
Santa Cruz,71101,Concepcion,2008,8,Mujeres puerperas con dosis completa de hierro,3
La Paz,21701,Copacabana,2008,8,Mujeres puerperas con dosis completa de hierro,11
La Paz,21402,Coripata,2008,8,Mujeres puerperas con dosis completa de hierro,18
La Paz,20301,Coro Coro,2008,8,Mujeres puerperas con dosis completa de hierro,10
La Paz,21401,Coroico,2008,8,Mujeres puerperas con dosis completa de hierro,23
Oruro,40301,Corque,2008,8,Mujeres puerperas con dosis completa de hierro,9
Potosí,50601,Cotagaita,2008,8,Mujeres puerperas con dosis completa de hierro,32
Santa Cruz,70102,Cotoca,2008,8,Mujeres puerperas con dosis completa de hierro,48
Santa Cruz,71106,Cuatro Cañadas,2008,8,Mujeres puerperas con dosis completa de hierro,22
Cochabamba,31405,Cuchumuela (v. G. Villarroel),2008,8,Mujeres puerperas con dosis completa de hierro,5
Santa Cruz,70704,Cuevo,2008,8,Mujeres puerperas con dosis completa de hierro,5
Chuquisaca,10902,Culpina,2008,8,Mujeres puerperas con dosis completa de hierro,30
Oruro,40401,Curahuara De Carangas,2008,8,Mujeres puerperas con dosis completa de hierro,6
La Paz,21602,Curva,2008,8,Mujeres puerperas con dosis completa de hierro,2
La Paz,20804,Desaguadero,2008,8,Mujeres puerperas con dosis completa de hierro,10
La Paz,20105,El Alto,2008,8,Mujeres puerperas con dosis completa de hierro,1152
Oruro,40103,El Choro,2008,8,Mujeres puerperas con dosis completa de hierro,6
Santa Cruz,71503,El Puente(stc),2008,8,Mujeres puerperas con dosis completa de hierro,11
Tarija,60502,El Puente(tja),2008,8,Mujeres puerperas con dosis completa de hierro,13
Santa Cruz,70105,El Torno,2008,8,Mujeres puerperas con dosis completa de hierro,12
Chuquisaca,10405,El Villar,2008,8,Mujeres puerperas con dosis completa de hierro,3
Tarija,60601,Entre Rios,2008,8,Mujeres puerperas con dosis completa de hierro,34
Tarija,60601,Entre Rios,2008,8,Mujeres puerperas con dosis completa de hierro,36
Oruro,40502,Escara,2008,8,Mujeres puerperas con dosis completa de hierro,1
Oruro,41101,Eucaliptus,2008,8,Mujeres puerperas con dosis completa de hierro,8
Pando,90503,Eureka (santos Mercado),2008,8,Mujeres puerperas con dosis completa de hierro,2
Beni,80402,Exaltacion,2008,8,Mujeres puerperas con dosis completa de hierro,3
Santa Cruz,71004,Fernandez Alonso,2008,8,Mujeres puerperas con dosis completa de hierro,23
Pando,90203,Filadelfia,2008,8,Mujeres puerperas con dosis completa de hierro,9
Santa Cruz,71002,General Saavedra,2008,8,Mujeres puerperas con dosis completa de hierro,12
La Paz,21601,Gral. J.j. Perez (charazani),2008,8,Mujeres puerperas con dosis completa de hierro,23
La Paz,20602,Guanay,2008,8,Mujeres puerperas con dosis completa de hierro,3
La Paz,20802,Guaqui,2008,8,Mujeres puerperas con dosis completa de hierro,17
Beni,80202,Guayaramerin,2008,8,Mujeres puerperas con dosis completa de hierro,59
Santa Cruz,70705,Gutierrez,2008,8,Mujeres puerperas con dosis completa de hierro,15
Chuquisaca,10502,Huacareta,2008,8,Mujeres puerperas con dosis completa de hierro,17
Chuquisaca,11002,Huacaya (villa De Huacaya),2008,8,Mujeres puerperas con dosis completa de hierro,3
Oruro,40701,Huanuni,2008,8,Mujeres puerperas con dosis completa de hierro,22
Beni,80803,Huaracaje,2008,8,Mujeres puerperas con dosis completa de hierro,7
Oruro,41601,Huayllamarca,2008,8,Mujeres puerperas con dosis completa de hierro,9
La Paz,21005,Ichoca,2008,8,Mujeres puerperas con dosis completa de hierro,3
Chuquisaca,10304,Icla,2008,8,Mujeres puerperas con dosis completa de hierro,20
Chuquisaca,10703,Incahuasi,2008,8,Mujeres puerperas con dosis completa de hierro,61
La Paz,21001,Inquisivi,2008,8,Mujeres puerperas con dosis completa de hierro,14
La Paz,21102,Irupana (villa De Lanza),2008,8,Mujeres puerperas con dosis completa de hierro,16
La Paz,21501,Ixiamas,2008,8,Mujeres puerperas con dosis completa de hierro,14
La Paz,20806,Jesus De Machaca,2008,8,Mujeres puerperas con dosis completa de hierro,15
La Paz,21105,La Asunta,2008,8,Mujeres puerperas con dosis completa de hierro,20
Santa Cruz,70104,La Guardia,2008,8,Mujeres puerperas con dosis completa de hierro,31
La Paz,20101,La Paz,2008,8,Mujeres puerperas con dosis completa de hierro,900
Santa Cruz,70701,Lagunillas,2008,8,Mujeres puerperas con dosis completa de hierro,6
La Paz,21202,Laja,2008,8,Mujeres puerperas con dosis completa de hierro,14
Chuquisaca,10903,Las Carreras,2008,8,Mujeres puerperas con dosis completa de hierro,5
La Paz,21006,Licoma Pampa,2008,8,Mujeres puerperas con dosis completa de hierro,3
Potosí,50203,Llallagua,2008,8,Mujeres puerperas con dosis completa de hierro,52
Potosí,51401,Llica,2008,8,Mujeres puerperas con dosis completa de hierro,6
Beni,80601,Loreto,2008,8,Mujeres puerperas con dosis completa de hierro,11
La Paz,20901,Luribay,2008,8,Mujeres puerperas con dosis completa de hierro,5
Oruro,40702,Machacamarca,2008,8,Mujeres puerperas con dosis completa de hierro,2
Chuquisaca,11003,Machareti,2008,8,Mujeres puerperas con dosis completa de hierro,11
Beni,80801,Magdalena,2008,8,Mujeres puerperas con dosis completa de hierro,8
Santa Cruz,70903,Mairana,2008,8,Mujeres puerperas con dosis completa de hierro,24
La Paz,20904,Malla,2008,8,Mujeres puerperas con dosis completa de hierro,7
La Paz,20607,Mapiri,2008,8,Mujeres puerperas con dosis completa de hierro,22
La Paz,20103,Mecapaca,2008,8,Mujeres puerperas con dosis completa de hierro,6
Santa Cruz,71003,Mineros,2008,8,Mujeres puerperas con dosis completa de hierro,11
Cochabamba,31301,Mizque,2008,8,Mujeres puerperas con dosis completa de hierro,38
La Paz,20402,Mocomoco,2008,8,Mujeres puerperas con dosis completa de hierro,26
Chuquisaca,10303,Mojocoya,2008,8,Mujeres puerperas con dosis completa de hierro,6
Chuquisaca,10501,Monteagudo,2008,8,Mujeres puerperas con dosis completa de hierro,39
Santa Cruz,71001,Montero,2008,8,Mujeres puerperas con dosis completa de hierro,69
Cochabamba,30302,Morochata,2008,8,Mujeres puerperas con dosis completa de hierro,57
Pando,90401,Nacebe (santa Rosa Del Abuna),2008,8,Mujeres puerperas con dosis completa de hierro,5
La Paz,20307,Nazacara De Pacajes,2008,8,Mujeres puerperas con dosis completa de hierro,3
Pando,90501,Nuevo Manoa (nueva Esperanza),2008,8,Mujeres puerperas con dosis completa de hierro,4
Potosí,50404,Ocuri,2008,8,Mujeres puerperas con dosis completa de hierro,38
Santa Cruz,70202,Okinawa,2008,8,Mujeres puerperas con dosis completa de hierro,6
Cochabamba,30203,Omereque,2008,8,Mujeres puerperas con dosis completa de hierro,7
Oruro,40101,Oruro,2008,8,Mujeres puerperas con dosis completa de hierro,161
Tarija,60201,Padcaya,2008,8,Mujeres puerperas con dosis completa de hierro,23
Chuquisaca,10401,Padilla,2008,8,Mujeres puerperas con dosis completa de hierro,16
Santa Cruz,70502,Pailon,2008,8,Mujeres puerperas con dosis completa de hierro,17
La Paz,20102,Palca,2008,8,Mujeres puerperas con dosis completa de hierro,19
La Paz,21104,Palos Blancos,2008,8,Mujeres puerperas con dosis completa de hierro,27
Oruro,40802,Pampa Aullagas,2008,8,Mujeres puerperas con dosis completa de hierro,7
Santa Cruz,70902,Pampa Grande,2008,8,Mujeres puerperas con dosis completa de hierro,10
La Paz,21802,Papel Pampa,2008,8,Mujeres puerperas con dosis completa de hierro,7
Cochabamba,30202,Pasorapa,2008,8,Mujeres puerperas con dosis completa de hierro,5
La Paz,21305,Patacamaya,2008,8,Mujeres puerperas con dosis completa de hierro,24
Oruro,40602,Pazña,2008,8,Mujeres puerperas con dosis completa de hierro,7
La Paz,20702,Pelechuco,2008,8,Mujeres puerperas con dosis completa de hierro,6
Potosí,50403,Pocoata,2008,8,Mujeres puerperas con dosis completa de hierro,37
Cochabamba,31203,Pocona,2008,8,Mujeres puerperas con dosis completa de hierro,13
Cochabamba,31202,Pojo (cbba),2008,8,Mujeres puerperas con dosis completa de hierro,17
Oruro,40601,Poopo,2008,8,Mujeres puerperas con dosis completa de hierro,6
Potosí,51203,Porco,2008,8,Mujeres puerperas con dosis completa de hierro,10
Chuquisaca,10103,Poroma,2008,8,Mujeres puerperas con dosis completa de hierro,34
Santa Cruz,70103,Porongo,2008,8,Mujeres puerperas con dosis completa de hierro,14
Santa Cruz,70601,Portachuelo,2008,8,Mujeres puerperas con dosis completa de hierro,17
Pando,90102,Porvenir,2008,8,Mujeres puerperas con dosis completa de hierro,1
Santa Cruz,70804,Postrer Valle,2008,8,Mujeres puerperas con dosis completa de hierro,3
Potosí,50101,Potosi,2008,8,Mujeres puerperas con dosis completa de hierro,343
Chuquisaca,10302,Presto,2008,8,Mujeres puerperas con dosis completa de hierro,20
Santa Cruz,70805,Pucara,2008,8,Mujeres puerperas con dosis completa de hierro,1
La Paz,21201,Pucarani,2008,8,Mujeres puerperas con dosis completa de hierro,24
La Paz,20401,Puerto Acosta,2008,8,Mujeres puerperas con dosis completa de hierro,27
La Paz,20403,Puerto Carabuco,2008,8,Mujeres puerperas con dosis completa de hierro,20
Pando,90301,Puerto Gonzalo Moreno,2008,8,Mujeres puerperas con dosis completa de hierro,10
La Paz,21204,Puerto Perez,2008,8,Mujeres puerperas con dosis completa de hierro,9
Santa Cruz,71402,Puerto Quijarro,2008,8,Mujeres puerperas con dosis completa de hierro,10
Pando,90201,Puerto Rico,2008,8,Mujeres puerperas con dosis completa de hierro,10
Beni,80703,Puerto Siles,2008,8,Mujeres puerperas con dosis completa de hierro,7
Santa Cruz,71401,Puerto Suarez,2008,8,Mujeres puerperas con dosis completa de hierro,22
Cochabamba,31205,Puerto Villarroel,2008,8,Mujeres puerperas con dosis completa de hierro,54
Potosí,51101,Puna,2008,8,Mujeres puerperas con dosis completa de hierro,38
Cochabamba,31401,Punata,2008,8,Mujeres puerperas con dosis completa de hierro,23
La Paz,20604,Quiabaya,2008,8,Mujeres puerperas con dosis completa de hierro,4
Cochabamba,30901,Quillacollo,2008,8,Mujeres puerperas con dosis completa de hierro,140
La Paz,21002,Quime,2008,8,Mujeres puerperas con dosis completa de hierro,11
Santa Cruz,70904,Quirusillas,2008,8,Mujeres puerperas con dosis completa de hierro,7
Potosí,50402,Ravelo,2008,8,Mujeres puerperas con dosis completa de hierro,29
Beni,80301,Reyes,2008,8,Mujeres puerperas con dosis completa de hierro,21
Beni,80201,Riberalta,2008,8,Mujeres puerperas con dosis completa de hierro,473
Santa Cruz,70503,Robore,2008,8,Mujeres puerperas con dosis completa de hierro,31
Beni,80304,Rurrenabaque,2008,8,Mujeres puerperas con dosis completa de hierro,23
Oruro,40901,Sabaya,2008,8,Mujeres puerperas con dosis completa de hierro,4
Cochabamba,31001,Sacaba,2008,8,Mujeres puerperas con dosis completa de hierro,151
Cochabamba,30404,Sacabamba,2008,8,Mujeres puerperas con dosis completa de hierro,5
Potosí,50701,Sacaca,2008,8,Mujeres puerperas con dosis completa de hierro,49
Santa Cruz,71302,Saipina,2008,8,Mujeres puerperas con dosis completa de hierro,6
Oruro,40801,Salinas De Garci Mendoza,2008,8,Mujeres puerperas con dosis completa de hierro,10
Santa Cruz,70901,Samaipata,2008,8,Mujeres puerperas con dosis completa de hierro,7
Potosí,51601,San Agustin,2008,8,Mujeres puerperas con dosis completa de hierro,1
Beni,80602,San Andres,2008,8,Mujeres puerperas con dosis completa de hierro,14
La Paz,20805,San Andres De Machaca,2008,8,Mujeres puerperas con dosis completa de hierro,3
Potosí,51003,San Antonio De Esmoruco,2008,8,Mujeres puerperas con dosis completa de hierro,6
Santa Cruz,71105,San Antonio De Lomerio,2008,8,Mujeres puerperas con dosis completa de hierro,6
Cochabamba,31403,San Benito,2008,8,Mujeres puerperas con dosis completa de hierro,13
Beni,80302,San Borja,2008,8,Mujeres puerperas con dosis completa de hierro,96
La Paz,21502,San Buena Ventura,2008,8,Mujeres puerperas con dosis completa de hierro,22
Santa Cruz,70402,San Carlos,2008,8,Mujeres puerperas con dosis completa de hierro,49
Beni,80501,San Ignacio,2008,8,Mujeres puerperas con dosis completa de hierro,54
Santa Cruz,70301,San Ignacio De Velasco,2008,8,Mujeres puerperas con dosis completa de hierro,121
Santa Cruz,71102,San Javier(stc),2008,8,Mujeres puerperas con dosis completa de hierro,30
Santa Cruz,70501,San Jose De Chiquitos,2008,8,Mujeres puerperas con dosis completa de hierro,32
Santa Cruz,70404,San Juan De Yapacani,2008,8,Mujeres puerperas con dosis completa de hierro,8
Santa Cruz,71104,San Julian,2008,8,Mujeres puerperas con dosis completa de hierro,36
Pando,90302,San Lorenzo(pnd),2008,8,Mujeres puerperas con dosis completa de hierro,7
Tarija,60501,San Lorenzo(tja),2008,8,Mujeres puerperas con dosis completa de hierro,22
Chuquisaca,10702,San Lucas,2008,8,Mujeres puerperas con dosis completa de hierro,101
Santa Cruz,71201,San Matias,2008,8,Mujeres puerperas con dosis completa de hierro,1
Santa Cruz,70302,San Miguel De Velasco,2008,8,Mujeres puerperas con dosis completa de hierro,16
Potosí,51001,San Pablo De Lipez,2008,8,Mujeres puerperas con dosis completa de hierro,3
Santa Cruz,71005,San Pedro,2008,8,Mujeres puerperas con dosis completa de hierro,14
Potosí,50501,San Pedro De Buena Vista,2008,8,Mujeres puerperas con dosis completa de hierro,36
La Paz,21801,San Pedro De Curahuara,2008,8,Mujeres puerperas con dosis completa de hierro,12
Potosí,50902,San Pedro De Quemes,2008,8,Mujeres puerperas con dosis completa de hierro,1
La Paz,21702,San Pedro De Tiquina,2008,8,Mujeres puerperas con dosis completa de hierro,6
Pando,90202,San Pedro(pnd),2008,8,Mujeres puerperas con dosis completa de hierro,1
Santa Cruz,70303,San Rafael,2008,8,Mujeres puerperas con dosis completa de hierro,8
Beni,80702,San Ramon,2008,8,Mujeres puerperas con dosis completa de hierro,22
Beni,80702,San Ramon,2008,8,Mujeres puerperas con dosis completa de hierro,4
Beni,80401,Santa Ana,2008,8,Mujeres puerperas con dosis completa de hierro,13
Santa Cruz,70101,Santa Cruz De La Sierra,2008,8,Mujeres puerperas con dosis completa de hierro,498
Beni,80303,Santa Rosa,2008,8,Mujeres puerperas con dosis completa de hierro,22
Santa Cruz,70602,Santa Rosa Del Sara,2008,8,Mujeres puerperas con dosis completa de hierro,21
La Paz,20308,Santiago De Callapa,2008,8,Mujeres puerperas con dosis completa de hierro,7
Oruro,41401,Santiago De Huari,2008,8,Mujeres puerperas con dosis completa de hierro,12
La Paz,21901,Santiago De Machaca,2008,8,Mujeres puerperas con dosis completa de hierro,4
Cochabamba,30702,Santivañes,2008,8,Mujeres puerperas con dosis completa de hierro,10
Oruro,40202,Santuario De Quillacas,2008,8,Mujeres puerperas con dosis completa de hierro,5
La Paz,20902,Sapahaqui,2008,8,Mujeres puerperas con dosis completa de hierro,4
Pando,90303,Sena,2008,8,Mujeres puerperas con dosis completa de hierro,8
La Paz,21301,Sica Sica (villa Aroma),2008,8,Mujeres puerperas con dosis completa de hierro,18
Cochabamba,30703,Sicaya,2008,8,Mujeres puerperas con dosis completa de hierro,2
Cochabamba,30902,Sipe Sipe,2008,8,Mujeres puerperas con dosis completa de hierro,26
Chuquisaca,10403,Sopachuy,2008,8,Mujeres puerperas con dosis completa de hierro,20
Oruro,40104,Soracachi,2008,8,Mujeres puerperas con dosis completa de hierro,13
La Paz,20601,Sorata,2008,8,Mujeres puerperas con dosis completa de hierro,21
Chuquisaca,10101,Sucre,2008,8,Mujeres puerperas con dosis completa de hierro,424
Cochabamba,31404,Tacachi,2008,8,Mujeres puerperas con dosis completa de hierro,1
La Paz,20603,Tacacoma,2008,8,Mujeres puerperas con dosis completa de hierro,1
Potosí,50303,Tacobamba,2008,8,Mujeres puerperas con dosis completa de hierro,12
Cochabamba,30602,Tacopaya,2008,8,Mujeres puerperas con dosis completa de hierro,15
Potosí,51402,Tahua,2008,8,Mujeres puerperas con dosis completa de hierro,1
Cochabamba,31101,Tapacari,2008,8,Mujeres puerperas con dosis completa de hierro,53
Chuquisaca,10601,Tarabuco,2008,8,Mujeres puerperas con dosis completa de hierro,49
La Paz,20807,Taraco,2008,8,Mujeres puerperas con dosis completa de hierro,8
Cochabamba,30401,Tarata,2008,8,Mujeres puerperas con dosis completa de hierro,14
Tarija,60101,Tarija,2008,8,Mujeres puerperas con dosis completa de hierro,223
Chuquisaca,10202,Tarvita,2008,8,Mujeres puerperas con dosis completa de hierro,30
La Paz,20608,Teoponte,2008,8,Mujeres puerperas con dosis completa de hierro,14
La Paz,20803,Tiawanacu,2008,8,Mujeres puerperas con dosis completa de hierro,21
Potosí,50102,Tinguipaya,2008,8,Mujeres puerperas con dosis completa de hierro,35
La Paz,20606,Tipuani,2008,8,Mujeres puerperas con dosis completa de hierro,16
Cochabamba,30903,Tiquipaya,2008,8,Mujeres puerperas con dosis completa de hierro,48
Cochabamba,31601,Tiraque (cbba),2008,8,Mujeres puerperas con dosis completa de hierro,64
Cochabamba,30802,Toco,2008,8,Mujeres puerperas con dosis completa de hierro,7
Cochabamba,30803,Tolata,2008,8,Mujeres puerperas con dosis completa de hierro,3
Oruro,41001,Toledo,2008,8,Mujeres puerperas con dosis completa de hierro,8
Potosí,51202,Tomave,2008,8,Mujeres puerperas con dosis completa de hierro,14
Chuquisaca,10402,Tomina,2008,8,Mujeres puerperas con dosis completa de hierro,11
Potosí,50502,Toro Toro,2008,8,Mujeres puerperas con dosis completa de hierro,14
Cochabamba,31201,Totora(cbba),2008,8,Mujeres puerperas con dosis completa de hierro,7
Oruro,41301,Totora(orr),2008,8,Mujeres puerperas con dosis completa de hierro,6
Beni,80101,Trinidad,2008,8,Mujeres puerperas con dosis completa de hierro,46
Potosí,50801,Tupiza,2008,8,Mujeres puerperas con dosis completa de hierro,64
Oruro,40402,Turco,2008,8,Mujeres puerperas con dosis completa de hierro,4
La Paz,21302,Umala,2008,8,Mujeres puerperas con dosis completa de hierro,5
Potosí,50201,Uncia,2008,8,Mujeres puerperas con dosis completa de hierro,21
Tarija,60401,Uriondo (a. Concepcion),2008,8,Mujeres puerperas con dosis completa de hierro,9
Santa Cruz,71502,Urubicha,2008,8,Mujeres puerperas con dosis completa de hierro,11
Potosí,51201,Uyuni,2008,8,Mujeres puerperas con dosis completa de hierro,18
Cochabamba,30502,Vacas,2008,8,Mujeres puerperas con dosis completa de hierro,18
Santa Cruz,70801,Vallegrande,2008,8,Mujeres puerperas con dosis completa de hierro,47
La Paz,20801,Viacha,2008,8,Mujeres puerperas con dosis completa de hierro,33
Cochabamba,31302,Vila Vila,2008,8,Mujeres puerperas con dosis completa de hierro,4
Tarija,60303,Villa Montes,2008,8,Mujeres puerperas con dosis completa de hierro,78
Pando,90502,Villa Nueva (loma Alta),2008,8,Mujeres puerperas con dosis completa de hierro,3
Cochabamba,31402,Villa Rivero,2008,8,Mujeres puerperas con dosis completa de hierro,4
Chuquisaca,10801,Villa Serrano,2008,8,Mujeres puerperas con dosis completa de hierro,18
Cochabamba,31003,Villa Tunari,2008,8,Mujeres puerperas con dosis completa de hierro,138
Chuquisaca,11001,Villa Vaca Guzman (muyupampa),2008,8,Mujeres puerperas con dosis completa de hierro,7
Potosí,51501,Villazon,2008,8,Mujeres puerperas con dosis completa de hierro,66
Cochabamba,30904,Vinto,2008,8,Mujeres puerperas con dosis completa de hierro,9
Potosí,50602,Vitichi,2008,8,Mujeres puerperas con dosis completa de hierro,12
La Paz,20306,Waldo Ballivian,2008,8,Mujeres puerperas con dosis completa de hierro,3
Santa Cruz,70201,Warnes,2008,8,Mujeres puerperas con dosis completa de hierro,46
La Paz,20903,Yaco,2008,8,Mujeres puerperas con dosis completa de hierro,12
Tarija,60301,Yacuiba,2008,8,Mujeres puerperas con dosis completa de hierro,112
Chuquisaca,10602,Yamparaez,2008,8,Mujeres puerperas con dosis completa de hierro,10
La Paz,21103,Yanacachi,2008,8,Mujeres puerperas con dosis completa de hierro,1
Santa Cruz,70403,Yapacani,2008,8,Mujeres puerperas con dosis completa de hierro,57
Potosí,50103,Yocalla,2008,8,Mujeres puerperas con dosis completa de hierro,96
Chuquisaca,10102,Yotala,2008,8,Mujeres puerperas con dosis completa de hierro,14
Tarija,60402,Yunchara,2008,8,Mujeres puerperas con dosis completa de hierro,6
Chuquisaca,10301,Zudañez,2008,8,Mujeres puerperas con dosis completa de hierro,14
Potosí,51302,Acacio,2008,9,Mujeres puerperas con dosis completa de hierro,7
La Paz,20201,Achacachi,2008,9,Mujeres puerperas con dosis completa de hierro,72
La Paz,20104,Achocalla,2008,9,Mujeres puerperas con dosis completa de hierro,11
Cochabamba,30201,Aiquile,2008,9,Mujeres puerperas con dosis completa de hierro,44
Cochabamba,31303,Alalay,2008,9,Mujeres puerperas con dosis completa de hierro,6
Chuquisaca,10404,Alcala,2008,9,Mujeres puerperas con dosis completa de hierro,5
La Paz,20202,Ancoraimes,2008,9,Mujeres puerperas con dosis completa de hierro,22
Oruro,41201,Andamarca,2008,9,Mujeres puerperas con dosis completa de hierro,2
Oruro,40603,Antequera,2008,9,Mujeres puerperas con dosis completa de hierro,1
Cochabamba,30402,Anzaldo,2008,9,Mujeres puerperas con dosis completa de hierro,9
La Paz,20701,Apolo,2008,9,Mujeres puerperas con dosis completa de hierro,35
Potosí,51301,Arampampa,2008,9,Mujeres puerperas con dosis completa de hierro,3
Cochabamba,30501,Arani,2008,9,Mujeres puerperas con dosis completa de hierro,9
Cochabamba,30403,Arbieto,2008,9,Mujeres puerperas con dosis completa de hierro,6
Cochabamba,30601,Arque,2008,9,Mujeres puerperas con dosis completa de hierro,24
Santa Cruz,71501,Ascencion De Guarayos,2008,9,Mujeres puerperas con dosis completa de hierro,60
Potosí,50802,Atocha,2008,9,Mujeres puerperas con dosis completa de hierro,5
La Paz,20503,Aucapata,2008,9,Mujeres puerperas con dosis completa de hierro,3
La Paz,20502,Ayata,2008,9,Mujeres puerperas con dosis completa de hierro,9
La Paz,21303,Ayo Ayo,2008,9,Mujeres puerperas con dosis completa de hierro,7
Cochabamba,30301,Ayopaya (v. De Independencia),2008,9,Mujeres puerperas con dosis completa de hierro,24
Chuquisaca,10201,Azurduy,2008,9,Mujeres puerperas con dosis completa de hierro,29
La Paz,21203,Batallas,2008,9,Mujeres puerperas con dosis completa de hierro,23
Beni,80802,Baures,2008,9,Mujeres puerperas con dosis completa de hierro,7
Pando,90104,Bella Flor,2008,9,Mujeres puerperas con dosis completa de hierro,3
Tarija,60202,Bermejo,2008,9,Mujeres puerperas con dosis completa de hierro,70
Potosí,50301,Betanzos,2008,9,Mujeres puerperas con dosis completa de hierro,37
Cochabamba,31501,Bolivar,2008,9,Mujeres puerperas con dosis completa de hierro,14
Santa Cruz,70707,Boyuibe,2008,9,Mujeres puerperas con dosis completa de hierro,4
Santa Cruz,70401,Buena Vista,2008,9,Mujeres puerperas con dosis completa de hierro,18
Santa Cruz,70703,Cabezas,2008,9,Mujeres puerperas con dosis completa de hierro,43
La Paz,20905,Cairoma,2008,9,Mujeres puerperas con dosis completa de hierro,7
Potosí,51102,"Caiza ""d""",2008,9,Mujeres puerperas con dosis completa de hierro,10
La Paz,21003,Cajuata,2008,9,Mujeres puerperas con dosis completa de hierro,13
La Paz,20303,Calacoto,2008,9,Mujeres puerperas con dosis completa de hierro,3
La Paz,21304,Calamarca,2008,9,Mujeres puerperas con dosis completa de hierro,8
Chuquisaca,10701,Camargo,2008,9,Mujeres puerperas con dosis completa de hierro,21
Chuquisaca,10901,Camataqui (c. Villa Abecia),2008,9,Mujeres puerperas con dosis completa de hierro,2
Santa Cruz,70706,Camiri,2008,9,Mujeres puerperas con dosis completa de hierro,22
Cochabamba,30701,Capinota,2008,9,Mujeres puerperas con dosis completa de hierro,38
La Paz,20302,Caquiaviri,2008,9,Mujeres puerperas con dosis completa de hierro,9
Oruro,40102,Caracollo,2008,9,Mujeres puerperas con dosis completa de hierro,25
La Paz,22001,Caranavi,2008,9,Mujeres puerperas con dosis completa de hierro,93
Oruro,41503,Carangas,2008,9,Mujeres puerperas con dosis completa de hierro,1
Tarija,60302,Carapari,2008,9,Mujeres puerperas con dosis completa de hierro,13
Potosí,50702,Caripuyo,2008,9,Mujeres puerperas con dosis completa de hierro,14
Santa Cruz,71403,Carmen Rivero Torrez,2008,9,Mujeres puerperas con dosis completa de hierro,5
La Paz,21902,Catacora,2008,9,Mujeres puerperas con dosis completa de hierro,2
La Paz,21803,Chacarilla,2008,9,Mujeres puerperas con dosis completa de hierro,2
Oruro,40201,Challapata,2008,9,Mujeres puerperas con dosis completa de hierro,53
Potosí,50302,Chaqui,2008,9,Mujeres puerperas con dosis completa de hierro,11
Santa Cruz,70702,Charagua,2008,9,Mujeres puerperas con dosis completa de hierro,51
La Paz,20305,Charaña,2008,9,Mujeres puerperas con dosis completa de hierro,2
Potosí,50202,Chayanta,2008,9,Mujeres puerperas con dosis completa de hierro,16
Cochabamba,31204,Chimore,2008,9,Mujeres puerperas con dosis completa de hierro,13
Oruro,40903,Chipaya,2008,9,Mujeres puerperas con dosis completa de hierro,5
Oruro,40302,Choque Cota,2008,9,Mujeres puerperas con dosis completa de hierro,1
La Paz,21101,Chulumani (v. De La Libertad),2008,9,Mujeres puerperas con dosis completa de hierro,47
La Paz,20501,Chuma,2008,9,Mujeres puerperas con dosis completa de hierro,11
Cochabamba,30801,Cliza,2008,9,Mujeres puerperas con dosis completa de hierro,19
Pando,90101,Cobija,2008,9,Mujeres puerperas con dosis completa de hierro,106
Cochabamba,30101,Cochabamba,2008,9,Mujeres puerperas con dosis completa de hierro,447
Oruro,40902,Coipasa,2008,9,Mujeres puerperas con dosis completa de hierro,3
Cochabamba,30905,Colcapirhua,2008,9,Mujeres puerperas con dosis completa de hierro,50
Potosí,50901,"Colcha ""k""",2008,9,Mujeres puerperas con dosis completa de hierro,15
La Paz,21307,Collana,2008,9,Mujeres puerperas con dosis completa de hierro,4
Cochabamba,31002,Colomi,2008,9,Mujeres puerperas con dosis completa de hierro,40
Santa Cruz,70603,Colpa Belgica,2008,9,Mujeres puerperas con dosis completa de hierro,2
Potosí,50401,Colquechaca,2008,9,Mujeres puerperas con dosis completa de hierro,60
La Paz,21306,Colquencha,2008,9,Mujeres puerperas con dosis completa de hierro,16
La Paz,21004,Colquiri,2008,9,Mujeres puerperas con dosis completa de hierro,22
La Paz,20304,Comanche,2008,9,Mujeres puerperas con dosis completa de hierro,3
Santa Cruz,71301,Comarapa,2008,9,Mujeres puerperas con dosis completa de hierro,30
La Paz,20605,Combaya,2008,9,Mujeres puerperas con dosis completa de hierro,2
Santa Cruz,71101,Concepcion,2008,9,Mujeres puerperas con dosis completa de hierro,1
La Paz,21701,Copacabana,2008,9,Mujeres puerperas con dosis completa de hierro,6
La Paz,21402,Coripata,2008,9,Mujeres puerperas con dosis completa de hierro,16
La Paz,20301,Coro Coro,2008,9,Mujeres puerperas con dosis completa de hierro,8
La Paz,21401,Coroico,2008,9,Mujeres puerperas con dosis completa de hierro,15
Oruro,40301,Corque,2008,9,Mujeres puerperas con dosis completa de hierro,7
Potosí,50601,Cotagaita,2008,9,Mujeres puerperas con dosis completa de hierro,36
Santa Cruz,70102,Cotoca,2008,9,Mujeres puerperas con dosis completa de hierro,42
Santa Cruz,71106,Cuatro Cañadas,2008,9,Mujeres puerperas con dosis completa de hierro,20
Cochabamba,31405,Cuchumuela (v. G. Villarroel),2008,9,Mujeres puerperas con dosis completa de hierro,3
Santa Cruz,70704,Cuevo,2008,9,Mujeres puerperas con dosis completa de hierro,5
Chuquisaca,10902,Culpina,2008,9,Mujeres puerperas con dosis completa de hierro,25
Oruro,40401,Curahuara De Carangas,2008,9,Mujeres puerperas con dosis completa de hierro,8
La Paz,21602,Curva,2008,9,Mujeres puerperas con dosis completa de hierro,5
La Paz,20804,Desaguadero,2008,9,Mujeres puerperas con dosis completa de hierro,4
La Paz,20105,El Alto,2008,9,Mujeres puerperas con dosis completa de hierro,1032
Oruro,40103,El Choro,2008,9,Mujeres puerperas con dosis completa de hierro,3
Santa Cruz,71503,El Puente(stc),2008,9,Mujeres puerperas con dosis completa de hierro,14
Tarija,60502,El Puente(tja),2008,9,Mujeres puerperas con dosis completa de hierro,8
Santa Cruz,70105,El Torno,2008,9,Mujeres puerperas con dosis completa de hierro,110
Chuquisaca,10405,El Villar,2008,9,Mujeres puerperas con dosis completa de hierro,5
Tarija,60601,Entre Rios,2008,9,Mujeres puerperas con dosis completa de hierro,30
Tarija,60601,Entre Rios,2008,9,Mujeres puerperas con dosis completa de hierro,35
Oruro,41101,Eucaliptus,2008,9,Mujeres puerperas con dosis completa de hierro,6
Pando,90503,Eureka (santos Mercado),2008,9,Mujeres puerperas con dosis completa de hierro,2
Beni,80402,Exaltacion,2008,9,Mujeres puerperas con dosis completa de hierro,2
Santa Cruz,71004,Fernandez Alonso,2008,9,Mujeres puerperas con dosis completa de hierro,22
Pando,90203,Filadelfia,2008,9,Mujeres puerperas con dosis completa de hierro,3
Santa Cruz,71002,General Saavedra,2008,9,Mujeres puerperas con dosis completa de hierro,13
La Paz,21601,Gral. J.j. Perez (charazani),2008,9,Mujeres puerperas con dosis completa de hierro,9
La Paz,20602,Guanay,2008,9,Mujeres puerperas con dosis completa de hierro,1
La Paz,20802,Guaqui,2008,9,Mujeres puerperas con dosis completa de hierro,4
Beni,80202,Guayaramerin,2008,9,Mujeres puerperas con dosis completa de hierro,63
Santa Cruz,70705,Gutierrez,2008,9,Mujeres puerperas con dosis completa de hierro,11
Chuquisaca,10502,Huacareta,2008,9,Mujeres puerperas con dosis completa de hierro,12
Chuquisaca,11002,Huacaya (villa De Huacaya),2008,9,Mujeres puerperas con dosis completa de hierro,6
Oruro,40501,Huachacalla,2008,9,Mujeres puerperas con dosis completa de hierro,1
Oruro,40701,Huanuni,2008,9,Mujeres puerperas con dosis completa de hierro,16
Beni,80803,Huaracaje,2008,9,Mujeres puerperas con dosis completa de hierro,4
Oruro,41601,Huayllamarca,2008,9,Mujeres puerperas con dosis completa de hierro,5
La Paz,21005,Ichoca,2008,9,Mujeres puerperas con dosis completa de hierro,10
Chuquisaca,10304,Icla,2008,9,Mujeres puerperas con dosis completa de hierro,18
Chuquisaca,10703,Incahuasi,2008,9,Mujeres puerperas con dosis completa de hierro,59
Pando,90402,Ingavi (humaita),2008,9,Mujeres puerperas con dosis completa de hierro,2
La Paz,21001,Inquisivi,2008,9,Mujeres puerperas con dosis completa de hierro,10
La Paz,21102,Irupana (villa De Lanza),2008,9,Mujeres puerperas con dosis completa de hierro,22
La Paz,21501,Ixiamas,2008,9,Mujeres puerperas con dosis completa de hierro,17
La Paz,20806,Jesus De Machaca,2008,9,Mujeres puerperas con dosis completa de hierro,11
La Paz,21105,La Asunta,2008,9,Mujeres puerperas con dosis completa de hierro,23
Santa Cruz,70104,La Guardia,2008,9,Mujeres puerperas con dosis completa de hierro,23
La Paz,20101,La Paz,2008,9,Mujeres puerperas con dosis completa de hierro,1031
Oruro,41501,La Rivera,2008,9,Mujeres puerperas con dosis completa de hierro,1
Santa Cruz,70701,Lagunillas,2008,9,Mujeres puerperas con dosis completa de hierro,4
La Paz,21202,Laja,2008,9,Mujeres puerperas con dosis completa de hierro,26
Chuquisaca,10903,Las Carreras,2008,9,Mujeres puerperas con dosis completa de hierro,4
La Paz,21006,Licoma Pampa,2008,9,Mujeres puerperas con dosis completa de hierro,2
Potosí,50203,Llallagua,2008,9,Mujeres puerperas con dosis completa de hierro,84
Potosí,51401,Llica,2008,9,Mujeres puerperas con dosis completa de hierro,4
Beni,80601,Loreto,2008,9,Mujeres puerperas con dosis completa de hierro,6
La Paz,20901,Luribay,2008,9,Mujeres puerperas con dosis completa de hierro,9
Oruro,40702,Machacamarca,2008,9,Mujeres puerperas con dosis completa de hierro,3
Chuquisaca,11003,Machareti,2008,9,Mujeres puerperas con dosis completa de hierro,10
Beni,80801,Magdalena,2008,9,Mujeres puerperas con dosis completa de hierro,1
Santa Cruz,70903,Mairana,2008,9,Mujeres puerperas con dosis completa de hierro,10
La Paz,20904,Malla,2008,9,Mujeres puerperas con dosis completa de hierro,1
La Paz,20607,Mapiri,2008,9,Mujeres puerperas con dosis completa de hierro,18
La Paz,20103,Mecapaca,2008,9,Mujeres puerperas con dosis completa de hierro,10
Santa Cruz,71003,Mineros,2008,9,Mujeres puerperas con dosis completa de hierro,21
Cochabamba,31301,Mizque,2008,9,Mujeres puerperas con dosis completa de hierro,47
La Paz,20402,Mocomoco,2008,9,Mujeres puerperas con dosis completa de hierro,20
Chuquisaca,10303,Mojocoya,2008,9,Mujeres puerperas con dosis completa de hierro,9
Chuquisaca,10501,Monteagudo,2008,9,Mujeres puerperas con dosis completa de hierro,55
Santa Cruz,71001,Montero,2008,9,Mujeres puerperas con dosis completa de hierro,75
Santa Cruz,70803,Moro Moro,2008,9,Mujeres puerperas con dosis completa de hierro,1
Cochabamba,30302,Morochata,2008,9,Mujeres puerperas con dosis completa de hierro,40
La Paz,20307,Nazacara De Pacajes,2008,9,Mujeres puerperas con dosis completa de hierro,1
Pando,90501,Nuevo Manoa (nueva Esperanza),2008,9,Mujeres puerperas con dosis completa de hierro,3
Potosí,50404,Ocuri,2008,9,Mujeres puerperas con dosis completa de hierro,40
Santa Cruz,70202,Okinawa,2008,9,Mujeres puerperas con dosis completa de hierro,15
Cochabamba,30203,Omereque,2008,9,Mujeres puerperas con dosis completa de hierro,7
Oruro,40101,Oruro,2008,9,Mujeres puerperas con dosis completa de hierro,222
Tarija,60201,Padcaya,2008,9,Mujeres puerperas con dosis completa de hierro,15
Chuquisaca,10401,Padilla,2008,9,Mujeres puerperas con dosis completa de hierro,26
Santa Cruz,70502,Pailon,2008,9,Mujeres puerperas con dosis completa de hierro,40
La Paz,20102,Palca,2008,9,Mujeres puerperas con dosis completa de hierro,11
La Paz,21104,Palos Blancos,2008,9,Mujeres puerperas con dosis completa de hierro,38
Oruro,40802,Pampa Aullagas,2008,9,Mujeres puerperas con dosis completa de hierro,3
Santa Cruz,70902,Pampa Grande,2008,9,Mujeres puerperas con dosis completa de hierro,6
La Paz,21802,Papel Pampa,2008,9,Mujeres puerperas con dosis completa de hierro,3
Cochabamba,30202,Pasorapa,2008,9,Mujeres puerperas con dosis completa de hierro,9
La Paz,21305,Patacamaya,2008,9,Mujeres puerperas con dosis completa de hierro,7
Oruro,40602,Pazña,2008,9,Mujeres puerperas con dosis completa de hierro,6
La Paz,20702,Pelechuco,2008,9,Mujeres puerperas con dosis completa de hierro,9
Potosí,50403,Pocoata,2008,9,Mujeres puerperas con dosis completa de hierro,24
Cochabamba,31203,Pocona,2008,9,Mujeres puerperas con dosis completa de hierro,16
Cochabamba,31202,Pojo (cbba),2008,9,Mujeres puerperas con dosis completa de hierro,32
Oruro,40601,Poopo,2008,9,Mujeres puerperas con dosis completa de hierro,5
Potosí,51203,Porco,2008,9,Mujeres puerperas con dosis completa de hierro,16
Chuquisaca,10103,Poroma,2008,9,Mujeres puerperas con dosis completa de hierro,30
Santa Cruz,70103,Porongo,2008,9,Mujeres puerperas con dosis completa de hierro,6
Santa Cruz,70601,Portachuelo,2008,9,Mujeres puerperas con dosis completa de hierro,13
Pando,90102,Porvenir,2008,9,Mujeres puerperas con dosis completa de hierro,3
Potosí,50101,Potosi,2008,9,Mujeres puerperas con dosis completa de hierro,314
Chuquisaca,10302,Presto,2008,9,Mujeres puerperas con dosis completa de hierro,16
Santa Cruz,70805,Pucara,2008,9,Mujeres puerperas con dosis completa de hierro,2
La Paz,21201,Pucarani,2008,9,Mujeres puerperas con dosis completa de hierro,29
La Paz,20401,Puerto Acosta,2008,9,Mujeres puerperas con dosis completa de hierro,45
La Paz,20403,Puerto Carabuco,2008,9,Mujeres puerperas con dosis completa de hierro,16
Pando,90301,Puerto Gonzalo Moreno,2008,9,Mujeres puerperas con dosis completa de hierro,9
La Paz,21204,Puerto Perez,2008,9,Mujeres puerperas con dosis completa de hierro,7
Santa Cruz,71402,Puerto Quijarro,2008,9,Mujeres puerperas con dosis completa de hierro,6
Pando,90201,Puerto Rico,2008,9,Mujeres puerperas con dosis completa de hierro,10
Beni,80703,Puerto Siles,2008,9,Mujeres puerperas con dosis completa de hierro,2
Santa Cruz,71401,Puerto Suarez,2008,9,Mujeres puerperas con dosis completa de hierro,28
Cochabamba,31205,Puerto Villarroel,2008,9,Mujeres puerperas con dosis completa de hierro,24
Potosí,51101,Puna,2008,9,Mujeres puerperas con dosis completa de hierro,51
Cochabamba,31401,Punata,2008,9,Mujeres puerperas con dosis completa de hierro,23
Cochabamba,30901,Quillacollo,2008,9,Mujeres puerperas con dosis completa de hierro,116
La Paz,21002,Quime,2008,9,Mujeres puerperas con dosis completa de hierro,9
Santa Cruz,70904,Quirusillas,2008,9,Mujeres puerperas con dosis completa de hierro,3
Potosí,50402,Ravelo,2008,9,Mujeres puerperas con dosis completa de hierro,39
Beni,80301,Reyes,2008,9,Mujeres puerperas con dosis completa de hierro,19
Beni,80201,Riberalta,2008,9,Mujeres puerperas con dosis completa de hierro,224
Santa Cruz,70503,Robore,2008,9,Mujeres puerperas con dosis completa de hierro,32
Beni,80304,Rurrenabaque,2008,9,Mujeres puerperas con dosis completa de hierro,16
Oruro,40901,Sabaya,2008,9,Mujeres puerperas con dosis completa de hierro,5
Cochabamba,31001,Sacaba,2008,9,Mujeres puerperas con dosis completa de hierro,169
Cochabamba,30404,Sacabamba,2008,9,Mujeres puerperas con dosis completa de hierro,5
Potosí,50701,Sacaca,2008,9,Mujeres puerperas con dosis completa de hierro,47
Santa Cruz,71302,Saipina,2008,9,Mujeres puerperas con dosis completa de hierro,5
Oruro,40801,Salinas De Garci Mendoza,2008,9,Mujeres puerperas con dosis completa de hierro,18
Santa Cruz,70901,Samaipata,2008,9,Mujeres puerperas con dosis completa de hierro,8
Potosí,51601,San Agustin,2008,9,Mujeres puerperas con dosis completa de hierro,1
Beni,80602,San Andres,2008,9,Mujeres puerperas con dosis completa de hierro,25
La Paz,20805,San Andres De Machaca,2008,9,Mujeres puerperas con dosis completa de hierro,4
Potosí,51003,San Antonio De Esmoruco,2008,9,Mujeres puerperas con dosis completa de hierro,7
Santa Cruz,71105,San Antonio De Lomerio,2008,9,Mujeres puerperas con dosis completa de hierro,9
Cochabamba,31403,San Benito,2008,9,Mujeres puerperas con dosis completa de hierro,19
Beni,80302,San Borja,2008,9,Mujeres puerperas con dosis completa de hierro,89
La Paz,21502,San Buena Ventura,2008,9,Mujeres puerperas con dosis completa de hierro,25
Santa Cruz,70402,San Carlos,2008,9,Mujeres puerperas con dosis completa de hierro,31
Beni,80501,San Ignacio,2008,9,Mujeres puerperas con dosis completa de hierro,46
Santa Cruz,70301,San Ignacio De Velasco,2008,9,Mujeres puerperas con dosis completa de hierro,126
Beni,80102,San Javier(bni),2008,9,Mujeres puerperas con dosis completa de hierro,1
Santa Cruz,71102,San Javier(stc),2008,9,Mujeres puerperas con dosis completa de hierro,22
Beni,80701,San Joaquin,2008,9,Mujeres puerperas con dosis completa de hierro,8
Santa Cruz,70501,San Jose De Chiquitos,2008,9,Mujeres puerperas con dosis completa de hierro,36
Santa Cruz,70404,San Juan De Yapacani,2008,9,Mujeres puerperas con dosis completa de hierro,10
Santa Cruz,71104,San Julian,2008,9,Mujeres puerperas con dosis completa de hierro,35
Pando,90302,San Lorenzo(pnd),2008,9,Mujeres puerperas con dosis completa de hierro,3
Tarija,60501,San Lorenzo(tja),2008,9,Mujeres puerperas con dosis completa de hierro,22
Chuquisaca,10702,San Lucas,2008,9,Mujeres puerperas con dosis completa de hierro,69
Santa Cruz,71201,San Matias,2008,9,Mujeres puerperas con dosis completa de hierro,10
Santa Cruz,70302,San Miguel De Velasco,2008,9,Mujeres puerperas con dosis completa de hierro,20
Potosí,51001,San Pablo De Lipez,2008,9,Mujeres puerperas con dosis completa de hierro,2
Santa Cruz,71005,San Pedro,2008,9,Mujeres puerperas con dosis completa de hierro,18
Potosí,50501,San Pedro De Buena Vista,2008,9,Mujeres puerperas con dosis completa de hierro,48
La Paz,21801,San Pedro De Curahuara,2008,9,Mujeres puerperas con dosis completa de hierro,12
Potosí,50902,San Pedro De Quemes,2008,9,Mujeres puerperas con dosis completa de hierro,1
La Paz,21702,San Pedro De Tiquina,2008,9,Mujeres puerperas con dosis completa de hierro,5
Pando,90202,San Pedro(pnd),2008,9,Mujeres puerperas con dosis completa de hierro,3
Santa Cruz,70303,San Rafael,2008,9,Mujeres puerperas con dosis completa de hierro,4
Beni,80702,San Ramon,2008,9,Mujeres puerperas con dosis completa de hierro,15
Beni,80702,San Ramon,2008,9,Mujeres puerperas con dosis completa de hierro,13
Beni,80401,Santa Ana,2008,9,Mujeres puerperas con dosis completa de hierro,18
Santa Cruz,70101,Santa Cruz De La Sierra,2008,9,Mujeres puerperas con dosis completa de hierro,341
Beni,80303,Santa Rosa,2008,9,Mujeres puerperas con dosis completa de hierro,21
Santa Cruz,70602,Santa Rosa Del Sara,2008,9,Mujeres puerperas con dosis completa de hierro,23
La Paz,20308,Santiago De Callapa,2008,9,Mujeres puerperas con dosis completa de hierro,4
Oruro,41401,Santiago De Huari,2008,9,Mujeres puerperas con dosis completa de hierro,8
La Paz,21901,Santiago De Machaca,2008,9,Mujeres puerperas con dosis completa de hierro,3
Cochabamba,30702,Santivañes,2008,9,Mujeres puerperas con dosis completa de hierro,6
Oruro,40202,Santuario De Quillacas,2008,9,Mujeres puerperas con dosis completa de hierro,5
La Paz,20902,Sapahaqui,2008,9,Mujeres puerperas con dosis completa de hierro,8
Pando,90303,Sena,2008,9,Mujeres puerperas con dosis completa de hierro,8
La Paz,21301,Sica Sica (villa Aroma),2008,9,Mujeres puerperas con dosis completa de hierro,13
Cochabamba,30703,Sicaya,2008,9,Mujeres puerperas con dosis completa de hierro,6
Cochabamba,30902,Sipe Sipe,2008,9,Mujeres puerperas con dosis completa de hierro,14
Chuquisaca,10403,Sopachuy,2008,9,Mujeres puerperas con dosis completa de hierro,19
Oruro,40104,Soracachi,2008,9,Mujeres puerperas con dosis completa de hierro,11
La Paz,20601,Sorata,2008,9,Mujeres puerperas con dosis completa de hierro,16
Chuquisaca,10101,Sucre,2008,9,Mujeres puerperas con dosis completa de hierro,441
La Paz,20603,Tacacoma,2008,9,Mujeres puerperas con dosis completa de hierro,5
Potosí,50303,Tacobamba,2008,9,Mujeres puerperas con dosis completa de hierro,12
Cochabamba,30602,Tacopaya,2008,9,Mujeres puerperas con dosis completa de hierro,19
Potosí,51402,Tahua,2008,9,Mujeres puerperas con dosis completa de hierro,1
Cochabamba,31101,Tapacari,2008,9,Mujeres puerperas con dosis completa de hierro,42
Chuquisaca,10601,Tarabuco,2008,9,Mujeres puerperas con dosis completa de hierro,37
La Paz,20807,Taraco,2008,9,Mujeres puerperas con dosis completa de hierro,6
Cochabamba,30401,Tarata,2008,9,Mujeres puerperas con dosis completa de hierro,7
Tarija,60101,Tarija,2008,9,Mujeres puerperas con dosis completa de hierro,250
Chuquisaca,10202,Tarvita,2008,9,Mujeres puerperas con dosis completa de hierro,28
La Paz,20608,Teoponte,2008,9,Mujeres puerperas con dosis completa de hierro,9
La Paz,20803,Tiawanacu,2008,9,Mujeres puerperas con dosis completa de hierro,19
Potosí,50102,Tinguipaya,2008,9,Mujeres puerperas con dosis completa de hierro,39
La Paz,20606,Tipuani,2008,9,Mujeres puerperas con dosis completa de hierro,16
Cochabamba,30903,Tiquipaya,2008,9,Mujeres puerperas con dosis completa de hierro,69
Cochabamba,31601,Tiraque (cbba),2008,9,Mujeres puerperas con dosis completa de hierro,69
Cochabamba,30802,Toco,2008,9,Mujeres puerperas con dosis completa de hierro,7
Oruro,41502,Todos Santos,2008,9,Mujeres puerperas con dosis completa de hierro,1
Cochabamba,30803,Tolata,2008,9,Mujeres puerperas con dosis completa de hierro,7
Oruro,41001,Toledo,2008,9,Mujeres puerperas con dosis completa de hierro,8
Potosí,51202,Tomave,2008,9,Mujeres puerperas con dosis completa de hierro,9
Chuquisaca,10402,Tomina,2008,9,Mujeres puerperas con dosis completa de hierro,11
Potosí,50502,Toro Toro,2008,9,Mujeres puerperas con dosis completa de hierro,21
Cochabamba,31201,Totora(cbba),2008,9,Mujeres puerperas con dosis completa de hierro,21
Oruro,41301,Totora(orr),2008,9,Mujeres puerperas con dosis completa de hierro,6
Santa Cruz,70802,Trigal,2008,9,Mujeres puerperas con dosis completa de hierro,1
Beni,80101,Trinidad,2008,9,Mujeres puerperas con dosis completa de hierro,54
Potosí,50801,Tupiza,2008,9,Mujeres puerperas con dosis completa de hierro,57
Oruro,40402,Turco,2008,9,Mujeres puerperas con dosis completa de hierro,2
La Paz,21302,Umala,2008,9,Mujeres puerperas con dosis completa de hierro,3
Potosí,50201,Uncia,2008,9,Mujeres puerperas con dosis completa de hierro,43
Tarija,60401,Uriondo (a. Concepcion),2008,9,Mujeres puerperas con dosis completa de hierro,9
Santa Cruz,71502,Urubicha,2008,9,Mujeres puerperas con dosis completa de hierro,8
Potosí,51201,Uyuni,2008,9,Mujeres puerperas con dosis completa de hierro,17
Cochabamba,30502,Vacas,2008,9,Mujeres puerperas con dosis completa de hierro,17
Santa Cruz,70801,Vallegrande,2008,9,Mujeres puerperas con dosis completa de hierro,20
La Paz,20801,Viacha,2008,9,Mujeres puerperas con dosis completa de hierro,27
Cochabamba,31302,Vila Vila,2008,9,Mujeres puerperas con dosis completa de hierro,14
Tarija,60303,Villa Montes,2008,9,Mujeres puerperas con dosis completa de hierro,83
Pando,90502,Villa Nueva (loma Alta),2008,9,Mujeres puerperas con dosis completa de hierro,1
Cochabamba,31402,Villa Rivero,2008,9,Mujeres puerperas con dosis completa de hierro,5
Chuquisaca,10801,Villa Serrano,2008,9,Mujeres puerperas con dosis completa de hierro,16
Cochabamba,31003,Villa Tunari,2008,9,Mujeres puerperas con dosis completa de hierro,105
Chuquisaca,11001,Villa Vaca Guzman (muyupampa),2008,9,Mujeres puerperas con dosis completa de hierro,14
Potosí,51501,Villazon,2008,9,Mujeres puerperas con dosis completa de hierro,71
Cochabamba,30904,Vinto,2008,9,Mujeres puerperas con dosis completa de hierro,17
Potosí,50602,Vitichi,2008,9,Mujeres puerperas con dosis completa de hierro,6
La Paz,20306,Waldo Ballivian,2008,9,Mujeres puerperas con dosis completa de hierro,7
Santa Cruz,70201,Warnes,2008,9,Mujeres puerperas con dosis completa de hierro,81
La Paz,20903,Yaco,2008,9,Mujeres puerperas con dosis completa de hierro,5
Tarija,60301,Yacuiba,2008,9,Mujeres puerperas con dosis completa de hierro,114
Chuquisaca,10602,Yamparaez,2008,9,Mujeres puerperas con dosis completa de hierro,17
La Paz,21103,Yanacachi,2008,9,Mujeres puerperas con dosis completa de hierro,2
Santa Cruz,70403,Yapacani,2008,9,Mujeres puerperas con dosis completa de hierro,75
Potosí,50103,Yocalla,2008,9,Mujeres puerperas con dosis completa de hierro,5
Chuquisaca,10102,Yotala,2008,9,Mujeres puerperas con dosis completa de hierro,13
Tarija,60402,Yunchara,2008,9,Mujeres puerperas con dosis completa de hierro,7
Chuquisaca,10301,Zudañez,2008,9,Mujeres puerperas con dosis completa de hierro,19
Potosí,51302,Acacio,2008,10,Mujeres puerperas con dosis completa de hierro,9
La Paz,20201,Achacachi,2008,10,Mujeres puerperas con dosis completa de hierro,61
La Paz,20104,Achocalla,2008,10,Mujeres puerperas con dosis completa de hierro,15
Cochabamba,30201,Aiquile,2008,10,Mujeres puerperas con dosis completa de hierro,44
Cochabamba,31303,Alalay,2008,10,Mujeres puerperas con dosis completa de hierro,9
Chuquisaca,10404,Alcala,2008,10,Mujeres puerperas con dosis completa de hierro,9
La Paz,20202,Ancoraimes,2008,10,Mujeres puerperas con dosis completa de hierro,21
Oruro,41201,Andamarca,2008,10,Mujeres puerperas con dosis completa de hierro,1
Cochabamba,30402,Anzaldo,2008,10,Mujeres puerperas con dosis completa de hierro,15
La Paz,20701,Apolo,2008,10,Mujeres puerperas con dosis completa de hierro,24
Potosí,51301,Arampampa,2008,10,Mujeres puerperas con dosis completa de hierro,8
Cochabamba,30501,Arani,2008,10,Mujeres puerperas con dosis completa de hierro,13
Cochabamba,30403,Arbieto,2008,10,Mujeres puerperas con dosis completa de hierro,16
Cochabamba,30601,Arque,2008,10,Mujeres puerperas con dosis completa de hierro,18
Santa Cruz,71501,Ascencion De Guarayos,2008,10,Mujeres puerperas con dosis completa de hierro,37
Potosí,50802,Atocha,2008,10,Mujeres puerperas con dosis completa de hierro,12
La Paz,20503,Aucapata,2008,10,Mujeres puerperas con dosis completa de hierro,2
La Paz,20502,Ayata,2008,10,Mujeres puerperas con dosis completa de hierro,17
La Paz,21303,Ayo Ayo,2008,10,Mujeres puerperas con dosis completa de hierro,2
Cochabamba,30301,Ayopaya (v. De Independencia),2008,10,Mujeres puerperas con dosis completa de hierro,46
Chuquisaca,10201,Azurduy,2008,10,Mujeres puerperas con dosis completa de hierro,20
La Paz,21203,Batallas,2008,10,Mujeres puerperas con dosis completa de hierro,13
Beni,80802,Baures,2008,10,Mujeres puerperas con dosis completa de hierro,7
Potosí,50104,Belen De Urmiri,2008,10,Mujeres puerperas con dosis completa de hierro,3
Pando,90104,Bella Flor,2008,10,Mujeres puerperas con dosis completa de hierro,2
Tarija,60202,Bermejo,2008,10,Mujeres puerperas con dosis completa de hierro,63
Potosí,50301,Betanzos,2008,10,Mujeres puerperas con dosis completa de hierro,49
Cochabamba,31501,Bolivar,2008,10,Mujeres puerperas con dosis completa de hierro,20
Pando,90103,Bolpebra,2008,10,Mujeres puerperas con dosis completa de hierro,2
Santa Cruz,70707,Boyuibe,2008,10,Mujeres puerperas con dosis completa de hierro,4
Santa Cruz,70401,Buena Vista,2008,10,Mujeres puerperas con dosis completa de hierro,8
Santa Cruz,70703,Cabezas,2008,10,Mujeres puerperas con dosis completa de hierro,14
La Paz,20905,Cairoma,2008,10,Mujeres puerperas con dosis completa de hierro,16
Potosí,51102,"Caiza ""d""",2008,10,Mujeres puerperas con dosis completa de hierro,16
La Paz,21003,Cajuata,2008,10,Mujeres puerperas con dosis completa de hierro,16
La Paz,20303,Calacoto,2008,10,Mujeres puerperas con dosis completa de hierro,5
La Paz,21304,Calamarca,2008,10,Mujeres puerperas con dosis completa de hierro,10
Chuquisaca,10701,Camargo,2008,10,Mujeres puerperas con dosis completa de hierro,28
Chuquisaca,10901,Camataqui (c. Villa Abecia),2008,10,Mujeres puerperas con dosis completa de hierro,2
Santa Cruz,70706,Camiri,2008,10,Mujeres puerperas con dosis completa de hierro,43
Cochabamba,30701,Capinota,2008,10,Mujeres puerperas con dosis completa de hierro,31
La Paz,20302,Caquiaviri,2008,10,Mujeres puerperas con dosis completa de hierro,4
Oruro,40102,Caracollo,2008,10,Mujeres puerperas con dosis completa de hierro,20
La Paz,22001,Caranavi,2008,10,Mujeres puerperas con dosis completa de hierro,79
Tarija,60302,Carapari,2008,10,Mujeres puerperas con dosis completa de hierro,16
Potosí,50702,Caripuyo,2008,10,Mujeres puerperas con dosis completa de hierro,23
Santa Cruz,71403,Carmen Rivero Torrez,2008,10,Mujeres puerperas con dosis completa de hierro,5
La Paz,21803,Chacarilla,2008,10,Mujeres puerperas con dosis completa de hierro,2
Oruro,40201,Challapata,2008,10,Mujeres puerperas con dosis completa de hierro,58
Potosí,50302,Chaqui,2008,10,Mujeres puerperas con dosis completa de hierro,7
Santa Cruz,70702,Charagua,2008,10,Mujeres puerperas con dosis completa de hierro,69
La Paz,20305,Charaña,2008,10,Mujeres puerperas con dosis completa de hierro,3
Potosí,50202,Chayanta,2008,10,Mujeres puerperas con dosis completa de hierro,17
Cochabamba,31204,Chimore,2008,10,Mujeres puerperas con dosis completa de hierro,7
Oruro,40903,Chipaya,2008,10,Mujeres puerperas con dosis completa de hierro,4
Oruro,40302,Choque Cota,2008,10,Mujeres puerperas con dosis completa de hierro,1
La Paz,21101,Chulumani (v. De La Libertad),2008,10,Mujeres puerperas con dosis completa de hierro,22
La Paz,20501,Chuma,2008,10,Mujeres puerperas con dosis completa de hierro,9
Cochabamba,30801,Cliza,2008,10,Mujeres puerperas con dosis completa de hierro,6
Pando,90101,Cobija,2008,10,Mujeres puerperas con dosis completa de hierro,99
Cochabamba,30101,Cochabamba,2008,10,Mujeres puerperas con dosis completa de hierro,475
Cochabamba,30905,Colcapirhua,2008,10,Mujeres puerperas con dosis completa de hierro,49
Potosí,50901,"Colcha ""k""",2008,10,Mujeres puerperas con dosis completa de hierro,16
La Paz,21307,Collana,2008,10,Mujeres puerperas con dosis completa de hierro,1
Cochabamba,31002,Colomi,2008,10,Mujeres puerperas con dosis completa de hierro,32
Santa Cruz,70603,Colpa Belgica,2008,10,Mujeres puerperas con dosis completa de hierro,6
Potosí,50401,Colquechaca,2008,10,Mujeres puerperas con dosis completa de hierro,57
La Paz,21306,Colquencha,2008,10,Mujeres puerperas con dosis completa de hierro,12
La Paz,21004,Colquiri,2008,10,Mujeres puerperas con dosis completa de hierro,30
La Paz,20304,Comanche,2008,10,Mujeres puerperas con dosis completa de hierro,6
Santa Cruz,71301,Comarapa,2008,10,Mujeres puerperas con dosis completa de hierro,49
La Paz,20605,Combaya,2008,10,Mujeres puerperas con dosis completa de hierro,6
Santa Cruz,71101,Concepcion,2008,10,Mujeres puerperas con dosis completa de hierro,5
La Paz,21701,Copacabana,2008,10,Mujeres puerperas con dosis completa de hierro,16
La Paz,21402,Coripata,2008,10,Mujeres puerperas con dosis completa de hierro,14
La Paz,20301,Coro Coro,2008,10,Mujeres puerperas con dosis completa de hierro,9
La Paz,21401,Coroico,2008,10,Mujeres puerperas con dosis completa de hierro,31
Oruro,40301,Corque,2008,10,Mujeres puerperas con dosis completa de hierro,10
Potosí,50601,Cotagaita,2008,10,Mujeres puerperas con dosis completa de hierro,51
Santa Cruz,70102,Cotoca,2008,10,Mujeres puerperas con dosis completa de hierro,50
Santa Cruz,71106,Cuatro Cañadas,2008,10,Mujeres puerperas con dosis completa de hierro,27
Cochabamba,31405,Cuchumuela (v. G. Villarroel),2008,10,Mujeres puerperas con dosis completa de hierro,2
Santa Cruz,70704,Cuevo,2008,10,Mujeres puerperas con dosis completa de hierro,7
Chuquisaca,10902,Culpina,2008,10,Mujeres puerperas con dosis completa de hierro,46
Oruro,40401,Curahuara De Carangas,2008,10,Mujeres puerperas con dosis completa de hierro,5
La Paz,21602,Curva,2008,10,Mujeres puerperas con dosis completa de hierro,3
La Paz,20804,Desaguadero,2008,10,Mujeres puerperas con dosis completa de hierro,7
La Paz,20105,El Alto,2008,10,Mujeres puerperas con dosis completa de hierro,1140
Oruro,40103,El Choro,2008,10,Mujeres puerperas con dosis completa de hierro,11
Santa Cruz,71503,El Puente(stc),2008,10,Mujeres puerperas con dosis completa de hierro,13
Tarija,60502,El Puente(tja),2008,10,Mujeres puerperas con dosis completa de hierro,21
Santa Cruz,70105,El Torno,2008,10,Mujeres puerperas con dosis completa de hierro,100
Chuquisaca,10405,El Villar,2008,10,Mujeres puerperas con dosis completa de hierro,3
Tarija,60601,Entre Rios,2008,10,Mujeres puerperas con dosis completa de hierro,23
Tarija,60601,Entre Rios,2008,10,Mujeres puerperas con dosis completa de hierro,20
Oruro,41101,Eucaliptus,2008,10,Mujeres puerperas con dosis completa de hierro,10
Pando,90503,Eureka (santos Mercado),2008,10,Mujeres puerperas con dosis completa de hierro,3
Beni,80402,Exaltacion,2008,10,Mujeres puerperas con dosis completa de hierro,3
Santa Cruz,71004,Fernandez Alonso,2008,10,Mujeres puerperas con dosis completa de hierro,18
Pando,90203,Filadelfia,2008,10,Mujeres puerperas con dosis completa de hierro,3
Santa Cruz,71002,General Saavedra,2008,10,Mujeres puerperas con dosis completa de hierro,12
La Paz,21601,Gral. J.j. Perez (charazani),2008,10,Mujeres puerperas con dosis completa de hierro,19
La Paz,20602,Guanay,2008,10,Mujeres puerperas con dosis completa de hierro,2
La Paz,20802,Guaqui,2008,10,Mujeres puerperas con dosis completa de hierro,7
Beni,80202,Guayaramerin,2008,10,Mujeres puerperas con dosis completa de hierro,76
Santa Cruz,70705,Gutierrez,2008,10,Mujeres puerperas con dosis completa de hierro,7
Chuquisaca,10502,Huacareta,2008,10,Mujeres puerperas con dosis completa de hierro,13
Chuquisaca,11002,Huacaya (villa De Huacaya),2008,10,Mujeres puerperas con dosis completa de hierro,6
Oruro,40501,Huachacalla,2008,10,Mujeres puerperas con dosis completa de hierro,2
Oruro,40701,Huanuni,2008,10,Mujeres puerperas con dosis completa de hierro,13
Beni,80803,Huaracaje,2008,10,Mujeres puerperas con dosis completa de hierro,2
Oruro,41601,Huayllamarca,2008,10,Mujeres puerperas con dosis completa de hierro,5
La Paz,21005,Ichoca,2008,10,Mujeres puerperas con dosis completa de hierro,4
Chuquisaca,10304,Icla,2008,10,Mujeres puerperas con dosis completa de hierro,16
Chuquisaca,10703,Incahuasi,2008,10,Mujeres puerperas con dosis completa de hierro,54
Pando,90402,Ingavi (humaita),2008,10,Mujeres puerperas con dosis completa de hierro,1
La Paz,21001,Inquisivi,2008,10,Mujeres puerperas con dosis completa de hierro,12
La Paz,21102,Irupana (villa De Lanza),2008,10,Mujeres puerperas con dosis completa de hierro,4
La Paz,21501,Ixiamas,2008,10,Mujeres puerperas con dosis completa de hierro,9
La Paz,20806,Jesus De Machaca,2008,10,Mujeres puerperas con dosis completa de hierro,24
La Paz,21105,La Asunta,2008,10,Mujeres puerperas con dosis completa de hierro,23
Santa Cruz,70104,La Guardia,2008,10,Mujeres puerperas con dosis completa de hierro,25
La Paz,20101,La Paz,2008,10,Mujeres puerperas con dosis completa de hierro,698
Santa Cruz,70701,Lagunillas,2008,10,Mujeres puerperas con dosis completa de hierro,6
La Paz,21202,Laja,2008,10,Mujeres puerperas con dosis completa de hierro,20
Chuquisaca,10903,Las Carreras,2008,10,Mujeres puerperas con dosis completa de hierro,4
La Paz,21006,Licoma Pampa,2008,10,Mujeres puerperas con dosis completa de hierro,2
Potosí,50203,Llallagua,2008,10,Mujeres puerperas con dosis completa de hierro,66
Potosí,51401,Llica,2008,10,Mujeres puerperas con dosis completa de hierro,4
Beni,80601,Loreto,2008,10,Mujeres puerperas con dosis completa de hierro,4
La Paz,20901,Luribay,2008,10,Mujeres puerperas con dosis completa de hierro,10
Oruro,40702,Machacamarca,2008,10,Mujeres puerperas con dosis completa de hierro,4
Chuquisaca,11003,Machareti,2008,10,Mujeres puerperas con dosis completa de hierro,7
Beni,80801,Magdalena,2008,10,Mujeres puerperas con dosis completa de hierro,15
Santa Cruz,70903,Mairana,2008,10,Mujeres puerperas con dosis completa de hierro,19
La Paz,20904,Malla,2008,10,Mujeres puerperas con dosis completa de hierro,8
La Paz,20607,Mapiri,2008,10,Mujeres puerperas con dosis completa de hierro,13
La Paz,20103,Mecapaca,2008,10,Mujeres puerperas con dosis completa de hierro,13
Santa Cruz,71003,Mineros,2008,10,Mujeres puerperas con dosis completa de hierro,28
Cochabamba,31301,Mizque,2008,10,Mujeres puerperas con dosis completa de hierro,46
La Paz,20402,Mocomoco,2008,10,Mujeres puerperas con dosis completa de hierro,20
Chuquisaca,10303,Mojocoya,2008,10,Mujeres puerperas con dosis completa de hierro,12
Chuquisaca,10501,Monteagudo,2008,10,Mujeres puerperas con dosis completa de hierro,42
Santa Cruz,71001,Montero,2008,10,Mujeres puerperas con dosis completa de hierro,93
Cochabamba,30302,Morochata,2008,10,Mujeres puerperas con dosis completa de hierro,31
Pando,90401,Nacebe (santa Rosa Del Abuna),2008,10,Mujeres puerperas con dosis completa de hierro,6
Pando,90501,Nuevo Manoa (nueva Esperanza),2008,10,Mujeres puerperas con dosis completa de hierro,1
Potosí,50404,Ocuri,2008,10,Mujeres puerperas con dosis completa de hierro,53
Santa Cruz,70202,Okinawa,2008,10,Mujeres puerperas con dosis completa de hierro,10
Cochabamba,30203,Omereque,2008,10,Mujeres puerperas con dosis completa de hierro,9
Oruro,40101,Oruro,2008,10,Mujeres puerperas con dosis completa de hierro,134
Tarija,60201,Padcaya,2008,10,Mujeres puerperas con dosis completa de hierro,16
Chuquisaca,10401,Padilla,2008,10,Mujeres puerperas con dosis completa de hierro,20
Santa Cruz,70502,Pailon,2008,10,Mujeres puerperas con dosis completa de hierro,20
La Paz,20102,Palca,2008,10,Mujeres puerperas con dosis completa de hierro,8
La Paz,21104,Palos Blancos,2008,10,Mujeres puerperas con dosis completa de hierro,33
Oruro,40802,Pampa Aullagas,2008,10,Mujeres puerperas con dosis completa de hierro,6
Santa Cruz,70902,Pampa Grande,2008,10,Mujeres puerperas con dosis completa de hierro,11
La Paz,21802,Papel Pampa,2008,10,Mujeres puerperas con dosis completa de hierro,4
Cochabamba,30202,Pasorapa,2008,10,Mujeres puerperas con dosis completa de hierro,2
La Paz,21305,Patacamaya,2008,10,Mujeres puerperas con dosis completa de hierro,40
Oruro,40602,Pazña,2008,10,Mujeres puerperas con dosis completa de hierro,7
La Paz,20702,Pelechuco,2008,10,Mujeres puerperas con dosis completa de hierro,5
Potosí,50403,Pocoata,2008,10,Mujeres puerperas con dosis completa de hierro,34
Cochabamba,31203,Pocona,2008,10,Mujeres puerperas con dosis completa de hierro,15
Cochabamba,31202,Pojo (cbba),2008,10,Mujeres puerperas con dosis completa de hierro,23
Oruro,40601,Poopo,2008,10,Mujeres puerperas con dosis completa de hierro,11
Potosí,51203,Porco,2008,10,Mujeres puerperas con dosis completa de hierro,16
Chuquisaca,10103,Poroma,2008,10,Mujeres puerperas con dosis completa de hierro,35
Santa Cruz,70103,Porongo,2008,10,Mujeres puerperas con dosis completa de hierro,8
Santa Cruz,70601,Portachuelo,2008,10,Mujeres puerperas con dosis completa de hierro,19
Pando,90102,Porvenir,2008,10,Mujeres puerperas con dosis completa de hierro,7
Santa Cruz,70804,Postrer Valle,2008,10,Mujeres puerperas con dosis completa de hierro,2
Potosí,50101,Potosi,2008,10,Mujeres puerperas con dosis completa de hierro,81
Chuquisaca,10302,Presto,2008,10,Mujeres puerperas con dosis completa de hierro,17
Santa Cruz,70805,Pucara,2008,10,Mujeres puerperas con dosis completa de hierro,1
La Paz,21201,Pucarani,2008,10,Mujeres puerperas con dosis completa de hierro,22
La Paz,20401,Puerto Acosta,2008,10,Mujeres puerperas con dosis completa de hierro,35
La Paz,20403,Puerto Carabuco,2008,10,Mujeres puerperas con dosis completa de hierro,13
Pando,90301,Puerto Gonzalo Moreno,2008,10,Mujeres puerperas con dosis completa de hierro,11
La Paz,21204,Puerto Perez,2008,10,Mujeres puerperas con dosis completa de hierro,10
Santa Cruz,71402,Puerto Quijarro,2008,10,Mujeres puerperas con dosis completa de hierro,13
Pando,90201,Puerto Rico,2008,10,Mujeres puerperas con dosis completa de hierro,6
Santa Cruz,71401,Puerto Suarez,2008,10,Mujeres puerperas con dosis completa de hierro,21
Cochabamba,31205,Puerto Villarroel,2008,10,Mujeres puerperas con dosis completa de hierro,76
Potosí,51101,Puna,2008,10,Mujeres puerperas con dosis completa de hierro,36
Cochabamba,31401,Punata,2008,10,Mujeres puerperas con dosis completa de hierro,24
La Paz,20604,Quiabaya,2008,10,Mujeres puerperas con dosis completa de hierro,6
Cochabamba,30901,Quillacollo,2008,10,Mujeres puerperas con dosis completa de hierro,144
La Paz,21002,Quime,2008,10,Mujeres puerperas con dosis completa de hierro,10
Potosí,50402,Ravelo,2008,10,Mujeres puerperas con dosis completa de hierro,33
Beni,80301,Reyes,2008,10,Mujeres puerperas con dosis completa de hierro,18
Beni,80201,Riberalta,2008,10,Mujeres puerperas con dosis completa de hierro,400
Santa Cruz,70503,Robore,2008,10,Mujeres puerperas con dosis completa de hierro,28
Beni,80304,Rurrenabaque,2008,10,Mujeres puerperas con dosis completa de hierro,16
Oruro,40901,Sabaya,2008,10,Mujeres puerperas con dosis completa de hierro,4
Cochabamba,31001,Sacaba,2008,10,Mujeres puerperas con dosis completa de hierro,160
Cochabamba,30404,Sacabamba,2008,10,Mujeres puerperas con dosis completa de hierro,3
Potosí,50701,Sacaca,2008,10,Mujeres puerperas con dosis completa de hierro,47
Santa Cruz,71302,Saipina,2008,10,Mujeres puerperas con dosis completa de hierro,3
Oruro,40801,Salinas De Garci Mendoza,2008,10,Mujeres puerperas con dosis completa de hierro,10
Santa Cruz,70901,Samaipata,2008,10,Mujeres puerperas con dosis completa de hierro,7
Potosí,51601,San Agustin,2008,10,Mujeres puerperas con dosis completa de hierro,3
Beni,80602,San Andres,2008,10,Mujeres puerperas con dosis completa de hierro,6
La Paz,20805,San Andres De Machaca,2008,10,Mujeres puerperas con dosis completa de hierro,3
Potosí,51003,San Antonio De Esmoruco,2008,10,Mujeres puerperas con dosis completa de hierro,3
Santa Cruz,71105,San Antonio De Lomerio,2008,10,Mujeres puerperas con dosis completa de hierro,7
Cochabamba,31403,San Benito,2008,10,Mujeres puerperas con dosis completa de hierro,15
Beni,80302,San Borja,2008,10,Mujeres puerperas con dosis completa de hierro,53
La Paz,21502,San Buena Ventura,2008,10,Mujeres puerperas con dosis completa de hierro,24
Santa Cruz,70402,San Carlos,2008,10,Mujeres puerperas con dosis completa de hierro,42
Beni,80501,San Ignacio,2008,10,Mujeres puerperas con dosis completa de hierro,45
Santa Cruz,70301,San Ignacio De Velasco,2008,10,Mujeres puerperas con dosis completa de hierro,89
Beni,80102,San Javier(bni),2008,10,Mujeres puerperas con dosis completa de hierro,1
Santa Cruz,71102,San Javier(stc),2008,10,Mujeres puerperas con dosis completa de hierro,21
Beni,80701,San Joaquin,2008,10,Mujeres puerperas con dosis completa de hierro,6
Santa Cruz,70501,San Jose De Chiquitos,2008,10,Mujeres puerperas con dosis completa de hierro,30
Santa Cruz,70404,San Juan De Yapacani,2008,10,Mujeres puerperas con dosis completa de hierro,4
Santa Cruz,71104,San Julian,2008,10,Mujeres puerperas con dosis completa de hierro,16
Pando,90302,San Lorenzo(pnd),2008,10,Mujeres puerperas con dosis completa de hierro,3
Tarija,60501,San Lorenzo(tja),2008,10,Mujeres puerperas con dosis completa de hierro,14
Chuquisaca,10702,San Lucas,2008,10,Mujeres puerperas con dosis completa de hierro,80
Santa Cruz,71201,San Matias,2008,10,Mujeres puerperas con dosis completa de hierro,11
Santa Cruz,70302,San Miguel De Velasco,2008,10,Mujeres puerperas con dosis completa de hierro,13
Potosí,51001,San Pablo De Lipez,2008,10,Mujeres puerperas con dosis completa de hierro,5
Santa Cruz,71005,San Pedro,2008,10,Mujeres puerperas con dosis completa de hierro,12
Potosí,50501,San Pedro De Buena Vista,2008,10,Mujeres puerperas con dosis completa de hierro,38
La Paz,21801,San Pedro De Curahuara,2008,10,Mujeres puerperas con dosis completa de hierro,5
Potosí,50902,San Pedro De Quemes,2008,10,Mujeres puerperas con dosis completa de hierro,1
La Paz,21702,San Pedro De Tiquina,2008,10,Mujeres puerperas con dosis completa de hierro,8
Pando,90202,San Pedro(pnd),2008,10,Mujeres puerperas con dosis completa de hierro,2
Santa Cruz,70303,San Rafael,2008,10,Mujeres puerperas con dosis completa de hierro,5
Beni,80702,San Ramon,2008,10,Mujeres puerperas con dosis completa de hierro,18
Beni,80702,San Ramon,2008,10,Mujeres puerperas con dosis completa de hierro,4
Beni,80401,Santa Ana,2008,10,Mujeres puerperas con dosis completa de hierro,21
Santa Cruz,70101,Santa Cruz De La Sierra,2008,10,Mujeres puerperas con dosis completa de hierro,298
Beni,80303,Santa Rosa,2008,10,Mujeres puerperas con dosis completa de hierro,26
Santa Cruz,70602,Santa Rosa Del Sara,2008,10,Mujeres puerperas con dosis completa de hierro,25
La Paz,20308,Santiago De Callapa,2008,10,Mujeres puerperas con dosis completa de hierro,7
Oruro,41401,Santiago De Huari,2008,10,Mujeres puerperas con dosis completa de hierro,11
La Paz,21901,Santiago De Machaca,2008,10,Mujeres puerperas con dosis completa de hierro,4
Cochabamba,30702,Santivañes,2008,10,Mujeres puerperas con dosis completa de hierro,7
Oruro,40202,Santuario De Quillacas,2008,10,Mujeres puerperas con dosis completa de hierro,6
La Paz,20902,Sapahaqui,2008,10,Mujeres puerperas con dosis completa de hierro,4
Pando,90303,Sena,2008,10,Mujeres puerperas con dosis completa de hierro,7
La Paz,21301,Sica Sica (villa Aroma),2008,10,Mujeres puerperas con dosis completa de hierro,16
Cochabamba,30703,Sicaya,2008,10,Mujeres puerperas con dosis completa de hierro,5
Cochabamba,30902,Sipe Sipe,2008,10,Mujeres puerperas con dosis completa de hierro,23
Chuquisaca,10403,Sopachuy,2008,10,Mujeres puerperas con dosis completa de hierro,5
Oruro,40104,Soracachi,2008,10,Mujeres puerperas con dosis completa de hierro,9
La Paz,20601,Sorata,2008,10,Mujeres puerperas con dosis completa de hierro,18
Chuquisaca,10101,Sucre,2008,10,Mujeres puerperas con dosis completa de hierro,437
La Paz,20603,Tacacoma,2008,10,Mujeres puerperas con dosis completa de hierro,9
Potosí,50303,Tacobamba,2008,10,Mujeres puerperas con dosis completa de hierro,9
Cochabamba,30602,Tacopaya,2008,10,Mujeres puerperas con dosis completa de hierro,22
Cochabamba,31101,Tapacari,2008,10,Mujeres puerperas con dosis completa de hierro,40
Chuquisaca,10601,Tarabuco,2008,10,Mujeres puerperas con dosis completa de hierro,28
La Paz,20807,Taraco,2008,10,Mujeres puerperas con dosis completa de hierro,4
Cochabamba,30401,Tarata,2008,10,Mujeres puerperas con dosis completa de hierro,11
Tarija,60101,Tarija,2008,10,Mujeres puerperas con dosis completa de hierro,28
Chuquisaca,10202,Tarvita,2008,10,Mujeres puerperas con dosis completa de hierro,26
La Paz,20608,Teoponte,2008,10,Mujeres puerperas con dosis completa de hierro,7
La Paz,20803,Tiawanacu,2008,10,Mujeres puerperas con dosis completa de hierro,18
Potosí,50102,Tinguipaya,2008,10,Mujeres puerperas con dosis completa de hierro,121
La Paz,20606,Tipuani,2008,10,Mujeres puerperas con dosis completa de hierro,13
Cochabamba,30903,Tiquipaya,2008,10,Mujeres puerperas con dosis completa de hierro,130
Cochabamba,31601,Tiraque (cbba),2008,10,Mujeres puerperas con dosis completa de hierro,58
La Paz,21703,Tito Yupanqui (parquipujio),2008,10,Mujeres puerperas con dosis completa de hierro,1
Cochabamba,30802,Toco,2008,10,Mujeres puerperas con dosis completa de hierro,5
Cochabamba,30803,Tolata,2008,10,Mujeres puerperas con dosis completa de hierro,8
Oruro,41001,Toledo,2008,10,Mujeres puerperas con dosis completa de hierro,6
Potosí,51202,Tomave,2008,10,Mujeres puerperas con dosis completa de hierro,18
Chuquisaca,10402,Tomina,2008,10,Mujeres puerperas con dosis completa de hierro,19
Potosí,50502,Toro Toro,2008,10,Mujeres puerperas con dosis completa de hierro,18
Cochabamba,31201,Totora(cbba),2008,10,Mujeres puerperas con dosis completa de hierro,25
Oruro,41301,Totora(orr),2008,10,Mujeres puerperas con dosis completa de hierro,6
Santa Cruz,70802,Trigal,2008,10,Mujeres puerperas con dosis completa de hierro,2
Beni,80101,Trinidad,2008,10,Mujeres puerperas con dosis completa de hierro,43
Potosí,50801,Tupiza,2008,10,Mujeres puerperas con dosis completa de hierro,69
Oruro,40402,Turco,2008,10,Mujeres puerperas con dosis completa de hierro,8
La Paz,21302,Umala,2008,10,Mujeres puerperas con dosis completa de hierro,9
Potosí,50201,Uncia,2008,10,Mujeres puerperas con dosis completa de hierro,39
Tarija,60401,Uriondo (a. Concepcion),2008,10,Mujeres puerperas con dosis completa de hierro,12
Santa Cruz,71502,Urubicha,2008,10,Mujeres puerperas con dosis completa de hierro,11
Potosí,51201,Uyuni,2008,10,Mujeres puerperas con dosis completa de hierro,7
Cochabamba,30502,Vacas,2008,10,Mujeres puerperas con dosis completa de hierro,17
Santa Cruz,70801,Vallegrande,2008,10,Mujeres puerperas con dosis completa de hierro,25
La Paz,20801,Viacha,2008,10,Mujeres puerperas con dosis completa de hierro,36
Cochabamba,31302,Vila Vila,2008,10,Mujeres puerperas con dosis completa de hierro,11
Tarija,60303,Villa Montes,2008,10,Mujeres puerperas con dosis completa de hierro,83
Pando,90502,Villa Nueva (loma Alta),2008,10,Mujeres puerperas con dosis completa de hierro,2
Cochabamba,31402,Villa Rivero,2008,10,Mujeres puerperas con dosis completa de hierro,7
Chuquisaca,10801,Villa Serrano,2008,10,Mujeres puerperas con dosis completa de hierro,21
Cochabamba,31003,Villa Tunari,2008,10,Mujeres puerperas con dosis completa de hierro,101
Chuquisaca,11001,Villa Vaca Guzman (muyupampa),2008,10,Mujeres puerperas con dosis completa de hierro,11
Potosí,51501,Villazon,2008,10,Mujeres puerperas con dosis completa de hierro,64
Cochabamba,30904,Vinto,2008,10,Mujeres puerperas con dosis completa de hierro,28
Potosí,50602,Vitichi,2008,10,Mujeres puerperas con dosis completa de hierro,3
La Paz,20306,Waldo Ballivian,2008,10,Mujeres puerperas con dosis completa de hierro,2
Santa Cruz,70201,Warnes,2008,10,Mujeres puerperas con dosis completa de hierro,91
La Paz,20903,Yaco,2008,10,Mujeres puerperas con dosis completa de hierro,9
Tarija,60301,Yacuiba,2008,10,Mujeres puerperas con dosis completa de hierro,97
Chuquisaca,10602,Yamparaez,2008,10,Mujeres puerperas con dosis completa de hierro,11
La Paz,21103,Yanacachi,2008,10,Mujeres puerperas con dosis completa de hierro,2
Santa Cruz,70403,Yapacani,2008,10,Mujeres puerperas con dosis completa de hierro,64
Potosí,50103,Yocalla,2008,10,Mujeres puerperas con dosis completa de hierro,3
Chuquisaca,10102,Yotala,2008,10,Mujeres puerperas con dosis completa de hierro,12
Tarija,60402,Yunchara,2008,10,Mujeres puerperas con dosis completa de hierro,10
Chuquisaca,10301,Zudañez,2008,10,Mujeres puerperas con dosis completa de hierro,25
Potosí,51302,Acacio,2008,11,Mujeres puerperas con dosis completa de hierro,17
La Paz,20201,Achacachi,2008,11,Mujeres puerperas con dosis completa de hierro,62
La Paz,20104,Achocalla,2008,11,Mujeres puerperas con dosis completa de hierro,7
Cochabamba,30201,Aiquile,2008,11,Mujeres puerperas con dosis completa de hierro,41
Cochabamba,31303,Alalay,2008,11,Mujeres puerperas con dosis completa de hierro,3
Chuquisaca,10404,Alcala,2008,11,Mujeres puerperas con dosis completa de hierro,2
La Paz,20202,Ancoraimes,2008,11,Mujeres puerperas con dosis completa de hierro,26
Oruro,41201,Andamarca,2008,11,Mujeres puerperas con dosis completa de hierro,4
Oruro,40603,Antequera,2008,11,Mujeres puerperas con dosis completa de hierro,2
Cochabamba,30402,Anzaldo,2008,11,Mujeres puerperas con dosis completa de hierro,9
La Paz,20701,Apolo,2008,11,Mujeres puerperas con dosis completa de hierro,27
Potosí,51301,Arampampa,2008,11,Mujeres puerperas con dosis completa de hierro,7
Cochabamba,30501,Arani,2008,11,Mujeres puerperas con dosis completa de hierro,22
Cochabamba,30403,Arbieto,2008,11,Mujeres puerperas con dosis completa de hierro,16
Cochabamba,30601,Arque,2008,11,Mujeres puerperas con dosis completa de hierro,22
Santa Cruz,71501,Ascencion De Guarayos,2008,11,Mujeres puerperas con dosis completa de hierro,27
Potosí,50802,Atocha,2008,11,Mujeres puerperas con dosis completa de hierro,6
La Paz,20503,Aucapata,2008,11,Mujeres puerperas con dosis completa de hierro,2
La Paz,20502,Ayata,2008,11,Mujeres puerperas con dosis completa de hierro,7
La Paz,21303,Ayo Ayo,2008,11,Mujeres puerperas con dosis completa de hierro,16
Cochabamba,30301,Ayopaya (v. De Independencia),2008,11,Mujeres puerperas con dosis completa de hierro,29
Chuquisaca,10201,Azurduy,2008,11,Mujeres puerperas con dosis completa de hierro,24
La Paz,21203,Batallas,2008,11,Mujeres puerperas con dosis completa de hierro,24
Beni,80802,Baures,2008,11,Mujeres puerperas con dosis completa de hierro,5
Oruro,41202,Belen De Andamarca,2008,11,Mujeres puerperas con dosis completa de hierro,1
Potosí,50104,Belen De Urmiri,2008,11,Mujeres puerperas con dosis completa de hierro,2
Tarija,60202,Bermejo,2008,11,Mujeres puerperas con dosis completa de hierro,62
Potosí,50301,Betanzos,2008,11,Mujeres puerperas con dosis completa de hierro,47
Cochabamba,31501,Bolivar,2008,11,Mujeres puerperas con dosis completa de hierro,9
Santa Cruz,70707,Boyuibe,2008,11,Mujeres puerperas con dosis completa de hierro,5
Santa Cruz,70401,Buena Vista,2008,11,Mujeres puerperas con dosis completa de hierro,10
Santa Cruz,70703,Cabezas,2008,11,Mujeres puerperas con dosis completa de hierro,14
La Paz,20905,Cairoma,2008,11,Mujeres puerperas con dosis completa de hierro,10
Potosí,51102,"Caiza ""d""",2008,11,Mujeres puerperas con dosis completa de hierro,11
La Paz,21003,Cajuata,2008,11,Mujeres puerperas con dosis completa de hierro,14
La Paz,20303,Calacoto,2008,11,Mujeres puerperas con dosis completa de hierro,6
La Paz,21304,Calamarca,2008,11,Mujeres puerperas con dosis completa de hierro,12
Chuquisaca,10701,Camargo,2008,11,Mujeres puerperas con dosis completa de hierro,20
Santa Cruz,70706,Camiri,2008,11,Mujeres puerperas con dosis completa de hierro,78
Cochabamba,30701,Capinota,2008,11,Mujeres puerperas con dosis completa de hierro,30
La Paz,20302,Caquiaviri,2008,11,Mujeres puerperas con dosis completa de hierro,8
Oruro,40102,Caracollo,2008,11,Mujeres puerperas con dosis completa de hierro,19
La Paz,22001,Caranavi,2008,11,Mujeres puerperas con dosis completa de hierro,128
Tarija,60302,Carapari,2008,11,Mujeres puerperas con dosis completa de hierro,21
Potosí,50702,Caripuyo,2008,11,Mujeres puerperas con dosis completa de hierro,15
Santa Cruz,71403,Carmen Rivero Torrez,2008,11,Mujeres puerperas con dosis completa de hierro,8
La Paz,21902,Catacora,2008,11,Mujeres puerperas con dosis completa de hierro,2
La Paz,21803,Chacarilla,2008,11,Mujeres puerperas con dosis completa de hierro,2
Oruro,40201,Challapata,2008,11,Mujeres puerperas con dosis completa de hierro,46
Potosí,50302,Chaqui,2008,11,Mujeres puerperas con dosis completa de hierro,9
Santa Cruz,70702,Charagua,2008,11,Mujeres puerperas con dosis completa de hierro,59
La Paz,20305,Charaña,2008,11,Mujeres puerperas con dosis completa de hierro,3
Potosí,50202,Chayanta,2008,11,Mujeres puerperas con dosis completa de hierro,20
Cochabamba,31204,Chimore,2008,11,Mujeres puerperas con dosis completa de hierro,9
Oruro,40903,Chipaya,2008,11,Mujeres puerperas con dosis completa de hierro,3
La Paz,21101,Chulumani (v. De La Libertad),2008,11,Mujeres puerperas con dosis completa de hierro,29
La Paz,20501,Chuma,2008,11,Mujeres puerperas con dosis completa de hierro,11
Cochabamba,30801,Cliza,2008,11,Mujeres puerperas con dosis completa de hierro,18
Pando,90101,Cobija,2008,11,Mujeres puerperas con dosis completa de hierro,139
Cochabamba,30101,Cochabamba,2008,11,Mujeres puerperas con dosis completa de hierro,404
Oruro,40902,Coipasa,2008,11,Mujeres puerperas con dosis completa de hierro,2
Cochabamba,30905,Colcapirhua,2008,11,Mujeres puerperas con dosis completa de hierro,45
Potosí,50901,"Colcha ""k""",2008,11,Mujeres puerperas con dosis completa de hierro,16
La Paz,21307,Collana,2008,11,Mujeres puerperas con dosis completa de hierro,3
Cochabamba,31002,Colomi,2008,11,Mujeres puerperas con dosis completa de hierro,23
Santa Cruz,70603,Colpa Belgica,2008,11,Mujeres puerperas con dosis completa de hierro,7
Potosí,50401,Colquechaca,2008,11,Mujeres puerperas con dosis completa de hierro,55
La Paz,21306,Colquencha,2008,11,Mujeres puerperas con dosis completa de hierro,9
La Paz,21004,Colquiri,2008,11,Mujeres puerperas con dosis completa de hierro,19
La Paz,20304,Comanche,2008,11,Mujeres puerperas con dosis completa de hierro,6
Santa Cruz,71301,Comarapa,2008,11,Mujeres puerperas con dosis completa de hierro,32
La Paz,20605,Combaya,2008,11,Mujeres puerperas con dosis completa de hierro,5
Santa Cruz,71101,Concepcion,2008,11,Mujeres puerperas con dosis completa de hierro,1
La Paz,21701,Copacabana,2008,11,Mujeres puerperas con dosis completa de hierro,21
La Paz,21402,Coripata,2008,11,Mujeres puerperas con dosis completa de hierro,20
La Paz,20301,Coro Coro,2008,11,Mujeres puerperas con dosis completa de hierro,10
La Paz,21401,Coroico,2008,11,Mujeres puerperas con dosis completa de hierro,24
Oruro,40301,Corque,2008,11,Mujeres puerperas con dosis completa de hierro,10
Potosí,50601,Cotagaita,2008,11,Mujeres puerperas con dosis completa de hierro,24
Santa Cruz,70102,Cotoca,2008,11,Mujeres puerperas con dosis completa de hierro,46
Santa Cruz,71106,Cuatro Cañadas,2008,11,Mujeres puerperas con dosis completa de hierro,19
Santa Cruz,70704,Cuevo,2008,11,Mujeres puerperas con dosis completa de hierro,7
Chuquisaca,10902,Culpina,2008,11,Mujeres puerperas con dosis completa de hierro,24
Oruro,40401,Curahuara De Carangas,2008,11,Mujeres puerperas con dosis completa de hierro,9
La Paz,21602,Curva,2008,11,Mujeres puerperas con dosis completa de hierro,3
La Paz,20804,Desaguadero,2008,11,Mujeres puerperas con dosis completa de hierro,4
La Paz,20105,El Alto,2008,11,Mujeres puerperas con dosis completa de hierro,1182
Oruro,40103,El Choro,2008,11,Mujeres puerperas con dosis completa de hierro,5
Santa Cruz,71503,El Puente(stc),2008,11,Mujeres puerperas con dosis completa de hierro,11
Tarija,60502,El Puente(tja),2008,11,Mujeres puerperas con dosis completa de hierro,15
Santa Cruz,70105,El Torno,2008,11,Mujeres puerperas con dosis completa de hierro,75
Chuquisaca,10405,El Villar,2008,11,Mujeres puerperas con dosis completa de hierro,3
Tarija,60601,Entre Rios,2008,11,Mujeres puerperas con dosis completa de hierro,24
Tarija,60601,Entre Rios,2008,11,Mujeres puerperas con dosis completa de hierro,20
Oruro,40502,Escara,2008,11,Mujeres puerperas con dosis completa de hierro,1
Oruro,41101,Eucaliptus,2008,11,Mujeres puerperas con dosis completa de hierro,7
Pando,90503,Eureka (santos Mercado),2008,11,Mujeres puerperas con dosis completa de hierro,1
Beni,80402,Exaltacion,2008,11,Mujeres puerperas con dosis completa de hierro,3
Santa Cruz,71004,Fernandez Alonso,2008,11,Mujeres puerperas con dosis completa de hierro,11
Pando,90203,Filadelfia,2008,11,Mujeres puerperas con dosis completa de hierro,2
Santa Cruz,71002,General Saavedra,2008,11,Mujeres puerperas con dosis completa de hierro,8
La Paz,21601,Gral. J.j. Perez (charazani),2008,11,Mujeres puerperas con dosis completa de hierro,11
La Paz,20602,Guanay,2008,11,Mujeres puerperas con dosis completa de hierro,1
La Paz,20802,Guaqui,2008,11,Mujeres puerperas con dosis completa de hierro,7
Beni,80202,Guayaramerin,2008,11,Mujeres puerperas con dosis completa de hierro,58
Santa Cruz,70705,Gutierrez,2008,11,Mujeres puerperas con dosis completa de hierro,6
Chuquisaca,10502,Huacareta,2008,11,Mujeres puerperas con dosis completa de hierro,13
Chuquisaca,11002,Huacaya (villa De Huacaya),2008,11,Mujeres puerperas con dosis completa de hierro,5
Oruro,40501,Huachacalla,2008,11,Mujeres puerperas con dosis completa de hierro,2
Oruro,40701,Huanuni,2008,11,Mujeres puerperas con dosis completa de hierro,13
Beni,80803,Huaracaje,2008,11,Mujeres puerperas con dosis completa de hierro,3
Oruro,41601,Huayllamarca,2008,11,Mujeres puerperas con dosis completa de hierro,6
La Paz,21005,Ichoca,2008,11,Mujeres puerperas con dosis completa de hierro,5
Chuquisaca,10304,Icla,2008,11,Mujeres puerperas con dosis completa de hierro,19
Chuquisaca,10703,Incahuasi,2008,11,Mujeres puerperas con dosis completa de hierro,60
Pando,90402,Ingavi (humaita),2008,11,Mujeres puerperas con dosis completa de hierro,1
La Paz,21001,Inquisivi,2008,11,Mujeres puerperas con dosis completa de hierro,13
La Paz,21102,Irupana (villa De Lanza),2008,11,Mujeres puerperas con dosis completa de hierro,17
La Paz,21501,Ixiamas,2008,11,Mujeres puerperas con dosis completa de hierro,7
La Paz,20806,Jesus De Machaca,2008,11,Mujeres puerperas con dosis completa de hierro,18
La Paz,21105,La Asunta,2008,11,Mujeres puerperas con dosis completa de hierro,23
Santa Cruz,70104,La Guardia,2008,11,Mujeres puerperas con dosis completa de hierro,16
La Paz,20101,La Paz,2008,11,Mujeres puerperas con dosis completa de hierro,614
Santa Cruz,70701,Lagunillas,2008,11,Mujeres puerperas con dosis completa de hierro,5
La Paz,21202,Laja,2008,11,Mujeres puerperas con dosis completa de hierro,22
Chuquisaca,10903,Las Carreras,2008,11,Mujeres puerperas con dosis completa de hierro,4
La Paz,21006,Licoma Pampa,2008,11,Mujeres puerperas con dosis completa de hierro,1
Potosí,50203,Llallagua,2008,11,Mujeres puerperas con dosis completa de hierro,61
Potosí,51401,Llica,2008,11,Mujeres puerperas con dosis completa de hierro,4
Beni,80601,Loreto,2008,11,Mujeres puerperas con dosis completa de hierro,7
La Paz,20901,Luribay,2008,11,Mujeres puerperas con dosis completa de hierro,7
Oruro,40702,Machacamarca,2008,11,Mujeres puerperas con dosis completa de hierro,6
Chuquisaca,11003,Machareti,2008,11,Mujeres puerperas con dosis completa de hierro,3
Beni,80801,Magdalena,2008,11,Mujeres puerperas con dosis completa de hierro,16
Santa Cruz,70903,Mairana,2008,11,Mujeres puerperas con dosis completa de hierro,6
La Paz,20904,Malla,2008,11,Mujeres puerperas con dosis completa de hierro,2
La Paz,20607,Mapiri,2008,11,Mujeres puerperas con dosis completa de hierro,24
La Paz,20103,Mecapaca,2008,11,Mujeres puerperas con dosis completa de hierro,12
Santa Cruz,71003,Mineros,2008,11,Mujeres puerperas con dosis completa de hierro,13
Cochabamba,31301,Mizque,2008,11,Mujeres puerperas con dosis completa de hierro,36
La Paz,20402,Mocomoco,2008,11,Mujeres puerperas con dosis completa de hierro,14
Potosí,51002,Mojinete,2008,11,Mujeres puerperas con dosis completa de hierro,1
Chuquisaca,10303,Mojocoya,2008,11,Mujeres puerperas con dosis completa de hierro,20
Chuquisaca,10501,Monteagudo,2008,11,Mujeres puerperas con dosis completa de hierro,38
Santa Cruz,71001,Montero,2008,11,Mujeres puerperas con dosis completa de hierro,69
Cochabamba,30302,Morochata,2008,11,Mujeres puerperas con dosis completa de hierro,39
Pando,90401,Nacebe (santa Rosa Del Abuna),2008,11,Mujeres puerperas con dosis completa de hierro,6
Pando,90501,Nuevo Manoa (nueva Esperanza),2008,11,Mujeres puerperas con dosis completa de hierro,1
Potosí,50404,Ocuri,2008,11,Mujeres puerperas con dosis completa de hierro,44
Santa Cruz,70202,Okinawa,2008,11,Mujeres puerperas con dosis completa de hierro,24
Cochabamba,30203,Omereque,2008,11,Mujeres puerperas con dosis completa de hierro,5
Oruro,40101,Oruro,2008,11,Mujeres puerperas con dosis completa de hierro,114
Tarija,60201,Padcaya,2008,11,Mujeres puerperas con dosis completa de hierro,17
Chuquisaca,10401,Padilla,2008,11,Mujeres puerperas con dosis completa de hierro,25
Santa Cruz,70502,Pailon,2008,11,Mujeres puerperas con dosis completa de hierro,9
La Paz,20102,Palca,2008,11,Mujeres puerperas con dosis completa de hierro,6
La Paz,21104,Palos Blancos,2008,11,Mujeres puerperas con dosis completa de hierro,26
Oruro,40802,Pampa Aullagas,2008,11,Mujeres puerperas con dosis completa de hierro,5
Santa Cruz,70902,Pampa Grande,2008,11,Mujeres puerperas con dosis completa de hierro,8
La Paz,21802,Papel Pampa,2008,11,Mujeres puerperas con dosis completa de hierro,5
Cochabamba,30202,Pasorapa,2008,11,Mujeres puerperas con dosis completa de hierro,3
La Paz,21305,Patacamaya,2008,11,Mujeres puerperas con dosis completa de hierro,30
Oruro,40602,Pazña,2008,11,Mujeres puerperas con dosis completa de hierro,5
La Paz,20702,Pelechuco,2008,11,Mujeres puerperas con dosis completa de hierro,5
Potosí,50403,Pocoata,2008,11,Mujeres puerperas con dosis completa de hierro,45
Cochabamba,31203,Pocona,2008,11,Mujeres puerperas con dosis completa de hierro,13
Cochabamba,31202,Pojo (cbba),2008,11,Mujeres puerperas con dosis completa de hierro,22
Oruro,40601,Poopo,2008,11,Mujeres puerperas con dosis completa de hierro,11
Potosí,51203,Porco,2008,11,Mujeres puerperas con dosis completa de hierro,8
Chuquisaca,10103,Poroma,2008,11,Mujeres puerperas con dosis completa de hierro,31
Santa Cruz,70103,Porongo,2008,11,Mujeres puerperas con dosis completa de hierro,7
Santa Cruz,70601,Portachuelo,2008,11,Mujeres puerperas con dosis completa de hierro,28
Santa Cruz,70804,Postrer Valle,2008,11,Mujeres puerperas con dosis completa de hierro,1
Potosí,50101,Potosi,2008,11,Mujeres puerperas con dosis completa de hierro,257
Chuquisaca,10302,Presto,2008,11,Mujeres puerperas con dosis completa de hierro,21
La Paz,21201,Pucarani,2008,11,Mujeres puerperas con dosis completa de hierro,37
La Paz,20401,Puerto Acosta,2008,11,Mujeres puerperas con dosis completa de hierro,17
La Paz,20403,Puerto Carabuco,2008,11,Mujeres puerperas con dosis completa de hierro,26
Pando,90301,Puerto Gonzalo Moreno,2008,11,Mujeres puerperas con dosis completa de hierro,3
La Paz,21204,Puerto Perez,2008,11,Mujeres puerperas con dosis completa de hierro,3
Santa Cruz,71402,Puerto Quijarro,2008,11,Mujeres puerperas con dosis completa de hierro,6
Pando,90201,Puerto Rico,2008,11,Mujeres puerperas con dosis completa de hierro,5
Beni,80703,Puerto Siles,2008,11,Mujeres puerperas con dosis completa de hierro,1
Santa Cruz,71401,Puerto Suarez,2008,11,Mujeres puerperas con dosis completa de hierro,31
Cochabamba,31205,Puerto Villarroel,2008,11,Mujeres puerperas con dosis completa de hierro,102
Potosí,51101,Puna,2008,11,Mujeres puerperas con dosis completa de hierro,51
Cochabamba,31401,Punata,2008,11,Mujeres puerperas con dosis completa de hierro,14
Cochabamba,30901,Quillacollo,2008,11,Mujeres puerperas con dosis completa de hierro,102
La Paz,21002,Quime,2008,11,Mujeres puerperas con dosis completa de hierro,9
Potosí,50402,Ravelo,2008,11,Mujeres puerperas con dosis completa de hierro,32
Beni,80301,Reyes,2008,11,Mujeres puerperas con dosis completa de hierro,19
Beni,80201,Riberalta,2008,11,Mujeres puerperas con dosis completa de hierro,374
Santa Cruz,70503,Robore,2008,11,Mujeres puerperas con dosis completa de hierro,26
Beni,80304,Rurrenabaque,2008,11,Mujeres puerperas con dosis completa de hierro,18
Oruro,40901,Sabaya,2008,11,Mujeres puerperas con dosis completa de hierro,3
Cochabamba,31001,Sacaba,2008,11,Mujeres puerperas con dosis completa de hierro,139
Cochabamba,30404,Sacabamba,2008,11,Mujeres puerperas con dosis completa de hierro,2
Potosí,50701,Sacaca,2008,11,Mujeres puerperas con dosis completa de hierro,53
Santa Cruz,71302,Saipina,2008,11,Mujeres puerperas con dosis completa de hierro,3
Oruro,40801,Salinas De Garci Mendoza,2008,11,Mujeres puerperas con dosis completa de hierro,11
Santa Cruz,70901,Samaipata,2008,11,Mujeres puerperas con dosis completa de hierro,2
Potosí,51601,San Agustin,2008,11,Mujeres puerperas con dosis completa de hierro,2
Beni,80602,San Andres,2008,11,Mujeres puerperas con dosis completa de hierro,11
La Paz,20805,San Andres De Machaca,2008,11,Mujeres puerperas con dosis completa de hierro,5
Potosí,51003,San Antonio De Esmoruco,2008,11,Mujeres puerperas con dosis completa de hierro,5
Santa Cruz,71105,San Antonio De Lomerio,2008,11,Mujeres puerperas con dosis completa de hierro,7
Cochabamba,31403,San Benito,2008,11,Mujeres puerperas con dosis completa de hierro,10
Beni,80302,San Borja,2008,11,Mujeres puerperas con dosis completa de hierro,66
La Paz,21502,San Buena Ventura,2008,11,Mujeres puerperas con dosis completa de hierro,21
Santa Cruz,70402,San Carlos,2008,11,Mujeres puerperas con dosis completa de hierro,37
Beni,80501,San Ignacio,2008,11,Mujeres puerperas con dosis completa de hierro,51
Santa Cruz,70301,San Ignacio De Velasco,2008,11,Mujeres puerperas con dosis completa de hierro,109
Beni,80102,San Javier(bni),2008,11,Mujeres puerperas con dosis completa de hierro,4
Santa Cruz,71102,San Javier(stc),2008,11,Mujeres puerperas con dosis completa de hierro,17
Beni,80701,San Joaquin,2008,11,Mujeres puerperas con dosis completa de hierro,6
Santa Cruz,70501,San Jose De Chiquitos,2008,11,Mujeres puerperas con dosis completa de hierro,38
Santa Cruz,70404,San Juan De Yapacani,2008,11,Mujeres puerperas con dosis completa de hierro,10
Santa Cruz,71104,San Julian,2008,11,Mujeres puerperas con dosis completa de hierro,22
Pando,90302,San Lorenzo(pnd),2008,11,Mujeres puerperas con dosis completa de hierro,7
Tarija,60501,San Lorenzo(tja),2008,11,Mujeres puerperas con dosis completa de hierro,34
Chuquisaca,10702,San Lucas,2008,11,Mujeres puerperas con dosis completa de hierro,61
Santa Cruz,71201,San Matias,2008,11,Mujeres puerperas con dosis completa de hierro,12
Santa Cruz,70302,San Miguel De Velasco,2008,11,Mujeres puerperas con dosis completa de hierro,14
Potosí,51001,San Pablo De Lipez,2008,11,Mujeres puerperas con dosis completa de hierro,10
Santa Cruz,71005,San Pedro,2008,11,Mujeres puerperas con dosis completa de hierro,12
Potosí,50501,San Pedro De Buena Vista,2008,11,Mujeres puerperas con dosis completa de hierro,42
La Paz,21801,San Pedro De Curahuara,2008,11,Mujeres puerperas con dosis completa de hierro,10
Potosí,50902,San Pedro De Quemes,2008,11,Mujeres puerperas con dosis completa de hierro,1
Pando,90202,San Pedro(pnd),2008,11,Mujeres puerperas con dosis completa de hierro,8
Santa Cruz,70303,San Rafael,2008,11,Mujeres puerperas con dosis completa de hierro,5
Beni,80702,San Ramon,2008,11,Mujeres puerperas con dosis completa de hierro,30
Beni,80702,San Ramon,2008,11,Mujeres puerperas con dosis completa de hierro,8
Beni,80401,Santa Ana,2008,11,Mujeres puerperas con dosis completa de hierro,8
Santa Cruz,70101,Santa Cruz De La Sierra,2008,11,Mujeres puerperas con dosis completa de hierro,936
Beni,80303,Santa Rosa,2008,11,Mujeres puerperas con dosis completa de hierro,21
Santa Cruz,70602,Santa Rosa Del Sara,2008,11,Mujeres puerperas con dosis completa de hierro,15
La Paz,20308,Santiago De Callapa,2008,11,Mujeres puerperas con dosis completa de hierro,10
Oruro,41401,Santiago De Huari,2008,11,Mujeres puerperas con dosis completa de hierro,7
La Paz,21901,Santiago De Machaca,2008,11,Mujeres puerperas con dosis completa de hierro,3
Cochabamba,30702,Santivañes,2008,11,Mujeres puerperas con dosis completa de hierro,6
Oruro,40202,Santuario De Quillacas,2008,11,Mujeres puerperas con dosis completa de hierro,8
La Paz,20902,Sapahaqui,2008,11,Mujeres puerperas con dosis completa de hierro,10
Pando,90303,Sena,2008,11,Mujeres puerperas con dosis completa de hierro,5
La Paz,21301,Sica Sica (villa Aroma),2008,11,Mujeres puerperas con dosis completa de hierro,20
Cochabamba,30703,Sicaya,2008,11,Mujeres puerperas con dosis completa de hierro,2
Cochabamba,30902,Sipe Sipe,2008,11,Mujeres puerperas con dosis completa de hierro,21
Chuquisaca,10403,Sopachuy,2008,11,Mujeres puerperas con dosis completa de hierro,11
Oruro,40104,Soracachi,2008,11,Mujeres puerperas con dosis completa de hierro,15
La Paz,20601,Sorata,2008,11,Mujeres puerperas con dosis completa de hierro,16
Chuquisaca,10101,Sucre,2008,11,Mujeres puerperas con dosis completa de hierro,340
Cochabamba,31404,Tacachi,2008,11,Mujeres puerperas con dosis completa de hierro,2
La Paz,20603,Tacacoma,2008,11,Mujeres puerperas con dosis completa de hierro,4
Potosí,50303,Tacobamba,2008,11,Mujeres puerperas con dosis completa de hierro,11
Cochabamba,30602,Tacopaya,2008,11,Mujeres puerperas con dosis completa de hierro,14
Potosí,51402,Tahua,2008,11,Mujeres puerperas con dosis completa de hierro,2
Cochabamba,31101,Tapacari,2008,11,Mujeres puerperas con dosis completa de hierro,46
Chuquisaca,10601,Tarabuco,2008,11,Mujeres puerperas con dosis completa de hierro,51
La Paz,20807,Taraco,2008,11,Mujeres puerperas con dosis completa de hierro,5
Cochabamba,30401,Tarata,2008,11,Mujeres puerperas con dosis completa de hierro,5
Tarija,60101,Tarija,2008,11,Mujeres puerperas con dosis completa de hierro,227
Chuquisaca,10202,Tarvita,2008,11,Mujeres puerperas con dosis completa de hierro,30
La Paz,20608,Teoponte,2008,11,Mujeres puerperas con dosis completa de hierro,11
La Paz,20803,Tiawanacu,2008,11,Mujeres puerperas con dosis completa de hierro,14
Potosí,50102,Tinguipaya,2008,11,Mujeres puerperas con dosis completa de hierro,48
La Paz,20606,Tipuani,2008,11,Mujeres puerperas con dosis completa de hierro,12
Cochabamba,30903,Tiquipaya,2008,11,Mujeres puerperas con dosis completa de hierro,74
Cochabamba,31601,Tiraque (cbba),2008,11,Mujeres puerperas con dosis completa de hierro,55
La Paz,21703,Tito Yupanqui (parquipujio),2008,11,Mujeres puerperas con dosis completa de hierro,2
Cochabamba,30802,Toco,2008,11,Mujeres puerperas con dosis completa de hierro,6
Oruro,41502,Todos Santos,2008,11,Mujeres puerperas con dosis completa de hierro,1
Cochabamba,30803,Tolata,2008,11,Mujeres puerperas con dosis completa de hierro,4
Oruro,41001,Toledo,2008,11,Mujeres puerperas con dosis completa de hierro,3
Potosí,51202,Tomave,2008,11,Mujeres puerperas con dosis completa de hierro,14
Chuquisaca,10402,Tomina,2008,11,Mujeres puerperas con dosis completa de hierro,23
Potosí,50502,Toro Toro,2008,11,Mujeres puerperas con dosis completa de hierro,11
Cochabamba,31201,Totora(cbba),2008,11,Mujeres puerperas con dosis completa de hierro,25
Oruro,41301,Totora(orr),2008,11,Mujeres puerperas con dosis completa de hierro,6
Santa Cruz,70802,Trigal,2008,11,Mujeres puerperas con dosis completa de hierro,1
Beni,80101,Trinidad,2008,11,Mujeres puerperas con dosis completa de hierro,46
Potosí,50801,Tupiza,2008,11,Mujeres puerperas con dosis completa de hierro,77
Oruro,40402,Turco,2008,11,Mujeres puerperas con dosis completa de hierro,2
La Paz,21302,Umala,2008,11,Mujeres puerperas con dosis completa de hierro,15
Potosí,50201,Uncia,2008,11,Mujeres puerperas con dosis completa de hierro,37
Tarija,60401,Uriondo (a. Concepcion),2008,11,Mujeres puerperas con dosis completa de hierro,11
Santa Cruz,71502,Urubicha,2008,11,Mujeres puerperas con dosis completa de hierro,7
Potosí,51201,Uyuni,2008,11,Mujeres puerperas con dosis completa de hierro,5
Cochabamba,30502,Vacas,2008,11,Mujeres puerperas con dosis completa de hierro,10
Santa Cruz,70801,Vallegrande,2008,11,Mujeres puerperas con dosis completa de hierro,25
La Paz,20801,Viacha,2008,11,Mujeres puerperas con dosis completa de hierro,118
Cochabamba,31302,Vila Vila,2008,11,Mujeres puerperas con dosis completa de hierro,8
Tarija,60303,Villa Montes,2008,11,Mujeres puerperas con dosis completa de hierro,61
Pando,90502,Villa Nueva (loma Alta),2008,11,Mujeres puerperas con dosis completa de hierro,5
Cochabamba,31402,Villa Rivero,2008,11,Mujeres puerperas con dosis completa de hierro,2
Chuquisaca,10801,Villa Serrano,2008,11,Mujeres puerperas con dosis completa de hierro,15
Cochabamba,31003,Villa Tunari,2008,11,Mujeres puerperas con dosis completa de hierro,138
Chuquisaca,11001,Villa Vaca Guzman (muyupampa),2008,11,Mujeres puerperas con dosis completa de hierro,12
Potosí,51501,Villazon,2008,11,Mujeres puerperas con dosis completa de hierro,59
Cochabamba,30904,Vinto,2008,11,Mujeres puerperas con dosis completa de hierro,43
Potosí,50602,Vitichi,2008,11,Mujeres puerperas con dosis completa de hierro,7
La Paz,20306,Waldo Ballivian,2008,11,Mujeres puerperas con dosis completa de hierro,2
Santa Cruz,70201,Warnes,2008,11,Mujeres puerperas con dosis completa de hierro,78
La Paz,20903,Yaco,2008,11,Mujeres puerperas con dosis completa de hierro,11
Tarija,60301,Yacuiba,2008,11,Mujeres puerperas con dosis completa de hierro,116
Chuquisaca,10602,Yamparaez,2008,11,Mujeres puerperas con dosis completa de hierro,11
La Paz,21103,Yanacachi,2008,11,Mujeres puerperas con dosis completa de hierro,4
Santa Cruz,70403,Yapacani,2008,11,Mujeres puerperas con dosis completa de hierro,75
Potosí,50103,Yocalla,2008,11,Mujeres puerperas con dosis completa de hierro,7
Chuquisaca,10102,Yotala,2008,11,Mujeres puerperas con dosis completa de hierro,12
Tarija,60402,Yunchara,2008,11,Mujeres puerperas con dosis completa de hierro,4
Chuquisaca,10301,Zudañez,2008,11,Mujeres puerperas con dosis completa de hierro,18
Potosí,51302,Acacio,2008,12,Mujeres puerperas con dosis completa de hierro,5
La Paz,20201,Achacachi,2008,12,Mujeres puerperas con dosis completa de hierro,66
La Paz,20104,Achocalla,2008,12,Mujeres puerperas con dosis completa de hierro,6
Cochabamba,30201,Aiquile,2008,12,Mujeres puerperas con dosis completa de hierro,54
Cochabamba,31303,Alalay,2008,12,Mujeres puerperas con dosis completa de hierro,4
Chuquisaca,10404,Alcala,2008,12,Mujeres puerperas con dosis completa de hierro,1
La Paz,20202,Ancoraimes,2008,12,Mujeres puerperas con dosis completa de hierro,16
Oruro,41201,Andamarca,2008,12,Mujeres puerperas con dosis completa de hierro,2
Oruro,40603,Antequera,2008,12,Mujeres puerperas con dosis completa de hierro,1
Cochabamba,30402,Anzaldo,2008,12,Mujeres puerperas con dosis completa de hierro,7
La Paz,20701,Apolo,2008,12,Mujeres puerperas con dosis completa de hierro,16
Potosí,51301,Arampampa,2008,12,Mujeres puerperas con dosis completa de hierro,7
Cochabamba,30501,Arani,2008,12,Mujeres puerperas con dosis completa de hierro,5
Cochabamba,30403,Arbieto,2008,12,Mujeres puerperas con dosis completa de hierro,6
Cochabamba,30601,Arque,2008,12,Mujeres puerperas con dosis completa de hierro,13
Santa Cruz,71501,Ascencion De Guarayos,2008,12,Mujeres puerperas con dosis completa de hierro,24
Potosí,50802,Atocha,2008,12,Mujeres puerperas con dosis completa de hierro,7
La Paz,20503,Aucapata,2008,12,Mujeres puerperas con dosis completa de hierro,1
La Paz,20502,Ayata,2008,12,Mujeres puerperas con dosis completa de hierro,11
La Paz,21303,Ayo Ayo,2008,12,Mujeres puerperas con dosis completa de hierro,9
Cochabamba,30301,Ayopaya (v. De Independencia),2008,12,Mujeres puerperas con dosis completa de hierro,32
Chuquisaca,10201,Azurduy,2008,12,Mujeres puerperas con dosis completa de hierro,19
La Paz,21203,Batallas,2008,12,Mujeres puerperas con dosis completa de hierro,17
Beni,80802,Baures,2008,12,Mujeres puerperas con dosis completa de hierro,6
Potosí,50104,Belen De Urmiri,2008,12,Mujeres puerperas con dosis completa de hierro,1
Tarija,60202,Bermejo,2008,12,Mujeres puerperas con dosis completa de hierro,41
Potosí,50301,Betanzos,2008,12,Mujeres puerperas con dosis completa de hierro,36
Cochabamba,31501,Bolivar,2008,12,Mujeres puerperas con dosis completa de hierro,13
Santa Cruz,70707,Boyuibe,2008,12,Mujeres puerperas con dosis completa de hierro,1
Santa Cruz,70401,Buena Vista,2008,12,Mujeres puerperas con dosis completa de hierro,5
Santa Cruz,70703,Cabezas,2008,12,Mujeres puerperas con dosis completa de hierro,21
La Paz,20905,Cairoma,2008,12,Mujeres puerperas con dosis completa de hierro,6
Potosí,51102,"Caiza ""d""",2008,12,Mujeres puerperas con dosis completa de hierro,9
La Paz,21003,Cajuata,2008,12,Mujeres puerperas con dosis completa de hierro,13
La Paz,20303,Calacoto,2008,12,Mujeres puerperas con dosis completa de hierro,4
La Paz,21304,Calamarca,2008,12,Mujeres puerperas con dosis completa de hierro,11
Chuquisaca,10701,Camargo,2008,12,Mujeres puerperas con dosis completa de hierro,32
Chuquisaca,10901,Camataqui (c. Villa Abecia),2008,12,Mujeres puerperas con dosis completa de hierro,4
Santa Cruz,70706,Camiri,2008,12,Mujeres puerperas con dosis completa de hierro,78
Cochabamba,30701,Capinota,2008,12,Mujeres puerperas con dosis completa de hierro,23
La Paz,20302,Caquiaviri,2008,12,Mujeres puerperas con dosis completa de hierro,9
Oruro,40102,Caracollo,2008,12,Mujeres puerperas con dosis completa de hierro,38
La Paz,22001,Caranavi,2008,12,Mujeres puerperas con dosis completa de hierro,103
Oruro,41503,Carangas,2008,12,Mujeres puerperas con dosis completa de hierro,1
Tarija,60302,Carapari,2008,12,Mujeres puerperas con dosis completa de hierro,9
Potosí,50702,Caripuyo,2008,12,Mujeres puerperas con dosis completa de hierro,18
Santa Cruz,71403,Carmen Rivero Torrez,2008,12,Mujeres puerperas con dosis completa de hierro,5
Oruro,40201,Challapata,2008,12,Mujeres puerperas con dosis completa de hierro,50
Potosí,50302,Chaqui,2008,12,Mujeres puerperas con dosis completa de hierro,6
Santa Cruz,70702,Charagua,2008,12,Mujeres puerperas con dosis completa de hierro,43
La Paz,20305,Charaña,2008,12,Mujeres puerperas con dosis completa de hierro,4
Potosí,50202,Chayanta,2008,12,Mujeres puerperas con dosis completa de hierro,15
Cochabamba,31204,Chimore,2008,12,Mujeres puerperas con dosis completa de hierro,11
Oruro,40903,Chipaya,2008,12,Mujeres puerperas con dosis completa de hierro,1
Oruro,40302,Choque Cota,2008,12,Mujeres puerperas con dosis completa de hierro,2
La Paz,21101,Chulumani (v. De La Libertad),2008,12,Mujeres puerperas con dosis completa de hierro,24
La Paz,20501,Chuma,2008,12,Mujeres puerperas con dosis completa de hierro,3
Cochabamba,30801,Cliza,2008,12,Mujeres puerperas con dosis completa de hierro,10
Pando,90101,Cobija,2008,12,Mujeres puerperas con dosis completa de hierro,116
Cochabamba,30101,Cochabamba,2008,12,Mujeres puerperas con dosis completa de hierro,320
Oruro,40902,Coipasa,2008,12,Mujeres puerperas con dosis completa de hierro,1
Cochabamba,30905,Colcapirhua,2008,12,Mujeres puerperas con dosis completa de hierro,39
Potosí,50901,"Colcha ""k""",2008,12,Mujeres puerperas con dosis completa de hierro,9
La Paz,21307,Collana,2008,12,Mujeres puerperas con dosis completa de hierro,4
Cochabamba,31002,Colomi,2008,12,Mujeres puerperas con dosis completa de hierro,27
Santa Cruz,70603,Colpa Belgica,2008,12,Mujeres puerperas con dosis completa de hierro,9
Potosí,50401,Colquechaca,2008,12,Mujeres puerperas con dosis completa de hierro,73
La Paz,21306,Colquencha,2008,12,Mujeres puerperas con dosis completa de hierro,5
La Paz,21004,Colquiri,2008,12,Mujeres puerperas con dosis completa de hierro,24
La Paz,20304,Comanche,2008,12,Mujeres puerperas con dosis completa de hierro,3
Santa Cruz,71301,Comarapa,2008,12,Mujeres puerperas con dosis completa de hierro,30
La Paz,20605,Combaya,2008,12,Mujeres puerperas con dosis completa de hierro,2
La Paz,21701,Copacabana,2008,12,Mujeres puerperas con dosis completa de hierro,11
La Paz,21402,Coripata,2008,12,Mujeres puerperas con dosis completa de hierro,17
La Paz,20301,Coro Coro,2008,12,Mujeres puerperas con dosis completa de hierro,7
La Paz,21401,Coroico,2008,12,Mujeres puerperas con dosis completa de hierro,26
Oruro,40301,Corque,2008,12,Mujeres puerperas con dosis completa de hierro,4
Potosí,50601,Cotagaita,2008,12,Mujeres puerperas con dosis completa de hierro,25
Santa Cruz,70102,Cotoca,2008,12,Mujeres puerperas con dosis completa de hierro,32
Santa Cruz,71106,Cuatro Cañadas,2008,12,Mujeres puerperas con dosis completa de hierro,26
Cochabamba,31405,Cuchumuela (v. G. Villarroel),2008,12,Mujeres puerperas con dosis completa de hierro,3
Santa Cruz,70704,Cuevo,2008,12,Mujeres puerperas con dosis completa de hierro,4
Chuquisaca,10902,Culpina,2008,12,Mujeres puerperas con dosis completa de hierro,33
Oruro,40401,Curahuara De Carangas,2008,12,Mujeres puerperas con dosis completa de hierro,10
La Paz,21602,Curva,2008,12,Mujeres puerperas con dosis completa de hierro,1
La Paz,20804,Desaguadero,2008,12,Mujeres puerperas con dosis completa de hierro,7
La Paz,20105,El Alto,2008,12,Mujeres puerperas con dosis completa de hierro,1073
Oruro,40103,El Choro,2008,12,Mujeres puerperas con dosis completa de hierro,6
Santa Cruz,71503,El Puente(stc),2008,12,Mujeres puerperas con dosis completa de hierro,11
Tarija,60502,El Puente(tja),2008,12,Mujeres puerperas con dosis completa de hierro,11
Santa Cruz,70105,El Torno,2008,12,Mujeres puerperas con dosis completa de hierro,36
Chuquisaca,10405,El Villar,2008,12,Mujeres puerperas con dosis completa de hierro,5
Tarija,60601,Entre Rios,2008,12,Mujeres puerperas con dosis completa de hierro,21
Tarija,60601,Entre Rios,2008,12,Mujeres puerperas con dosis completa de hierro,18
Oruro,40505,Esmeralda,2008,12,Mujeres puerperas con dosis completa de hierro,1
Oruro,41101,Eucaliptus,2008,12,Mujeres puerperas con dosis completa de hierro,4
Pando,90503,Eureka (santos Mercado),2008,12,Mujeres puerperas con dosis completa de hierro,1
Beni,80402,Exaltacion,2008,12,Mujeres puerperas con dosis completa de hierro,1
Santa Cruz,71004,Fernandez Alonso,2008,12,Mujeres puerperas con dosis completa de hierro,12
Pando,90203,Filadelfia,2008,12,Mujeres puerperas con dosis completa de hierro,3
Santa Cruz,71002,General Saavedra,2008,12,Mujeres puerperas con dosis completa de hierro,14
La Paz,21601,Gral. J.j. Perez (charazani),2008,12,Mujeres puerperas con dosis completa de hierro,8
La Paz,20802,Guaqui,2008,12,Mujeres puerperas con dosis completa de hierro,1
Beni,80202,Guayaramerin,2008,12,Mujeres puerperas con dosis completa de hierro,73
Santa Cruz,70705,Gutierrez,2008,12,Mujeres puerperas con dosis completa de hierro,13
Chuquisaca,10502,Huacareta,2008,12,Mujeres puerperas con dosis completa de hierro,24
Chuquisaca,11002,Huacaya (villa De Huacaya),2008,12,Mujeres puerperas con dosis completa de hierro,2
Oruro,40501,Huachacalla,2008,12,Mujeres puerperas con dosis completa de hierro,1
Oruro,40701,Huanuni,2008,12,Mujeres puerperas con dosis completa de hierro,17
Beni,80803,Huaracaje,2008,12,Mujeres puerperas con dosis completa de hierro,6
Oruro,41601,Huayllamarca,2008,12,Mujeres puerperas con dosis completa de hierro,4
La Paz,21005,Ichoca,2008,12,Mujeres puerperas con dosis completa de hierro,2
Chuquisaca,10304,Icla,2008,12,Mujeres puerperas con dosis completa de hierro,12
Chuquisaca,10703,Incahuasi,2008,12,Mujeres puerperas con dosis completa de hierro,56
Pando,90402,Ingavi (humaita),2008,12,Mujeres puerperas con dosis completa de hierro,1
La Paz,21001,Inquisivi,2008,12,Mujeres puerperas con dosis completa de hierro,10
La Paz,21102,Irupana (villa De Lanza),2008,12,Mujeres puerperas con dosis completa de hierro,11
La Paz,21501,Ixiamas,2008,12,Mujeres puerperas con dosis completa de hierro,6
La Paz,20806,Jesus De Machaca,2008,12,Mujeres puerperas con dosis completa de hierro,19
La Paz,21105,La Asunta,2008,12,Mujeres puerperas con dosis completa de hierro,23
Santa Cruz,70104,La Guardia,2008,12,Mujeres puerperas con dosis completa de hierro,20
La Paz,20101,La Paz,2008,12,Mujeres puerperas con dosis completa de hierro,608
Santa Cruz,70701,Lagunillas,2008,12,Mujeres puerperas con dosis completa de hierro,8
La Paz,21202,Laja,2008,12,Mujeres puerperas con dosis completa de hierro,14
Chuquisaca,10903,Las Carreras,2008,12,Mujeres puerperas con dosis completa de hierro,3
La Paz,21006,Licoma Pampa,2008,12,Mujeres puerperas con dosis completa de hierro,1
Potosí,50203,Llallagua,2008,12,Mujeres puerperas con dosis completa de hierro,64
Potosí,51401,Llica,2008,12,Mujeres puerperas con dosis completa de hierro,8
Beni,80601,Loreto,2008,12,Mujeres puerperas con dosis completa de hierro,2
La Paz,20901,Luribay,2008,12,Mujeres puerperas con dosis completa de hierro,5
Oruro,40702,Machacamarca,2008,12,Mujeres puerperas con dosis completa de hierro,3
Chuquisaca,11003,Machareti,2008,12,Mujeres puerperas con dosis completa de hierro,5
Beni,80801,Magdalena,2008,12,Mujeres puerperas con dosis completa de hierro,13
Santa Cruz,70903,Mairana,2008,12,Mujeres puerperas con dosis completa de hierro,24
La Paz,20904,Malla,2008,12,Mujeres puerperas con dosis completa de hierro,4
La Paz,20607,Mapiri,2008,12,Mujeres puerperas con dosis completa de hierro,19
La Paz,20103,Mecapaca,2008,12,Mujeres puerperas con dosis completa de hierro,11
Santa Cruz,71003,Mineros,2008,12,Mujeres puerperas con dosis completa de hierro,8
Cochabamba,31301,Mizque,2008,12,Mujeres puerperas con dosis completa de hierro,33
La Paz,20402,Mocomoco,2008,12,Mujeres puerperas con dosis completa de hierro,11
Potosí,51002,Mojinete,2008,12,Mujeres puerperas con dosis completa de hierro,2
Chuquisaca,10303,Mojocoya,2008,12,Mujeres puerperas con dosis completa de hierro,9
Chuquisaca,10501,Monteagudo,2008,12,Mujeres puerperas con dosis completa de hierro,32
Santa Cruz,71001,Montero,2008,12,Mujeres puerperas con dosis completa de hierro,76
Santa Cruz,70803,Moro Moro,2008,12,Mujeres puerperas con dosis completa de hierro,2
Cochabamba,30302,Morochata,2008,12,Mujeres puerperas con dosis completa de hierro,26
La Paz,20307,Nazacara De Pacajes,2008,12,Mujeres puerperas con dosis completa de hierro,1
Pando,90501,Nuevo Manoa (nueva Esperanza),2008,12,Mujeres puerperas con dosis completa de hierro,3
Potosí,50404,Ocuri,2008,12,Mujeres puerperas con dosis completa de hierro,27
Santa Cruz,70202,Okinawa,2008,12,Mujeres puerperas con dosis completa de hierro,10
Cochabamba,30203,Omereque,2008,12,Mujeres puerperas con dosis completa de hierro,3
Oruro,40101,Oruro,2008,12,Mujeres puerperas con dosis completa de hierro,161
Tarija,60201,Padcaya,2008,12,Mujeres puerperas con dosis completa de hierro,15
Chuquisaca,10401,Padilla,2008,12,Mujeres puerperas con dosis completa de hierro,21
Santa Cruz,70502,Pailon,2008,12,Mujeres puerperas con dosis completa de hierro,21
La Paz,20102,Palca,2008,12,Mujeres puerperas con dosis completa de hierro,10
La Paz,21104,Palos Blancos,2008,12,Mujeres puerperas con dosis completa de hierro,46
Oruro,40802,Pampa Aullagas,2008,12,Mujeres puerperas con dosis completa de hierro,10
Santa Cruz,70902,Pampa Grande,2008,12,Mujeres puerperas con dosis completa de hierro,6
La Paz,21802,Papel Pampa,2008,12,Mujeres puerperas con dosis completa de hierro,7
Cochabamba,30202,Pasorapa,2008,12,Mujeres puerperas con dosis completa de hierro,3
La Paz,21305,Patacamaya,2008,12,Mujeres puerperas con dosis completa de hierro,30
Oruro,40602,Pazña,2008,12,Mujeres puerperas con dosis completa de hierro,4
La Paz,20702,Pelechuco,2008,12,Mujeres puerperas con dosis completa de hierro,4
Potosí,50403,Pocoata,2008,12,Mujeres puerperas con dosis completa de hierro,29
Cochabamba,31203,Pocona,2008,12,Mujeres puerperas con dosis completa de hierro,15
Cochabamba,31202,Pojo (cbba),2008,12,Mujeres puerperas con dosis completa de hierro,22
Oruro,40601,Poopo,2008,12,Mujeres puerperas con dosis completa de hierro,9
Potosí,51203,Porco,2008,12,Mujeres puerperas con dosis completa de hierro,12
Chuquisaca,10103,Poroma,2008,12,Mujeres puerperas con dosis completa de hierro,25
Santa Cruz,70103,Porongo,2008,12,Mujeres puerperas con dosis completa de hierro,4
Santa Cruz,70601,Portachuelo,2008,12,Mujeres puerperas con dosis completa de hierro,16
Pando,90102,Porvenir,2008,12,Mujeres puerperas con dosis completa de hierro,7
Santa Cruz,70804,Postrer Valle,2008,12,Mujeres puerperas con dosis completa de hierro,4
Potosí,50101,Potosi,2008,12,Mujeres puerperas con dosis completa de hierro,241
Chuquisaca,10302,Presto,2008,12,Mujeres puerperas con dosis completa de hierro,12
Santa Cruz,70805,Pucara,2008,12,Mujeres puerperas con dosis completa de hierro,1
La Paz,21201,Pucarani,2008,12,Mujeres puerperas con dosis completa de hierro,16
La Paz,20401,Puerto Acosta,2008,12,Mujeres puerperas con dosis completa de hierro,12
La Paz,20403,Puerto Carabuco,2008,12,Mujeres puerperas con dosis completa de hierro,13
Pando,90301,Puerto Gonzalo Moreno,2008,12,Mujeres puerperas con dosis completa de hierro,11
La Paz,21204,Puerto Perez,2008,12,Mujeres puerperas con dosis completa de hierro,6
Santa Cruz,71402,Puerto Quijarro,2008,12,Mujeres puerperas con dosis completa de hierro,10
Pando,90201,Puerto Rico,2008,12,Mujeres puerperas con dosis completa de hierro,10
Beni,80703,Puerto Siles,2008,12,Mujeres puerperas con dosis completa de hierro,2
Santa Cruz,71401,Puerto Suarez,2008,12,Mujeres puerperas con dosis completa de hierro,18
Cochabamba,31205,Puerto Villarroel,2008,12,Mujeres puerperas con dosis completa de hierro,99
Potosí,51101,Puna,2008,12,Mujeres puerperas con dosis completa de hierro,41
Cochabamba,31401,Punata,2008,12,Mujeres puerperas con dosis completa de hierro,56
La Paz,20604,Quiabaya,2008,12,Mujeres puerperas con dosis completa de hierro,3
Cochabamba,30901,Quillacollo,2008,12,Mujeres puerperas con dosis completa de hierro,88
La Paz,21002,Quime,2008,12,Mujeres puerperas con dosis completa de hierro,6
Potosí,50402,Ravelo,2008,12,Mujeres puerperas con dosis completa de hierro,35
Beni,80301,Reyes,2008,12,Mujeres puerperas con dosis completa de hierro,26
Beni,80201,Riberalta,2008,12,Mujeres puerperas con dosis completa de hierro,183
Santa Cruz,70503,Robore,2008,12,Mujeres puerperas con dosis completa de hierro,13
Beni,80304,Rurrenabaque,2008,12,Mujeres puerperas con dosis completa de hierro,7
Oruro,40901,Sabaya,2008,12,Mujeres puerperas con dosis completa de hierro,5
Cochabamba,31001,Sacaba,2008,12,Mujeres puerperas con dosis completa de hierro,130
Cochabamba,30404,Sacabamba,2008,12,Mujeres puerperas con dosis completa de hierro,1
Potosí,50701,Sacaca,2008,12,Mujeres puerperas con dosis completa de hierro,26
Santa Cruz,71302,Saipina,2008,12,Mujeres puerperas con dosis completa de hierro,5
Oruro,40801,Salinas De Garci Mendoza,2008,12,Mujeres puerperas con dosis completa de hierro,11
Santa Cruz,70901,Samaipata,2008,12,Mujeres puerperas con dosis completa de hierro,8
Beni,80602,San Andres,2008,12,Mujeres puerperas con dosis completa de hierro,7
La Paz,20805,San Andres De Machaca,2008,12,Mujeres puerperas con dosis completa de hierro,1
Potosí,51003,San Antonio De Esmoruco,2008,12,Mujeres puerperas con dosis completa de hierro,2
Santa Cruz,71105,San Antonio De Lomerio,2008,12,Mujeres puerperas con dosis completa de hierro,7
Cochabamba,31403,San Benito,2008,12,Mujeres puerperas con dosis completa de hierro,16
Beni,80302,San Borja,2008,12,Mujeres puerperas con dosis completa de hierro,92
La Paz,21502,San Buena Ventura,2008,12,Mujeres puerperas con dosis completa de hierro,18
Santa Cruz,70402,San Carlos,2008,12,Mujeres puerperas con dosis completa de hierro,31
Beni,80501,San Ignacio,2008,12,Mujeres puerperas con dosis completa de hierro,49
Santa Cruz,70301,San Ignacio De Velasco,2008,12,Mujeres puerperas con dosis completa de hierro,118
Santa Cruz,71102,San Javier(stc),2008,12,Mujeres puerperas con dosis completa de hierro,11
Beni,80701,San Joaquin,2008,12,Mujeres puerperas con dosis completa de hierro,2
Santa Cruz,70501,San Jose De Chiquitos,2008,12,Mujeres puerperas con dosis completa de hierro,29
Santa Cruz,70404,San Juan De Yapacani,2008,12,Mujeres puerperas con dosis completa de hierro,6
Santa Cruz,71104,San Julian,2008,12,Mujeres puerperas con dosis completa de hierro,7
Pando,90302,San Lorenzo(pnd),2008,12,Mujeres puerperas con dosis completa de hierro,9
Tarija,60501,San Lorenzo(tja),2008,12,Mujeres puerperas con dosis completa de hierro,18
Chuquisaca,10702,San Lucas,2008,12,Mujeres puerperas con dosis completa de hierro,58
Santa Cruz,71201,San Matias,2008,12,Mujeres puerperas con dosis completa de hierro,4
Santa Cruz,70302,San Miguel De Velasco,2008,12,Mujeres puerperas con dosis completa de hierro,20
Potosí,51001,San Pablo De Lipez,2008,12,Mujeres puerperas con dosis completa de hierro,2
Santa Cruz,71005,San Pedro,2008,12,Mujeres puerperas con dosis completa de hierro,15
Potosí,50501,San Pedro De Buena Vista,2008,12,Mujeres puerperas con dosis completa de hierro,27
La Paz,21801,San Pedro De Curahuara,2008,12,Mujeres puerperas con dosis completa de hierro,7
La Paz,21702,San Pedro De Tiquina,2008,12,Mujeres puerperas con dosis completa de hierro,6
Pando,90202,San Pedro(pnd),2008,12,Mujeres puerperas con dosis completa de hierro,4
Santa Cruz,70303,San Rafael,2008,12,Mujeres puerperas con dosis completa de hierro,4
Beni,80702,San Ramon,2008,12,Mujeres puerperas con dosis completa de hierro,25
Beni,80401,Santa Ana,2008,12,Mujeres puerperas con dosis completa de hierro,6
Santa Cruz,70101,Santa Cruz De La Sierra,2008,12,Mujeres puerperas con dosis completa de hierro,332
Beni,80303,Santa Rosa,2008,12,Mujeres puerperas con dosis completa de hierro,17
Santa Cruz,70602,Santa Rosa Del Sara,2008,12,Mujeres puerperas con dosis completa de hierro,21
La Paz,20308,Santiago De Callapa,2008,12,Mujeres puerperas con dosis completa de hierro,3
Oruro,41401,Santiago De Huari,2008,12,Mujeres puerperas con dosis completa de hierro,3
La Paz,21901,Santiago De Machaca,2008,12,Mujeres puerperas con dosis completa de hierro,5
Cochabamba,30702,Santivañes,2008,12,Mujeres puerperas con dosis completa de hierro,4
Oruro,40202,Santuario De Quillacas,2008,12,Mujeres puerperas con dosis completa de hierro,3
La Paz,20902,Sapahaqui,2008,12,Mujeres puerperas con dosis completa de hierro,7
Pando,90303,Sena,2008,12,Mujeres puerperas con dosis completa de hierro,6
La Paz,21301,Sica Sica (villa Aroma),2008,12,Mujeres puerperas con dosis completa de hierro,21
Cochabamba,30703,Sicaya,2008,12,Mujeres puerperas con dosis completa de hierro,2
Cochabamba,30902,Sipe Sipe,2008,12,Mujeres puerperas con dosis completa de hierro,20
Chuquisaca,10403,Sopachuy,2008,12,Mujeres puerperas con dosis completa de hierro,11
Oruro,40104,Soracachi,2008,12,Mujeres puerperas con dosis completa de hierro,11
La Paz,20601,Sorata,2008,12,Mujeres puerperas con dosis completa de hierro,21
Chuquisaca,10101,Sucre,2008,12,Mujeres puerperas con dosis completa de hierro,367
La Paz,20603,Tacacoma,2008,12,Mujeres puerperas con dosis completa de hierro,6
Potosí,50303,Tacobamba,2008,12,Mujeres puerperas con dosis completa de hierro,10
Cochabamba,30602,Tacopaya,2008,12,Mujeres puerperas con dosis completa de hierro,21
Potosí,51402,Tahua,2008,12,Mujeres puerperas con dosis completa de hierro,1
Cochabamba,31101,Tapacari,2008,12,Mujeres puerperas con dosis completa de hierro,37
Chuquisaca,10601,Tarabuco,2008,12,Mujeres puerperas con dosis completa de hierro,43
La Paz,20807,Taraco,2008,12,Mujeres puerperas con dosis completa de hierro,5
Cochabamba,30401,Tarata,2008,12,Mujeres puerperas con dosis completa de hierro,9
Tarija,60101,Tarija,2008,12,Mujeres puerperas con dosis completa de hierro,261
Chuquisaca,10202,Tarvita,2008,12,Mujeres puerperas con dosis completa de hierro,19
La Paz,20608,Teoponte,2008,12,Mujeres puerperas con dosis completa de hierro,5
La Paz,20803,Tiawanacu,2008,12,Mujeres puerperas con dosis completa de hierro,25
Potosí,50102,Tinguipaya,2008,12,Mujeres puerperas con dosis completa de hierro,34
La Paz,20606,Tipuani,2008,12,Mujeres puerperas con dosis completa de hierro,6
Cochabamba,30903,Tiquipaya,2008,12,Mujeres puerperas con dosis completa de hierro,42
Cochabamba,31601,Tiraque (cbba),2008,12,Mujeres puerperas con dosis completa de hierro,42
La Paz,21703,Tito Yupanqui (parquipujio),2008,12,Mujeres puerperas con dosis completa de hierro,1
Cochabamba,30802,Toco,2008,12,Mujeres puerperas con dosis completa de hierro,6
Cochabamba,30803,Tolata,2008,12,Mujeres puerperas con dosis completa de hierro,4
Potosí,51202,Tomave,2008,12,Mujeres puerperas con dosis completa de hierro,20
Chuquisaca,10402,Tomina,2008,12,Mujeres puerperas con dosis completa de hierro,14
Potosí,50502,Toro Toro,2008,12,Mujeres puerperas con dosis completa de hierro,13
Cochabamba,31201,Totora(cbba),2008,12,Mujeres puerperas con dosis completa de hierro,18
Oruro,41301,Totora(orr),2008,12,Mujeres puerperas con dosis completa de hierro,5
Beni,80101,Trinidad,2008,12,Mujeres puerperas con dosis completa de hierro,33
Potosí,50801,Tupiza,2008,12,Mujeres puerperas con dosis completa de hierro,22
Oruro,40402,Turco,2008,12,Mujeres puerperas con dosis completa de hierro,4
La Paz,21302,Umala,2008,12,Mujeres puerperas con dosis completa de hierro,8
Potosí,50201,Uncia,2008,12,Mujeres puerperas con dosis completa de hierro,41
Tarija,60401,Uriondo (a. Concepcion),2008,12,Mujeres puerperas con dosis completa de hierro,13
Santa Cruz,71502,Urubicha,2008,12,Mujeres puerperas con dosis completa de hierro,13
Potosí,51201,Uyuni,2008,12,Mujeres puerperas con dosis completa de hierro,13
Cochabamba,30502,Vacas,2008,12,Mujeres puerperas con dosis completa de hierro,18
Santa Cruz,70801,Vallegrande,2008,12,Mujeres puerperas con dosis completa de hierro,25
La Paz,20801,Viacha,2008,12,Mujeres puerperas con dosis completa de hierro,20
Cochabamba,31302,Vila Vila,2008,12,Mujeres puerperas con dosis completa de hierro,5
Tarija,60303,Villa Montes,2008,12,Mujeres puerperas con dosis completa de hierro,56
Pando,90502,Villa Nueva (loma Alta),2008,12,Mujeres puerperas con dosis completa de hierro,3
Cochabamba,31402,Villa Rivero,2008,12,Mujeres puerperas con dosis completa de hierro,2
Chuquisaca,10801,Villa Serrano,2008,12,Mujeres puerperas con dosis completa de hierro,16
Cochabamba,31003,Villa Tunari,2008,12,Mujeres puerperas con dosis completa de hierro,114
Chuquisaca,11001,Villa Vaca Guzman (muyupampa),2008,12,Mujeres puerperas con dosis completa de hierro,9
Potosí,51501,Villazon,2008,12,Mujeres puerperas con dosis completa de hierro,70
Cochabamba,30904,Vinto,2008,12,Mujeres puerperas con dosis completa de hierro,12
Potosí,50602,Vitichi,2008,12,Mujeres puerperas con dosis completa de hierro,2
La Paz,20306,Waldo Ballivian,2008,12,Mujeres puerperas con dosis completa de hierro,3
Santa Cruz,70201,Warnes,2008,12,Mujeres puerperas con dosis completa de hierro,76
La Paz,20903,Yaco,2008,12,Mujeres puerperas con dosis completa de hierro,4
Tarija,60301,Yacuiba,2008,12,Mujeres puerperas con dosis completa de hierro,91
Chuquisaca,10602,Yamparaez,2008,12,Mujeres puerperas con dosis completa de hierro,7
La Paz,21103,Yanacachi,2008,12,Mujeres puerperas con dosis completa de hierro,2
Santa Cruz,70403,Yapacani,2008,12,Mujeres puerperas con dosis completa de hierro,50
Potosí,50103,Yocalla,2008,12,Mujeres puerperas con dosis completa de hierro,4
Chuquisaca,10102,Yotala,2008,12,Mujeres puerperas con dosis completa de hierro,8
Tarija,60402,Yunchara,2008,12,Mujeres puerperas con dosis completa de hierro,5
Chuquisaca,10301,Zudañez,2008,12,Mujeres puerperas con dosis completa de hierro,11
Potosí,51302,Acacio,2008,1,TOTAL,7
La Paz,20201,Achacachi,2008,1,TOTAL,43
La Paz,20104,Achocalla,2008,1,TOTAL,8
Cochabamba,30201,Aiquile,2008,1,TOTAL,34
Cochabamba,31303,Alalay,2008,1,TOTAL,5
Chuquisaca,10404,Alcala,2008,1,TOTAL,3
La Paz,20202,Ancoraimes,2008,1,TOTAL,13
Oruro,41201,Andamarca,2008,1,TOTAL,5
Oruro,40603,Antequera,2008,1,TOTAL,3
Cochabamba,30402,Anzaldo,2008,1,TOTAL,6
La Paz,20701,Apolo,2008,1,TOTAL,21
Potosí,51301,Arampampa,2008,1,TOTAL,10
Cochabamba,30501,Arani,2008,1,TOTAL,11
Cochabamba,30403,Arbieto,2008,1,TOTAL,10
Cochabamba,30601,Arque,2008,1,TOTAL,23
Santa Cruz,71501,Ascencion De Guarayos,2008,1,TOTAL,58
Potosí,50802,Atocha,2008,1,TOTAL,7
La Paz,20503,Aucapata,2008,1,TOTAL,1
La Paz,20502,Ayata,2008,1,TOTAL,3
La Paz,21303,Ayo Ayo,2008,1,TOTAL,11
Cochabamba,30301,Ayopaya (v. De Independencia),2008,1,TOTAL,32
Chuquisaca,10201,Azurduy,2008,1,TOTAL,19
La Paz,21203,Batallas,2008,1,TOTAL,11
Beni,80802,Baures,2008,1,TOTAL,2
Pando,90104,Bella Flor,2008,1,TOTAL,1
Tarija,60202,Bermejo,2008,1,TOTAL,43
Potosí,50301,Betanzos,2008,1,TOTAL,35
Cochabamba,31501,Bolivar,2008,1,TOTAL,11
Pando,90103,Bolpebra,2008,1,TOTAL,2
Santa Cruz,70707,Boyuibe,2008,1,TOTAL,1
Santa Cruz,70401,Buena Vista,2008,1,TOTAL,19
Santa Cruz,70703,Cabezas,2008,1,TOTAL,7
La Paz,20905,Cairoma,2008,1,TOTAL,15
Potosí,51102,"Caiza ""d""",2008,1,TOTAL,6
La Paz,21003,Cajuata,2008,1,TOTAL,11
La Paz,20303,Calacoto,2008,1,TOTAL,5
La Paz,21304,Calamarca,2008,1,TOTAL,13
Chuquisaca,10701,Camargo,2008,1,TOTAL,32
Chuquisaca,10901,Camataqui (c. Villa Abecia),2008,1,TOTAL,6
Santa Cruz,70706,Camiri,2008,1,TOTAL,61
Cochabamba,30701,Capinota,2008,1,TOTAL,40
La Paz,20302,Caquiaviri,2008,1,TOTAL,8
Oruro,40102,Caracollo,2008,1,TOTAL,19
La Paz,22001,Caranavi,2008,1,TOTAL,76
Tarija,60302,Carapari,2008,1,TOTAL,11
Potosí,50702,Caripuyo,2008,1,TOTAL,17
Santa Cruz,71403,Carmen Rivero Torrez,2008,1,TOTAL,5
La Paz,21902,Catacora,2008,1,TOTAL,3
La Paz,21803,Chacarilla,2008,1,TOTAL,1
Oruro,40201,Challapata,2008,1,TOTAL,33
Potosí,50302,Chaqui,2008,1,TOTAL,6
Santa Cruz,70702,Charagua,2008,1,TOTAL,45
La Paz,20305,Charaña,2008,1,TOTAL,5
Potosí,50202,Chayanta,2008,1,TOTAL,9
Cochabamba,31204,Chimore,2008,1,TOTAL,5
Oruro,40903,Chipaya,2008,1,TOTAL,4
Oruro,40302,Choque Cota,2008,1,TOTAL,1
La Paz,21101,Chulumani (v. De La Libertad),2008,1,TOTAL,29
La Paz,20501,Chuma,2008,1,TOTAL,3
Cochabamba,30801,Cliza,2008,1,TOTAL,13
Pando,90101,Cobija,2008,1,TOTAL,64
Cochabamba,30101,Cochabamba,2008,1,TOTAL,386
Oruro,40902,Coipasa,2008,1,TOTAL,1
Cochabamba,30905,Colcapirhua,2008,1,TOTAL,38
Potosí,50901,"Colcha ""k""",2008,1,TOTAL,6
La Paz,21307,Collana,2008,1,TOTAL,3
Cochabamba,31002,Colomi,2008,1,TOTAL,23
Santa Cruz,70603,Colpa Belgica,2008,1,TOTAL,7
Potosí,50401,Colquechaca,2008,1,TOTAL,73
La Paz,21306,Colquencha,2008,1,TOTAL,9
La Paz,21004,Colquiri,2008,1,TOTAL,23
Santa Cruz,71301,Comarapa,2008,1,TOTAL,23
La Paz,20605,Combaya,2008,1,TOTAL,1
La Paz,21701,Copacabana,2008,1,TOTAL,20
La Paz,21402,Coripata,2008,1,TOTAL,22
La Paz,20301,Coro Coro,2008,1,TOTAL,6
La Paz,21401,Coroico,2008,1,TOTAL,16
Oruro,40301,Corque,2008,1,TOTAL,10
Potosí,50601,Cotagaita,2008,1,TOTAL,18
Santa Cruz,70102,Cotoca,2008,1,TOTAL,25
Santa Cruz,71106,Cuatro Cañadas,2008,1,TOTAL,16
Cochabamba,31405,Cuchumuela (v. G. Villarroel),2008,1,TOTAL,1
Santa Cruz,70704,Cuevo,2008,1,TOTAL,5
Chuquisaca,10902,Culpina,2008,1,TOTAL,17
La Paz,21602,Curva,2008,1,TOTAL,4
La Paz,20804,Desaguadero,2008,1,TOTAL,7
La Paz,20105,El Alto,2008,1,TOTAL,1286
Oruro,40103,El Choro,2008,1,TOTAL,1
Santa Cruz,71503,El Puente(stc),2008,1,TOTAL,6
Tarija,60502,El Puente(tja),2008,1,TOTAL,15
Santa Cruz,70105,El Torno,2008,1,TOTAL,17
Chuquisaca,10405,El Villar,2008,1,TOTAL,5
Tarija,60601,Entre Rios,2008,1,TOTAL,34
Tarija,60601,Entre Rios,2008,1,TOTAL,26
Oruro,41101,Eucaliptus,2008,1,TOTAL,5
Pando,90503,Eureka (santos Mercado),2008,1,TOTAL,3
Beni,80402,Exaltacion,2008,1,TOTAL,4
Santa Cruz,71004,Fernandez Alonso,2008,1,TOTAL,8
Santa Cruz,71002,General Saavedra,2008,1,TOTAL,16
La Paz,21601,Gral. J.j. Perez (charazani),2008,1,TOTAL,9
La Paz,20602,Guanay,2008,1,TOTAL,21
La Paz,20802,Guaqui,2008,1,TOTAL,7
Beni,80202,Guayaramerin,2008,1,TOTAL,73
Santa Cruz,70705,Gutierrez,2008,1,TOTAL,15
Chuquisaca,10502,Huacareta,2008,1,TOTAL,13
Chuquisaca,11002,Huacaya (villa De Huacaya),2008,1,TOTAL,5
Oruro,40701,Huanuni,2008,1,TOTAL,21
Beni,80803,Huaracaje,2008,1,TOTAL,6
Oruro,41601,Huayllamarca,2008,1,TOTAL,2
La Paz,21005,Ichoca,2008,1,TOTAL,13
Chuquisaca,10304,Icla,2008,1,TOTAL,14
Chuquisaca,10703,Incahuasi,2008,1,TOTAL,49
La Paz,21001,Inquisivi,2008,1,TOTAL,16
La Paz,21102,Irupana (villa De Lanza),2008,1,TOTAL,4
La Paz,20806,Jesus De Machaca,2008,1,TOTAL,12
La Paz,21105,La Asunta,2008,1,TOTAL,66
Santa Cruz,70104,La Guardia,2008,1,TOTAL,24
La Paz,20101,La Paz,2008,1,TOTAL,847
Santa Cruz,70701,Lagunillas,2008,1,TOTAL,10
La Paz,21202,Laja,2008,1,TOTAL,20
La Paz,21006,Licoma Pampa,2008,1,TOTAL,3
Potosí,50203,Llallagua,2008,1,TOTAL,322
Potosí,51401,Llica,2008,1,TOTAL,5
La Paz,20901,Luribay,2008,1,TOTAL,13
Oruro,40702,Machacamarca,2008,1,TOTAL,7
Chuquisaca,11003,Machareti,2008,1,TOTAL,3
Beni,80801,Magdalena,2008,1,TOTAL,16
Santa Cruz,70903,Mairana,2008,1,TOTAL,17
La Paz,20904,Malla,2008,1,TOTAL,3
La Paz,20607,Mapiri,2008,1,TOTAL,12
La Paz,20103,Mecapaca,2008,1,TOTAL,3
Santa Cruz,71003,Mineros,2008,1,TOTAL,9
Cochabamba,31301,Mizque,2008,1,TOTAL,44
La Paz,20402,Mocomoco,2008,1,TOTAL,18
Potosí,51002,Mojinete,2008,1,TOTAL,2
Chuquisaca,10303,Mojocoya,2008,1,TOTAL,8
Chuquisaca,10501,Monteagudo,2008,1,TOTAL,29
Santa Cruz,71001,Montero,2008,1,TOTAL,80
Santa Cruz,70803,Moro Moro,2008,1,TOTAL,2
Cochabamba,30302,Morochata,2008,1,TOTAL,26
Pando,90401,Nacebe (santa Rosa Del Abuna),2008,1,TOTAL,4
Pando,90501,Nuevo Manoa (nueva Esperanza),2008,1,TOTAL,1
Potosí,50404,Ocuri,2008,1,TOTAL,31
Santa Cruz,70202,Okinawa,2008,1,TOTAL,23
Cochabamba,30203,Omereque,2008,1,TOTAL,8
Oruro,40101,Oruro,2008,1,TOTAL,137
Tarija,60201,Padcaya,2008,1,TOTAL,19
Chuquisaca,10401,Padilla,2008,1,TOTAL,19
Santa Cruz,70502,Pailon,2008,1,TOTAL,6
La Paz,20102,Palca,2008,1,TOTAL,2
La Paz,21104,Palos Blancos,2008,1,TOTAL,43
Oruro,40802,Pampa Aullagas,2008,1,TOTAL,4
Santa Cruz,70902,Pampa Grande,2008,1,TOTAL,6
La Paz,21802,Papel Pampa,2008,1,TOTAL,4
Cochabamba,30202,Pasorapa,2008,1,TOTAL,4
La Paz,21305,Patacamaya,2008,1,TOTAL,3
Oruro,40602,Pazña,2008,1,TOTAL,8
La Paz,20702,Pelechuco,2008,1,TOTAL,3
Potosí,50403,Pocoata,2008,1,TOTAL,35
Cochabamba,31203,Pocona,2008,1,TOTAL,6
Cochabamba,31202,Pojo (cbba),2008,1,TOTAL,16
Oruro,40601,Poopo,2008,1,TOTAL,6
Potosí,51203,Porco,2008,1,TOTAL,11
Chuquisaca,10103,Poroma,2008,1,TOTAL,35
Santa Cruz,70103,Porongo,2008,1,TOTAL,5
Santa Cruz,70601,Portachuelo,2008,1,TOTAL,6
Pando,90102,Porvenir,2008,1,TOTAL,4
Potosí,50101,Potosi,2008,1,TOTAL,286
Chuquisaca,10302,Presto,2008,1,TOTAL,26
Santa Cruz,70805,Pucara,2008,1,TOTAL,3
La Paz,21201,Pucarani,2008,1,TOTAL,20
La Paz,20401,Puerto Acosta,2008,1,TOTAL,26
La Paz,20403,Puerto Carabuco,2008,1,TOTAL,15
Pando,90301,Puerto Gonzalo Moreno,2008,1,TOTAL,12
La Paz,21204,Puerto Perez,2008,1,TOTAL,8
Santa Cruz,71402,Puerto Quijarro,2008,1,TOTAL,10
Pando,90201,Puerto Rico,2008,1,TOTAL,9
Beni,80703,Puerto Siles,2008,1,TOTAL,3
Santa Cruz,71401,Puerto Suarez,2008,1,TOTAL,1
Cochabamba,31205,Puerto Villarroel,2008,1,TOTAL,26
Potosí,51101,Puna,2008,1,TOTAL,26
Cochabamba,31401,Punata,2008,1,TOTAL,41
La Paz,20604,Quiabaya,2008,1,TOTAL,3
Cochabamba,30901,Quillacollo,2008,1,TOTAL,180
La Paz,21002,Quime,2008,1,TOTAL,4
Santa Cruz,70904,Quirusillas,2008,1,TOTAL,2
Potosí,50402,Ravelo,2008,1,TOTAL,20
Beni,80301,Reyes,2008,1,TOTAL,23
Beni,80201,Riberalta,2008,1,TOTAL,364
Santa Cruz,70503,Robore,2008,1,TOTAL,25
Beni,80304,Rurrenabaque,2008,1,TOTAL,12
Oruro,40901,Sabaya,2008,1,TOTAL,1
Cochabamba,31001,Sacaba,2008,1,TOTAL,143
Cochabamba,30404,Sacabamba,2008,1,TOTAL,9
Potosí,50701,Sacaca,2008,1,TOTAL,23
Santa Cruz,71302,Saipina,2008,1,TOTAL,7
Oruro,40801,Salinas De Garci Mendoza,2008,1,TOTAL,8
Santa Cruz,70901,Samaipata,2008,1,TOTAL,12
Potosí,51601,San Agustin,2008,1,TOTAL,5
Beni,80602,San Andres,2008,1,TOTAL,8
La Paz,20805,San Andres De Machaca,2008,1,TOTAL,7
Potosí,51003,San Antonio De Esmoruco,2008,1,TOTAL,3
Santa Cruz,71105,San Antonio De Lomerio,2008,1,TOTAL,3
Cochabamba,31403,San Benito,2008,1,TOTAL,1
Beni,80302,San Borja,2008,1,TOTAL,53
La Paz,21502,San Buena Ventura,2008,1,TOTAL,10
Santa Cruz,70402,San Carlos,2008,1,TOTAL,62
Beni,80501,San Ignacio,2008,1,TOTAL,42
Santa Cruz,70301,San Ignacio De Velasco,2008,1,TOTAL,96
Beni,80102,San Javier(bni),2008,1,TOTAL,1
Beni,80701,San Joaquin,2008,1,TOTAL,3
Santa Cruz,70501,San Jose De Chiquitos,2008,1,TOTAL,23
Santa Cruz,70404,San Juan De Yapacani,2008,1,TOTAL,10
Santa Cruz,71104,San Julian,2008,1,TOTAL,36
Pando,90302,San Lorenzo(pnd),2008,1,TOTAL,4
Tarija,60501,San Lorenzo(tja),2008,1,TOTAL,12
Chuquisaca,10702,San Lucas,2008,1,TOTAL,59
Santa Cruz,71201,San Matias,2008,1,TOTAL,8
Santa Cruz,70302,San Miguel De Velasco,2008,1,TOTAL,14
Potosí,51001,San Pablo De Lipez,2008,1,TOTAL,10
Santa Cruz,71005,San Pedro,2008,1,TOTAL,12
Potosí,50501,San Pedro De Buena Vista,2008,1,TOTAL,25
La Paz,21801,San Pedro De Curahuara,2008,1,TOTAL,10
La Paz,21702,San Pedro De Tiquina,2008,1,TOTAL,3
Pando,90202,San Pedro(pnd),2008,1,TOTAL,2
Santa Cruz,70303,San Rafael,2008,1,TOTAL,5
Beni,80702,San Ramon,2008,1,TOTAL,6
Beni,80702,San Ramon,2008,1,TOTAL,12
Beni,80401,Santa Ana,2008,1,TOTAL,16
Santa Cruz,70101,Santa Cruz De La Sierra,2008,1,TOTAL,346
Beni,80303,Santa Rosa,2008,1,TOTAL,16
Santa Cruz,70602,Santa Rosa Del Sara,2008,1,TOTAL,22
La Paz,20308,Santiago De Callapa,2008,1,TOTAL,6
Oruro,41401,Santiago De Huari,2008,1,TOTAL,5
La Paz,21901,Santiago De Machaca,2008,1,TOTAL,3
Cochabamba,30702,Santivañes,2008,1,TOTAL,3
Oruro,40202,Santuario De Quillacas,2008,1,TOTAL,3
La Paz,20902,Sapahaqui,2008,1,TOTAL,4
Pando,90303,Sena,2008,1,TOTAL,4
La Paz,21301,Sica Sica (villa Aroma),2008,1,TOTAL,11
Cochabamba,30703,Sicaya,2008,1,TOTAL,5
Cochabamba,30902,Sipe Sipe,2008,1,TOTAL,10
Chuquisaca,10403,Sopachuy,2008,1,TOTAL,8
Oruro,40104,Soracachi,2008,1,TOTAL,1
La Paz,20601,Sorata,2008,1,TOTAL,17
Chuquisaca,10101,Sucre,2008,1,TOTAL,365
Cochabamba,31404,Tacachi,2008,1,TOTAL,1
La Paz,20603,Tacacoma,2008,1,TOTAL,8
Potosí,50303,Tacobamba,2008,1,TOTAL,7
Cochabamba,30602,Tacopaya,2008,1,TOTAL,25
Cochabamba,31101,Tapacari,2008,1,TOTAL,26
Chuquisaca,10601,Tarabuco,2008,1,TOTAL,52
Cochabamba,30401,Tarata,2008,1,TOTAL,8
Tarija,60101,Tarija,2008,1,TOTAL,230
Chuquisaca,10202,Tarvita,2008,1,TOTAL,24
La Paz,20608,Teoponte,2008,1,TOTAL,8
La Paz,20803,Tiawanacu,2008,1,TOTAL,23
Potosí,50102,Tinguipaya,2008,1,TOTAL,15
La Paz,20606,Tipuani,2008,1,TOTAL,24
Cochabamba,30903,Tiquipaya,2008,1,TOTAL,54
Cochabamba,31601,Tiraque (cbba),2008,1,TOTAL,83
Cochabamba,30802,Toco,2008,1,TOTAL,4
Oruro,41502,Todos Santos,2008,1,TOTAL,2
Cochabamba,30803,Tolata,2008,1,TOTAL,6
Oruro,41001,Toledo,2008,1,TOTAL,13
Potosí,51202,Tomave,2008,1,TOTAL,12
Chuquisaca,10402,Tomina,2008,1,TOTAL,7
Potosí,50502,Toro Toro,2008,1,TOTAL,17
Cochabamba,31201,Totora(cbba),2008,1,TOTAL,12
Oruro,41301,Totora(orr),2008,1,TOTAL,6
Santa Cruz,70802,Trigal,2008,1,TOTAL,2
Beni,80101,Trinidad,2008,1,TOTAL,71
Potosí,50801,Tupiza,2008,1,TOTAL,81
Oruro,40402,Turco,2008,1,TOTAL,2
La Paz,21302,Umala,2008,1,TOTAL,4
Potosí,50201,Uncia,2008,1,TOTAL,27
Tarija,60401,Uriondo (a. Concepcion),2008,1,TOTAL,25
Santa Cruz,71502,Urubicha,2008,1,TOTAL,7
Potosí,51201,Uyuni,2008,1,TOTAL,4
Cochabamba,30502,Vacas,2008,1,TOTAL,15
Santa Cruz,70801,Vallegrande,2008,1,TOTAL,19
La Paz,20801,Viacha,2008,1,TOTAL,25
Cochabamba,31302,Vila Vila,2008,1,TOTAL,12
Tarija,60303,Villa Montes,2008,1,TOTAL,25
Pando,90502,Villa Nueva (loma Alta),2008,1,TOTAL,3
Cochabamba,31402,Villa Rivero,2008,1,TOTAL,3
Chuquisaca,10801,Villa Serrano,2008,1,TOTAL,13
Cochabamba,31003,Villa Tunari,2008,1,TOTAL,86
Chuquisaca,11001,Villa Vaca Guzman (muyupampa),2008,1,TOTAL,7
Potosí,51501,Villazon,2008,1,TOTAL,6
Cochabamba,30904,Vinto,2008,1,TOTAL,26
Potosí,50602,Vitichi,2008,1,TOTAL,5
Santa Cruz,70201,Warnes,2008,1,TOTAL,830
La Paz,20903,Yaco,2008,1,TOTAL,15
Tarija,60301,Yacuiba,2008,1,TOTAL,88
Chuquisaca,10602,Yamparaez,2008,1,TOTAL,7
La Paz,21103,Yanacachi,2008,1,TOTAL,1
Santa Cruz,70403,Yapacani,2008,1,TOTAL,51
Potosí,50103,Yocalla,2008,1,TOTAL,7
Chuquisaca,10102,Yotala,2008,1,TOTAL,14
Tarija,60402,Yunchara,2008,1,TOTAL,4
Chuquisaca,10301,Zudañez,2008,1,TOTAL,14
Potosí,51302,Acacio,2008,2,TOTAL,9
La Paz,20201,Achacachi,2008,2,TOTAL,47
La Paz,20104,Achocalla,2008,2,TOTAL,14
Cochabamba,30201,Aiquile,2008,2,TOTAL,24
Cochabamba,31303,Alalay,2008,2,TOTAL,7
La Paz,20202,Ancoraimes,2008,2,TOTAL,14
Oruro,41201,Andamarca,2008,2,TOTAL,6
Cochabamba,30402,Anzaldo,2008,2,TOTAL,5
La Paz,20701,Apolo,2008,2,TOTAL,36
Potosí,51301,Arampampa,2008,2,TOTAL,6
Cochabamba,30501,Arani,2008,2,TOTAL,5
Cochabamba,30403,Arbieto,2008,2,TOTAL,12
Cochabamba,30601,Arque,2008,2,TOTAL,20
Santa Cruz,71501,Ascencion De Guarayos,2008,2,TOTAL,43
Potosí,50802,Atocha,2008,2,TOTAL,13
La Paz,20503,Aucapata,2008,2,TOTAL,2
La Paz,20502,Ayata,2008,2,TOTAL,11
La Paz,21303,Ayo Ayo,2008,2,TOTAL,29
Cochabamba,30301,Ayopaya (v. De Independencia),2008,2,TOTAL,36
Chuquisaca,10201,Azurduy,2008,2,TOTAL,21
La Paz,21203,Batallas,2008,2,TOTAL,12
Beni,80802,Baures,2008,2,TOTAL,4
Oruro,41202,Belen De Andamarca,2008,2,TOTAL,2
Potosí,50104,Belen De Urmiri,2008,2,TOTAL,1
Pando,90104,Bella Flor,2008,2,TOTAL,2
Tarija,60202,Bermejo,2008,2,TOTAL,57
Potosí,50301,Betanzos,2008,2,TOTAL,38
Cochabamba,31501,Bolivar,2008,2,TOTAL,7
Pando,90103,Bolpebra,2008,2,TOTAL,1
Santa Cruz,70707,Boyuibe,2008,2,TOTAL,2
Santa Cruz,70401,Buena Vista,2008,2,TOTAL,47
Santa Cruz,70703,Cabezas,2008,2,TOTAL,27
La Paz,20905,Cairoma,2008,2,TOTAL,15
Potosí,51102,"Caiza ""d""",2008,2,TOTAL,5
La Paz,21003,Cajuata,2008,2,TOTAL,11
La Paz,20303,Calacoto,2008,2,TOTAL,5
La Paz,21304,Calamarca,2008,2,TOTAL,13
Chuquisaca,10701,Camargo,2008,2,TOTAL,27
Chuquisaca,10901,Camataqui (c. Villa Abecia),2008,2,TOTAL,8
Santa Cruz,70706,Camiri,2008,2,TOTAL,26
Cochabamba,30701,Capinota,2008,2,TOTAL,34
La Paz,20302,Caquiaviri,2008,2,TOTAL,5
Oruro,40102,Caracollo,2008,2,TOTAL,28
La Paz,22001,Caranavi,2008,2,TOTAL,83
Tarija,60302,Carapari,2008,2,TOTAL,8
Potosí,50702,Caripuyo,2008,2,TOTAL,16
Santa Cruz,71403,Carmen Rivero Torrez,2008,2,TOTAL,5
La Paz,21902,Catacora,2008,2,TOTAL,1
Oruro,40201,Challapata,2008,2,TOTAL,50
Potosí,50302,Chaqui,2008,2,TOTAL,8
Santa Cruz,70702,Charagua,2008,2,TOTAL,53
La Paz,20305,Charaña,2008,2,TOTAL,2
Potosí,50202,Chayanta,2008,2,TOTAL,11
Cochabamba,31204,Chimore,2008,2,TOTAL,17
Oruro,40903,Chipaya,2008,2,TOTAL,3
Oruro,40302,Choque Cota,2008,2,TOTAL,1
La Paz,21101,Chulumani (v. De La Libertad),2008,2,TOTAL,6
La Paz,20501,Chuma,2008,2,TOTAL,8
Cochabamba,30801,Cliza,2008,2,TOTAL,1
Pando,90101,Cobija,2008,2,TOTAL,109
Cochabamba,30101,Cochabamba,2008,2,TOTAL,357
Oruro,40902,Coipasa,2008,2,TOTAL,1
Cochabamba,30905,Colcapirhua,2008,2,TOTAL,34
Potosí,50901,"Colcha ""k""",2008,2,TOTAL,13
La Paz,21307,Collana,2008,2,TOTAL,3
Cochabamba,31002,Colomi,2008,2,TOTAL,27
Santa Cruz,70603,Colpa Belgica,2008,2,TOTAL,8
Potosí,50401,Colquechaca,2008,2,TOTAL,49
La Paz,21306,Colquencha,2008,2,TOTAL,11
La Paz,21004,Colquiri,2008,2,TOTAL,31
La Paz,20304,Comanche,2008,2,TOTAL,1
Santa Cruz,71301,Comarapa,2008,2,TOTAL,28
La Paz,20605,Combaya,2008,2,TOTAL,7
La Paz,21701,Copacabana,2008,2,TOTAL,14
La Paz,21402,Coripata,2008,2,TOTAL,19
La Paz,20301,Coro Coro,2008,2,TOTAL,10
La Paz,21401,Coroico,2008,2,TOTAL,19
Oruro,40301,Corque,2008,2,TOTAL,7
Potosí,50601,Cotagaita,2008,2,TOTAL,24
Santa Cruz,70102,Cotoca,2008,2,TOTAL,38
Santa Cruz,71106,Cuatro Cañadas,2008,2,TOTAL,24
Cochabamba,31405,Cuchumuela (v. G. Villarroel),2008,2,TOTAL,2
Santa Cruz,70704,Cuevo,2008,2,TOTAL,2
Chuquisaca,10902,Culpina,2008,2,TOTAL,33
Oruro,40401,Curahuara De Carangas,2008,2,TOTAL,4
La Paz,21602,Curva,2008,2,TOTAL,2
La Paz,20804,Desaguadero,2008,2,TOTAL,10
La Paz,20105,El Alto,2008,2,TOTAL,925
Oruro,40103,El Choro,2008,2,TOTAL,6
Santa Cruz,71503,El Puente(stc),2008,2,TOTAL,7
Tarija,60502,El Puente(tja),2008,2,TOTAL,14
Santa Cruz,70105,El Torno,2008,2,TOTAL,18
Chuquisaca,10405,El Villar,2008,2,TOTAL,4
Tarija,60601,Entre Rios,2008,2,TOTAL,23
Tarija,60601,Entre Rios,2008,2,TOTAL,23
Oruro,41101,Eucaliptus,2008,2,TOTAL,7
Beni,80402,Exaltacion,2008,2,TOTAL,6
Santa Cruz,71004,Fernandez Alonso,2008,2,TOTAL,14
Pando,90203,Filadelfia,2008,2,TOTAL,5
Santa Cruz,71002,General Saavedra,2008,2,TOTAL,23
La Paz,21601,Gral. J.j. Perez (charazani),2008,2,TOTAL,11
La Paz,20602,Guanay,2008,2,TOTAL,24
La Paz,20802,Guaqui,2008,2,TOTAL,12
Beni,80202,Guayaramerin,2008,2,TOTAL,61
Santa Cruz,70705,Gutierrez,2008,2,TOTAL,15
Chuquisaca,10502,Huacareta,2008,2,TOTAL,15
Chuquisaca,11002,Huacaya (villa De Huacaya),2008,2,TOTAL,3
Oruro,40701,Huanuni,2008,2,TOTAL,16
Beni,80803,Huaracaje,2008,2,TOTAL,5
Oruro,41601,Huayllamarca,2008,2,TOTAL,9
La Paz,21005,Ichoca,2008,2,TOTAL,5
Chuquisaca,10304,Icla,2008,2,TOTAL,14
Chuquisaca,10703,Incahuasi,2008,2,TOTAL,54
Pando,90402,Ingavi (humaita),2008,2,TOTAL,2
La Paz,21001,Inquisivi,2008,2,TOTAL,8
La Paz,21102,Irupana (villa De Lanza),2008,2,TOTAL,10
La Paz,20806,Jesus De Machaca,2008,2,TOTAL,21
La Paz,21105,La Asunta,2008,2,TOTAL,45
Santa Cruz,70104,La Guardia,2008,2,TOTAL,26
La Paz,20101,La Paz,2008,2,TOTAL,579
Oruro,41501,La Rivera,2008,2,TOTAL,1
Santa Cruz,70701,Lagunillas,2008,2,TOTAL,10
La Paz,21202,Laja,2008,2,TOTAL,11
Chuquisaca,10903,Las Carreras,2008,2,TOTAL,2
Potosí,50203,Llallagua,2008,2,TOTAL,11
Potosí,51401,Llica,2008,2,TOTAL,6
Beni,80601,Loreto,2008,2,TOTAL,8
La Paz,20901,Luribay,2008,2,TOTAL,7
Oruro,40702,Machacamarca,2008,2,TOTAL,1
Chuquisaca,11003,Machareti,2008,2,TOTAL,6
Beni,80801,Magdalena,2008,2,TOTAL,18
Santa Cruz,70903,Mairana,2008,2,TOTAL,15
La Paz,20904,Malla,2008,2,TOTAL,3
La Paz,20607,Mapiri,2008,2,TOTAL,13
La Paz,20103,Mecapaca,2008,2,TOTAL,7
Santa Cruz,71003,Mineros,2008,2,TOTAL,5
Cochabamba,31301,Mizque,2008,2,TOTAL,46
La Paz,20402,Mocomoco,2008,2,TOTAL,9
Chuquisaca,10303,Mojocoya,2008,2,TOTAL,14
Chuquisaca,10501,Monteagudo,2008,2,TOTAL,32
Santa Cruz,71001,Montero,2008,2,TOTAL,72
Santa Cruz,70803,Moro Moro,2008,2,TOTAL,1
Cochabamba,30302,Morochata,2008,2,TOTAL,19
Pando,90401,Nacebe (santa Rosa Del Abuna),2008,2,TOTAL,6
Potosí,50404,Ocuri,2008,2,TOTAL,26
Santa Cruz,70202,Okinawa,2008,2,TOTAL,8
Cochabamba,30203,Omereque,2008,2,TOTAL,5
Oruro,40101,Oruro,2008,2,TOTAL,103
Tarija,60201,Padcaya,2008,2,TOTAL,13
Chuquisaca,10401,Padilla,2008,2,TOTAL,15
Santa Cruz,70502,Pailon,2008,2,TOTAL,21
La Paz,21104,Palos Blancos,2008,2,TOTAL,46
Oruro,40802,Pampa Aullagas,2008,2,TOTAL,5
Santa Cruz,70902,Pampa Grande,2008,2,TOTAL,6
La Paz,21802,Papel Pampa,2008,2,TOTAL,8
Cochabamba,30202,Pasorapa,2008,2,TOTAL,2
La Paz,21305,Patacamaya,2008,2,TOTAL,2
Oruro,40602,Pazña,2008,2,TOTAL,7
La Paz,20702,Pelechuco,2008,2,TOTAL,8
Potosí,50403,Pocoata,2008,2,TOTAL,28
Cochabamba,31203,Pocona,2008,2,TOTAL,9
Cochabamba,31202,Pojo (cbba),2008,2,TOTAL,12
Oruro,40601,Poopo,2008,2,TOTAL,8
Potosí,51203,Porco,2008,2,TOTAL,10
Chuquisaca,10103,Poroma,2008,2,TOTAL,20
Santa Cruz,70103,Porongo,2008,2,TOTAL,2
Santa Cruz,70601,Portachuelo,2008,2,TOTAL,2
Pando,90102,Porvenir,2008,2,TOTAL,2
Santa Cruz,70804,Postrer Valle,2008,2,TOTAL,1
Potosí,50101,Potosi,2008,2,TOTAL,78
Chuquisaca,10302,Presto,2008,2,TOTAL,15
Santa Cruz,70805,Pucara,2008,2,TOTAL,1
La Paz,21201,Pucarani,2008,2,TOTAL,29
La Paz,20401,Puerto Acosta,2008,2,TOTAL,26
La Paz,20403,Puerto Carabuco,2008,2,TOTAL,18
Pando,90301,Puerto Gonzalo Moreno,2008,2,TOTAL,12
La Paz,21204,Puerto Perez,2008,2,TOTAL,5
Santa Cruz,71402,Puerto Quijarro,2008,2,TOTAL,5
Pando,90201,Puerto Rico,2008,2,TOTAL,13
Santa Cruz,71401,Puerto Suarez,2008,2,TOTAL,30
Cochabamba,31205,Puerto Villarroel,2008,2,TOTAL,24
Potosí,51101,Puna,2008,2,TOTAL,42
Cochabamba,31401,Punata,2008,2,TOTAL,33
La Paz,20604,Quiabaya,2008,2,TOTAL,5
Cochabamba,30901,Quillacollo,2008,2,TOTAL,18
La Paz,21002,Quime,2008,2,TOTAL,6
Potosí,50402,Ravelo,2008,2,TOTAL,15
Beni,80301,Reyes,2008,2,TOTAL,14
Beni,80201,Riberalta,2008,2,TOTAL,392
Santa Cruz,70503,Robore,2008,2,TOTAL,37
Beni,80304,Rurrenabaque,2008,2,TOTAL,24
Oruro,40901,Sabaya,2008,2,TOTAL,2
Cochabamba,31001,Sacaba,2008,2,TOTAL,135
Cochabamba,30404,Sacabamba,2008,2,TOTAL,7
Potosí,50701,Sacaca,2008,2,TOTAL,26
Santa Cruz,71302,Saipina,2008,2,TOTAL,8
Oruro,40801,Salinas De Garci Mendoza,2008,2,TOTAL,12
Santa Cruz,70901,Samaipata,2008,2,TOTAL,6
Potosí,51601,San Agustin,2008,2,TOTAL,4
Beni,80602,San Andres,2008,2,TOTAL,11
La Paz,20805,San Andres De Machaca,2008,2,TOTAL,4
Potosí,51003,San Antonio De Esmoruco,2008,2,TOTAL,4
Santa Cruz,71105,San Antonio De Lomerio,2008,2,TOTAL,13
Cochabamba,31403,San Benito,2008,2,TOTAL,2
Beni,80302,San Borja,2008,2,TOTAL,62
La Paz,21502,San Buena Ventura,2008,2,TOTAL,13
Santa Cruz,70402,San Carlos,2008,2,TOTAL,69
Beni,80501,San Ignacio,2008,2,TOTAL,62
Santa Cruz,70301,San Ignacio De Velasco,2008,2,TOTAL,91
Beni,80102,San Javier(bni),2008,2,TOTAL,1
Santa Cruz,71102,San Javier(stc),2008,2,TOTAL,4
Beni,80701,San Joaquin,2008,2,TOTAL,1
Santa Cruz,70501,San Jose De Chiquitos,2008,2,TOTAL,21
Santa Cruz,70404,San Juan De Yapacani,2008,2,TOTAL,2
Santa Cruz,71104,San Julian,2008,2,TOTAL,30
Pando,90302,San Lorenzo(pnd),2008,2,TOTAL,5
Tarija,60501,San Lorenzo(tja),2008,2,TOTAL,13
Chuquisaca,10702,San Lucas,2008,2,TOTAL,70
Santa Cruz,71201,San Matias,2008,2,TOTAL,5
Santa Cruz,70302,San Miguel De Velasco,2008,2,TOTAL,13
Potosí,51001,San Pablo De Lipez,2008,2,TOTAL,3
Santa Cruz,71005,San Pedro,2008,2,TOTAL,15
Potosí,50501,San Pedro De Buena Vista,2008,2,TOTAL,22
La Paz,21801,San Pedro De Curahuara,2008,2,TOTAL,6
La Paz,21702,San Pedro De Tiquina,2008,2,TOTAL,1
Pando,90202,San Pedro(pnd),2008,2,TOTAL,3
Santa Cruz,70303,San Rafael,2008,2,TOTAL,5
Beni,80702,San Ramon,2008,2,TOTAL,23
Beni,80702,San Ramon,2008,2,TOTAL,10
Beni,80401,Santa Ana,2008,2,TOTAL,27
Santa Cruz,70101,Santa Cruz De La Sierra,2008,2,TOTAL,346
Beni,80303,Santa Rosa,2008,2,TOTAL,15
Santa Cruz,70602,Santa Rosa Del Sara,2008,2,TOTAL,27
La Paz,20308,Santiago De Callapa,2008,2,TOTAL,5
Oruro,41401,Santiago De Huari,2008,2,TOTAL,11
La Paz,21901,Santiago De Machaca,2008,2,TOTAL,4
Cochabamba,30702,Santivañes,2008,2,TOTAL,4
Oruro,40202,Santuario De Quillacas,2008,2,TOTAL,5
La Paz,20902,Sapahaqui,2008,2,TOTAL,2
Pando,90303,Sena,2008,2,TOTAL,4
La Paz,21301,Sica Sica (villa Aroma),2008,2,TOTAL,16
Cochabamba,30703,Sicaya,2008,2,TOTAL,4
Cochabamba,30902,Sipe Sipe,2008,2,TOTAL,4
Chuquisaca,10403,Sopachuy,2008,2,TOTAL,11
Oruro,40104,Soracachi,2008,2,TOTAL,2
La Paz,20601,Sorata,2008,2,TOTAL,15
Chuquisaca,10101,Sucre,2008,2,TOTAL,387
Cochabamba,31404,Tacachi,2008,2,TOTAL,1
La Paz,20603,Tacacoma,2008,2,TOTAL,3
Potosí,50303,Tacobamba,2008,2,TOTAL,16
Cochabamba,30602,Tacopaya,2008,2,TOTAL,7
Potosí,51402,Tahua,2008,2,TOTAL,4
Cochabamba,31101,Tapacari,2008,2,TOTAL,41
Chuquisaca,10601,Tarabuco,2008,2,TOTAL,43
La Paz,20807,Taraco,2008,2,TOTAL,2
Cochabamba,30401,Tarata,2008,2,TOTAL,8
Tarija,60101,Tarija,2008,2,TOTAL,276
Chuquisaca,10202,Tarvita,2008,2,TOTAL,20
La Paz,20608,Teoponte,2008,2,TOTAL,8
La Paz,20803,Tiawanacu,2008,2,TOTAL,16
Potosí,50102,Tinguipaya,2008,2,TOTAL,29
La Paz,20606,Tipuani,2008,2,TOTAL,17
Cochabamba,30903,Tiquipaya,2008,2,TOTAL,54
Cochabamba,31601,Tiraque (cbba),2008,2,TOTAL,43
La Paz,21703,Tito Yupanqui (parquipujio),2008,2,TOTAL,1
Cochabamba,30802,Toco,2008,2,TOTAL,3
Oruro,41502,Todos Santos,2008,2,TOTAL,1
Cochabamba,30803,Tolata,2008,2,TOTAL,4
Oruro,41001,Toledo,2008,2,TOTAL,5
Potosí,51202,Tomave,2008,2,TOTAL,16
Chuquisaca,10402,Tomina,2008,2,TOTAL,10
Potosí,50502,Toro Toro,2008,2,TOTAL,12
Cochabamba,31201,Totora(cbba),2008,2,TOTAL,26
Oruro,41301,Totora(orr),2008,2,TOTAL,10
Santa Cruz,70802,Trigal,2008,2,TOTAL,1
Beni,80101,Trinidad,2008,2,TOTAL,77
Potosí,50801,Tupiza,2008,2,TOTAL,59
Oruro,40402,Turco,2008,2,TOTAL,8
La Paz,21302,Umala,2008,2,TOTAL,11
Potosí,50201,Uncia,2008,2,TOTAL,39
Tarija,60401,Uriondo (a. Concepcion),2008,2,TOTAL,10
Santa Cruz,71502,Urubicha,2008,2,TOTAL,5
Potosí,51201,Uyuni,2008,2,TOTAL,8
Cochabamba,30502,Vacas,2008,2,TOTAL,8
Santa Cruz,70801,Vallegrande,2008,2,TOTAL,34
La Paz,20801,Viacha,2008,2,TOTAL,40
Cochabamba,31302,Vila Vila,2008,2,TOTAL,4
Tarija,60303,Villa Montes,2008,2,TOTAL,14
Pando,90502,Villa Nueva (loma Alta),2008,2,TOTAL,2
Cochabamba,31402,Villa Rivero,2008,2,TOTAL,3
Chuquisaca,10801,Villa Serrano,2008,2,TOTAL,19
Cochabamba,31003,Villa Tunari,2008,2,TOTAL,97
Chuquisaca,11001,Villa Vaca Guzman (muyupampa),2008,2,TOTAL,11
Potosí,51501,Villazon,2008,2,TOTAL,14
Cochabamba,30904,Vinto,2008,2,TOTAL,17
Potosí,50602,Vitichi,2008,2,TOTAL,9
La Paz,20306,Waldo Ballivian,2008,2,TOTAL,2
Santa Cruz,70201,Warnes,2008,2,TOTAL,27
La Paz,20903,Yaco,2008,2,TOTAL,3
Tarija,60301,Yacuiba,2008,2,TOTAL,131
Chuquisaca,10602,Yamparaez,2008,2,TOTAL,11
La Paz,21103,Yanacachi,2008,2,TOTAL,8
Santa Cruz,70403,Yapacani,2008,2,TOTAL,32
Potosí,50103,Yocalla,2008,2,TOTAL,9
Chuquisaca,10102,Yotala,2008,2,TOTAL,11
Tarija,60402,Yunchara,2008,2,TOTAL,13
Chuquisaca,10301,Zudañez,2008,2,TOTAL,10
Potosí,51302,Acacio,2008,3,TOTAL,7
La Paz,20201,Achacachi,2008,3,TOTAL,50
La Paz,20104,Achocalla,2008,3,TOTAL,9
Cochabamba,30201,Aiquile,2008,3,TOTAL,48
Cochabamba,31303,Alalay,2008,3,TOTAL,3
Chuquisaca,10404,Alcala,2008,3,TOTAL,3
La Paz,20202,Ancoraimes,2008,3,TOTAL,15
Oruro,41201,Andamarca,2008,3,TOTAL,4
Oruro,40603,Antequera,2008,3,TOTAL,4
Cochabamba,30402,Anzaldo,2008,3,TOTAL,4
La Paz,20701,Apolo,2008,3,TOTAL,25
Potosí,51301,Arampampa,2008,3,TOTAL,9
Cochabamba,30501,Arani,2008,3,TOTAL,4
Cochabamba,30403,Arbieto,2008,3,TOTAL,4
Cochabamba,30601,Arque,2008,3,TOTAL,16
Santa Cruz,71501,Ascencion De Guarayos,2008,3,TOTAL,75
Potosí,50802,Atocha,2008,3,TOTAL,12
La Paz,20503,Aucapata,2008,3,TOTAL,1
La Paz,20502,Ayata,2008,3,TOTAL,15
La Paz,21303,Ayo Ayo,2008,3,TOTAL,13
Cochabamba,30301,Ayopaya (v. De Independencia),2008,3,TOTAL,30
Chuquisaca,10201,Azurduy,2008,3,TOTAL,22
La Paz,21203,Batallas,2008,3,TOTAL,15
Beni,80802,Baures,2008,3,TOTAL,3
Potosí,50104,Belen De Urmiri,2008,3,TOTAL,1
Pando,90104,Bella Flor,2008,3,TOTAL,6
Tarija,60202,Bermejo,2008,3,TOTAL,74
Potosí,50301,Betanzos,2008,3,TOTAL,42
Cochabamba,31501,Bolivar,2008,3,TOTAL,11
Pando,90103,Bolpebra,2008,3,TOTAL,4
Santa Cruz,70707,Boyuibe,2008,3,TOTAL,3
Santa Cruz,70401,Buena Vista,2008,3,TOTAL,14
Santa Cruz,70703,Cabezas,2008,3,TOTAL,15
La Paz,20905,Cairoma,2008,3,TOTAL,11
Potosí,51102,"Caiza ""d""",2008,3,TOTAL,3
La Paz,21003,Cajuata,2008,3,TOTAL,13
La Paz,20303,Calacoto,2008,3,TOTAL,2
La Paz,21304,Calamarca,2008,3,TOTAL,10
Chuquisaca,10701,Camargo,2008,3,TOTAL,20
Chuquisaca,10901,Camataqui (c. Villa Abecia),2008,3,TOTAL,5
Santa Cruz,70706,Camiri,2008,3,TOTAL,24
Cochabamba,30701,Capinota,2008,3,TOTAL,26
La Paz,20302,Caquiaviri,2008,3,TOTAL,5
Oruro,40102,Caracollo,2008,3,TOTAL,38
La Paz,22001,Caranavi,2008,3,TOTAL,105
Tarija,60302,Carapari,2008,3,TOTAL,10
Potosí,50702,Caripuyo,2008,3,TOTAL,17
Oruro,40201,Challapata,2008,3,TOTAL,50
Potosí,50302,Chaqui,2008,3,TOTAL,8
Santa Cruz,70702,Charagua,2008,3,TOTAL,58
La Paz,20305,Charaña,2008,3,TOTAL,1
Potosí,50202,Chayanta,2008,3,TOTAL,16
Cochabamba,31204,Chimore,2008,3,TOTAL,23
Oruro,40903,Chipaya,2008,3,TOTAL,6
Oruro,40302,Choque Cota,2008,3,TOTAL,1
La Paz,21101,Chulumani (v. De La Libertad),2008,3,TOTAL,2
La Paz,20501,Chuma,2008,3,TOTAL,13
Cochabamba,30801,Cliza,2008,3,TOTAL,15
Pando,90101,Cobija,2008,3,TOTAL,112
Cochabamba,30101,Cochabamba,2008,3,TOTAL,372
Oruro,40902,Coipasa,2008,3,TOTAL,1
Cochabamba,30905,Colcapirhua,2008,3,TOTAL,41
Potosí,50901,"Colcha ""k""",2008,3,TOTAL,12
La Paz,21307,Collana,2008,3,TOTAL,1
Cochabamba,31002,Colomi,2008,3,TOTAL,28
Santa Cruz,70603,Colpa Belgica,2008,3,TOTAL,12
Potosí,50401,Colquechaca,2008,3,TOTAL,72
La Paz,21306,Colquencha,2008,3,TOTAL,7
La Paz,21004,Colquiri,2008,3,TOTAL,33
La Paz,20304,Comanche,2008,3,TOTAL,1
Santa Cruz,71301,Comarapa,2008,3,TOTAL,32
La Paz,20605,Combaya,2008,3,TOTAL,5
Santa Cruz,71101,Concepcion,2008,3,TOTAL,6
La Paz,21701,Copacabana,2008,3,TOTAL,14
La Paz,21402,Coripata,2008,3,TOTAL,11
La Paz,20301,Coro Coro,2008,3,TOTAL,11
La Paz,21401,Coroico,2008,3,TOTAL,30
Oruro,40301,Corque,2008,3,TOTAL,7
Potosí,50601,Cotagaita,2008,3,TOTAL,23
Santa Cruz,70102,Cotoca,2008,3,TOTAL,62
Santa Cruz,71106,Cuatro Cañadas,2008,3,TOTAL,19
Santa Cruz,70704,Cuevo,2008,3,TOTAL,4
Chuquisaca,10902,Culpina,2008,3,TOTAL,9
Oruro,40401,Curahuara De Carangas,2008,3,TOTAL,6
La Paz,21602,Curva,2008,3,TOTAL,6
La Paz,20804,Desaguadero,2008,3,TOTAL,8
La Paz,20105,El Alto,2008,3,TOTAL,1046
Oruro,40103,El Choro,2008,3,TOTAL,6
Santa Cruz,71503,El Puente(stc),2008,3,TOTAL,11
Tarija,60502,El Puente(tja),2008,3,TOTAL,22
Santa Cruz,70105,El Torno,2008,3,TOTAL,16
Chuquisaca,10405,El Villar,2008,3,TOTAL,4
Tarija,60601,Entre Rios,2008,3,TOTAL,25
Tarija,60601,Entre Rios,2008,3,TOTAL,35
Oruro,41101,Eucaliptus,2008,3,TOTAL,7
Beni,80402,Exaltacion,2008,3,TOTAL,1
Santa Cruz,71004,Fernandez Alonso,2008,3,TOTAL,7
Pando,90203,Filadelfia,2008,3,TOTAL,7
Santa Cruz,71002,General Saavedra,2008,3,TOTAL,17
La Paz,21601,Gral. J.j. Perez (charazani),2008,3,TOTAL,12
La Paz,20602,Guanay,2008,3,TOTAL,22
La Paz,20802,Guaqui,2008,3,TOTAL,17
Beni,80202,Guayaramerin,2008,3,TOTAL,55
Santa Cruz,70705,Gutierrez,2008,3,TOTAL,8
Chuquisaca,10502,Huacareta,2008,3,TOTAL,14
Chuquisaca,11002,Huacaya (villa De Huacaya),2008,3,TOTAL,1
Oruro,40501,Huachacalla,2008,3,TOTAL,1
Oruro,40701,Huanuni,2008,3,TOTAL,18
Beni,80803,Huaracaje,2008,3,TOTAL,3
Oruro,41601,Huayllamarca,2008,3,TOTAL,12
La Paz,21005,Ichoca,2008,3,TOTAL,1
Chuquisaca,10304,Icla,2008,3,TOTAL,22
Chuquisaca,10703,Incahuasi,2008,3,TOTAL,45
Pando,90402,Ingavi (humaita),2008,3,TOTAL,3
La Paz,21001,Inquisivi,2008,3,TOTAL,18
La Paz,21102,Irupana (villa De Lanza),2008,3,TOTAL,12
La Paz,21501,Ixiamas,2008,3,TOTAL,4
La Paz,20806,Jesus De Machaca,2008,3,TOTAL,14
La Paz,21105,La Asunta,2008,3,TOTAL,53
Santa Cruz,70104,La Guardia,2008,3,TOTAL,33
La Paz,20101,La Paz,2008,3,TOTAL,891
Santa Cruz,70701,Lagunillas,2008,3,TOTAL,4
La Paz,21202,Laja,2008,3,TOTAL,16
Chuquisaca,10903,Las Carreras,2008,3,TOTAL,6
La Paz,21006,Licoma Pampa,2008,3,TOTAL,4
Potosí,50203,Llallagua,2008,3,TOTAL,15
Potosí,51401,Llica,2008,3,TOTAL,6
Beni,80601,Loreto,2008,3,TOTAL,4
La Paz,20901,Luribay,2008,3,TOTAL,7
Oruro,40702,Machacamarca,2008,3,TOTAL,8
Chuquisaca,11003,Machareti,2008,3,TOTAL,6
Beni,80801,Magdalena,2008,3,TOTAL,25
Santa Cruz,70903,Mairana,2008,3,TOTAL,12
La Paz,20904,Malla,2008,3,TOTAL,6
La Paz,20607,Mapiri,2008,3,TOTAL,12
La Paz,20103,Mecapaca,2008,3,TOTAL,12
Santa Cruz,71003,Mineros,2008,3,TOTAL,10
Cochabamba,31301,Mizque,2008,3,TOTAL,41
La Paz,20402,Mocomoco,2008,3,TOTAL,16
Potosí,51002,Mojinete,2008,3,TOTAL,1
Chuquisaca,10303,Mojocoya,2008,3,TOTAL,16
Chuquisaca,10501,Monteagudo,2008,3,TOTAL,36
Santa Cruz,71001,Montero,2008,3,TOTAL,85
Cochabamba,30302,Morochata,2008,3,TOTAL,20
Pando,90401,Nacebe (santa Rosa Del Abuna),2008,3,TOTAL,10
La Paz,20307,Nazacara De Pacajes,2008,3,TOTAL,3
Pando,90501,Nuevo Manoa (nueva Esperanza),2008,3,TOTAL,1
Potosí,50404,Ocuri,2008,3,TOTAL,28
Santa Cruz,70202,Okinawa,2008,3,TOTAL,17
Cochabamba,30203,Omereque,2008,3,TOTAL,10
Oruro,40101,Oruro,2008,3,TOTAL,141
Tarija,60201,Padcaya,2008,3,TOTAL,17
Chuquisaca,10401,Padilla,2008,3,TOTAL,21
Santa Cruz,70502,Pailon,2008,3,TOTAL,32
La Paz,20102,Palca,2008,3,TOTAL,3
La Paz,21104,Palos Blancos,2008,3,TOTAL,45
Oruro,40802,Pampa Aullagas,2008,3,TOTAL,2
Santa Cruz,70902,Pampa Grande,2008,3,TOTAL,8
La Paz,21802,Papel Pampa,2008,3,TOTAL,6
Cochabamba,30202,Pasorapa,2008,3,TOTAL,2
La Paz,21305,Patacamaya,2008,3,TOTAL,3
Oruro,40602,Pazña,2008,3,TOTAL,5
La Paz,20702,Pelechuco,2008,3,TOTAL,8
Potosí,50403,Pocoata,2008,3,TOTAL,36
Cochabamba,31203,Pocona,2008,3,TOTAL,14
Cochabamba,31202,Pojo (cbba),2008,3,TOTAL,24
Oruro,40601,Poopo,2008,3,TOTAL,8
Potosí,51203,Porco,2008,3,TOTAL,13
Chuquisaca,10103,Poroma,2008,3,TOTAL,23
Santa Cruz,70103,Porongo,2008,3,TOTAL,7
Santa Cruz,70601,Portachuelo,2008,3,TOTAL,5
Pando,90102,Porvenir,2008,3,TOTAL,7
Santa Cruz,70804,Postrer Valle,2008,3,TOTAL,2
Potosí,50101,Potosi,2008,3,TOTAL,289
Chuquisaca,10302,Presto,2008,3,TOTAL,13
Santa Cruz,70805,Pucara,2008,3,TOTAL,3
La Paz,21201,Pucarani,2008,3,TOTAL,20
La Paz,20401,Puerto Acosta,2008,3,TOTAL,29
La Paz,20403,Puerto Carabuco,2008,3,TOTAL,10
Pando,90301,Puerto Gonzalo Moreno,2008,3,TOTAL,9
La Paz,21204,Puerto Perez,2008,3,TOTAL,11
Santa Cruz,71402,Puerto Quijarro,2008,3,TOTAL,13
Pando,90201,Puerto Rico,2008,3,TOTAL,14
Beni,80703,Puerto Siles,2008,3,TOTAL,1
Santa Cruz,71401,Puerto Suarez,2008,3,TOTAL,30
Cochabamba,31205,Puerto Villarroel,2008,3,TOTAL,50
Potosí,51101,Puna,2008,3,TOTAL,32
Cochabamba,31401,Punata,2008,3,TOTAL,45
La Paz,20604,Quiabaya,2008,3,TOTAL,1
Cochabamba,30901,Quillacollo,2008,3,TOTAL,92
La Paz,21002,Quime,2008,3,TOTAL,5
Potosí,50402,Ravelo,2008,3,TOTAL,29
Beni,80301,Reyes,2008,3,TOTAL,17
Beni,80201,Riberalta,2008,3,TOTAL,436
Santa Cruz,70503,Robore,2008,3,TOTAL,36
Beni,80304,Rurrenabaque,2008,3,TOTAL,26
Cochabamba,31001,Sacaba,2008,3,TOTAL,152
Cochabamba,30404,Sacabamba,2008,3,TOTAL,4
Potosí,50701,Sacaca,2008,3,TOTAL,33
Santa Cruz,71302,Saipina,2008,3,TOTAL,2
Oruro,40801,Salinas De Garci Mendoza,2008,3,TOTAL,15
Santa Cruz,70901,Samaipata,2008,3,TOTAL,11
Potosí,51601,San Agustin,2008,3,TOTAL,3
Beni,80602,San Andres,2008,3,TOTAL,14
La Paz,20805,San Andres De Machaca,2008,3,TOTAL,4
Potosí,51003,San Antonio De Esmoruco,2008,3,TOTAL,1
Santa Cruz,71105,San Antonio De Lomerio,2008,3,TOTAL,12
Cochabamba,31403,San Benito,2008,3,TOTAL,4
Beni,80302,San Borja,2008,3,TOTAL,100
La Paz,21502,San Buena Ventura,2008,3,TOTAL,27
Santa Cruz,70402,San Carlos,2008,3,TOTAL,96
Beni,80501,San Ignacio,2008,3,TOTAL,52
Santa Cruz,70301,San Ignacio De Velasco,2008,3,TOTAL,108
Beni,80102,San Javier(bni),2008,3,TOTAL,7
Santa Cruz,71102,San Javier(stc),2008,3,TOTAL,1
Beni,80701,San Joaquin,2008,3,TOTAL,2
Santa Cruz,70501,San Jose De Chiquitos,2008,3,TOTAL,32
Santa Cruz,70404,San Juan De Yapacani,2008,3,TOTAL,18
Santa Cruz,71104,San Julian,2008,3,TOTAL,31
Pando,90302,San Lorenzo(pnd),2008,3,TOTAL,20
Tarija,60501,San Lorenzo(tja),2008,3,TOTAL,12
Chuquisaca,10702,San Lucas,2008,3,TOTAL,53
Santa Cruz,71201,San Matias,2008,3,TOTAL,13
Santa Cruz,70302,San Miguel De Velasco,2008,3,TOTAL,19
Potosí,51001,San Pablo De Lipez,2008,3,TOTAL,8
Santa Cruz,71005,San Pedro,2008,3,TOTAL,25
Potosí,50501,San Pedro De Buena Vista,2008,3,TOTAL,18
La Paz,21801,San Pedro De Curahuara,2008,3,TOTAL,3
Pando,90202,San Pedro(pnd),2008,3,TOTAL,3
Santa Cruz,70303,San Rafael,2008,3,TOTAL,8
Beni,80702,San Ramon,2008,3,TOTAL,29
Beni,80702,San Ramon,2008,3,TOTAL,14
Beni,80401,Santa Ana,2008,3,TOTAL,14
Santa Cruz,70101,Santa Cruz De La Sierra,2008,3,TOTAL,498
Beni,80303,Santa Rosa,2008,3,TOTAL,33
Santa Cruz,70602,Santa Rosa Del Sara,2008,3,TOTAL,24
La Paz,20308,Santiago De Callapa,2008,3,TOTAL,4
Oruro,41401,Santiago De Huari,2008,3,TOTAL,9
La Paz,21901,Santiago De Machaca,2008,3,TOTAL,3
Cochabamba,30702,Santivañes,2008,3,TOTAL,3
Oruro,40202,Santuario De Quillacas,2008,3,TOTAL,9
La Paz,20902,Sapahaqui,2008,3,TOTAL,8
Pando,90303,Sena,2008,3,TOTAL,7
La Paz,21301,Sica Sica (villa Aroma),2008,3,TOTAL,20
Cochabamba,30703,Sicaya,2008,3,TOTAL,2
Cochabamba,30902,Sipe Sipe,2008,3,TOTAL,14
Chuquisaca,10403,Sopachuy,2008,3,TOTAL,14
Oruro,40104,Soracachi,2008,3,TOTAL,3
La Paz,20601,Sorata,2008,3,TOTAL,22
Chuquisaca,10101,Sucre,2008,3,TOTAL,402
Cochabamba,31404,Tacachi,2008,3,TOTAL,3
La Paz,20603,Tacacoma,2008,3,TOTAL,1
Potosí,50303,Tacobamba,2008,3,TOTAL,3
Cochabamba,30602,Tacopaya,2008,3,TOTAL,15
Potosí,51402,Tahua,2008,3,TOTAL,2
Cochabamba,31101,Tapacari,2008,3,TOTAL,28
Chuquisaca,10601,Tarabuco,2008,3,TOTAL,32
La Paz,20807,Taraco,2008,3,TOTAL,2
Cochabamba,30401,Tarata,2008,3,TOTAL,6
Tarija,60101,Tarija,2008,3,TOTAL,229
Chuquisaca,10202,Tarvita,2008,3,TOTAL,30
La Paz,20608,Teoponte,2008,3,TOTAL,10
La Paz,20803,Tiawanacu,2008,3,TOTAL,19
Potosí,50102,Tinguipaya,2008,3,TOTAL,18
La Paz,20606,Tipuani,2008,3,TOTAL,23
Cochabamba,30903,Tiquipaya,2008,3,TOTAL,64
Cochabamba,31601,Tiraque (cbba),2008,3,TOTAL,68
Cochabamba,30802,Toco,2008,3,TOTAL,8
Cochabamba,30803,Tolata,2008,3,TOTAL,9
Oruro,41001,Toledo,2008,3,TOTAL,8
Potosí,51202,Tomave,2008,3,TOTAL,20
Chuquisaca,10402,Tomina,2008,3,TOTAL,16
Potosí,50502,Toro Toro,2008,3,TOTAL,18
Cochabamba,31201,Totora(cbba),2008,3,TOTAL,11
Oruro,41301,Totora(orr),2008,3,TOTAL,9
Santa Cruz,70802,Trigal,2008,3,TOTAL,2
Beni,80101,Trinidad,2008,3,TOTAL,49
Potosí,50801,Tupiza,2008,3,TOTAL,62
Oruro,40402,Turco,2008,3,TOTAL,2
La Paz,21302,Umala,2008,3,TOTAL,5
Potosí,50201,Uncia,2008,3,TOTAL,38
Tarija,60401,Uriondo (a. Concepcion),2008,3,TOTAL,11
Santa Cruz,71502,Urubicha,2008,3,TOTAL,4
Potosí,51201,Uyuni,2008,3,TOTAL,14
Cochabamba,30502,Vacas,2008,3,TOTAL,8
Santa Cruz,70801,Vallegrande,2008,3,TOTAL,15
La Paz,20801,Viacha,2008,3,TOTAL,51
Cochabamba,31302,Vila Vila,2008,3,TOTAL,2
Tarija,60303,Villa Montes,2008,3,TOTAL,83
Pando,90502,Villa Nueva (loma Alta),2008,3,TOTAL,8
Cochabamba,31402,Villa Rivero,2008,3,TOTAL,6
Chuquisaca,10801,Villa Serrano,2008,3,TOTAL,18
Cochabamba,31003,Villa Tunari,2008,3,TOTAL,94
Chuquisaca,11001,Villa Vaca Guzman (muyupampa),2008,3,TOTAL,12
Potosí,51501,Villazon,2008,3,TOTAL,9
Cochabamba,30904,Vinto,2008,3,TOTAL,37
Potosí,50602,Vitichi,2008,3,TOTAL,31
La Paz,20306,Waldo Ballivian,2008,3,TOTAL,5
Santa Cruz,70201,Warnes,2008,3,TOTAL,42
La Paz,20903,Yaco,2008,3,TOTAL,9
Tarija,60301,Yacuiba,2008,3,TOTAL,136
Chuquisaca,10602,Yamparaez,2008,3,TOTAL,12
La Paz,21103,Yanacachi,2008,3,TOTAL,2
Santa Cruz,70403,Yapacani,2008,3,TOTAL,49
Potosí,50103,Yocalla,2008,3,TOTAL,6
Chuquisaca,10102,Yotala,2008,3,TOTAL,6
Tarija,60402,Yunchara,2008,3,TOTAL,6
Chuquisaca,10301,Zudañez,2008,3,TOTAL,18
Potosí,51302,Acacio,2008,4,TOTAL,12
La Paz,20201,Achacachi,2008,4,TOTAL,56
La Paz,20104,Achocalla,2008,4,TOTAL,12
Cochabamba,30201,Aiquile,2008,4,TOTAL,56
Cochabamba,31303,Alalay,2008,4,TOTAL,6
Chuquisaca,10404,Alcala,2008,4,TOTAL,2
La Paz,20202,Ancoraimes,2008,4,TOTAL,17
Oruro,41201,Andamarca,2008,4,TOTAL,3
Oruro,40603,Antequera,2008,4,TOTAL,2
Cochabamba,30402,Anzaldo,2008,4,TOTAL,10
La Paz,20701,Apolo,2008,4,TOTAL,34
Potosí,51301,Arampampa,2008,4,TOTAL,7
Cochabamba,30501,Arani,2008,4,TOTAL,16
Cochabamba,30403,Arbieto,2008,4,TOTAL,5
Cochabamba,30601,Arque,2008,4,TOTAL,12
Santa Cruz,71501,Ascencion De Guarayos,2008,4,TOTAL,60
Potosí,50802,Atocha,2008,4,TOTAL,16
La Paz,20503,Aucapata,2008,4,TOTAL,3
La Paz,20502,Ayata,2008,4,TOTAL,13
La Paz,21303,Ayo Ayo,2008,4,TOTAL,10
Cochabamba,30301,Ayopaya (v. De Independencia),2008,4,TOTAL,33
Chuquisaca,10201,Azurduy,2008,4,TOTAL,23
La Paz,21203,Batallas,2008,4,TOTAL,14
Beni,80802,Baures,2008,4,TOTAL,1
Oruro,41202,Belen De Andamarca,2008,4,TOTAL,1
Pando,90104,Bella Flor,2008,4,TOTAL,2
Tarija,60202,Bermejo,2008,4,TOTAL,46
Potosí,50301,Betanzos,2008,4,TOTAL,44
Cochabamba,31501,Bolivar,2008,4,TOTAL,10
Santa Cruz,70707,Boyuibe,2008,4,TOTAL,2
Santa Cruz,70401,Buena Vista,2008,4,TOTAL,19
Santa Cruz,70703,Cabezas,2008,4,TOTAL,30
La Paz,20905,Cairoma,2008,4,TOTAL,11
Potosí,51102,"Caiza ""d""",2008,4,TOTAL,10
La Paz,21003,Cajuata,2008,4,TOTAL,9
La Paz,20303,Calacoto,2008,4,TOTAL,7
La Paz,21304,Calamarca,2008,4,TOTAL,18
Chuquisaca,10701,Camargo,2008,4,TOTAL,24
Chuquisaca,10901,Camataqui (c. Villa Abecia),2008,4,TOTAL,5
Santa Cruz,70706,Camiri,2008,4,TOTAL,30
Cochabamba,30701,Capinota,2008,4,TOTAL,29
La Paz,20302,Caquiaviri,2008,4,TOTAL,8
Oruro,40102,Caracollo,2008,4,TOTAL,22
La Paz,22001,Caranavi,2008,4,TOTAL,79
Tarija,60302,Carapari,2008,4,TOTAL,14
Potosí,50702,Caripuyo,2008,4,TOTAL,14
Santa Cruz,71403,Carmen Rivero Torrez,2008,4,TOTAL,2
La Paz,21902,Catacora,2008,4,TOTAL,1
La Paz,21803,Chacarilla,2008,4,TOTAL,3
Oruro,40201,Challapata,2008,4,TOTAL,45
Potosí,50302,Chaqui,2008,4,TOTAL,12
Santa Cruz,70702,Charagua,2008,4,TOTAL,63
La Paz,20305,Charaña,2008,4,TOTAL,1
Potosí,50202,Chayanta,2008,4,TOTAL,18
Cochabamba,31204,Chimore,2008,4,TOTAL,16
Oruro,40903,Chipaya,2008,4,TOTAL,4
Oruro,40302,Choque Cota,2008,4,TOTAL,1
La Paz,21101,Chulumani (v. De La Libertad),2008,4,TOTAL,27
La Paz,20501,Chuma,2008,4,TOTAL,11
Cochabamba,30801,Cliza,2008,4,TOTAL,20
Pando,90101,Cobija,2008,4,TOTAL,111
Cochabamba,30101,Cochabamba,2008,4,TOTAL,321
Cochabamba,30905,Colcapirhua,2008,4,TOTAL,33
Potosí,50901,"Colcha ""k""",2008,4,TOTAL,9
La Paz,21307,Collana,2008,4,TOTAL,2
Cochabamba,31002,Colomi,2008,4,TOTAL,27
Santa Cruz,70603,Colpa Belgica,2008,4,TOTAL,7
Potosí,50401,Colquechaca,2008,4,TOTAL,49
La Paz,21306,Colquencha,2008,4,TOTAL,11
La Paz,21004,Colquiri,2008,4,TOTAL,33
La Paz,20304,Comanche,2008,4,TOTAL,6
Santa Cruz,71301,Comarapa,2008,4,TOTAL,31
La Paz,20605,Combaya,2008,4,TOTAL,4
La Paz,21701,Copacabana,2008,4,TOTAL,28
La Paz,21402,Coripata,2008,4,TOTAL,23
La Paz,20301,Coro Coro,2008,4,TOTAL,13
La Paz,21401,Coroico,2008,4,TOTAL,20
Oruro,40301,Corque,2008,4,TOTAL,7
Potosí,50601,Cotagaita,2008,4,TOTAL,26
Santa Cruz,70102,Cotoca,2008,4,TOTAL,50
Santa Cruz,71106,Cuatro Cañadas,2008,4,TOTAL,30
Santa Cruz,70704,Cuevo,2008,4,TOTAL,5
Chuquisaca,10902,Culpina,2008,4,TOTAL,30
Oruro,40401,Curahuara De Carangas,2008,4,TOTAL,7
La Paz,20804,Desaguadero,2008,4,TOTAL,6
La Paz,20105,El Alto,2008,4,TOTAL,1176
Oruro,40103,El Choro,2008,4,TOTAL,1
Santa Cruz,71503,El Puente(stc),2008,4,TOTAL,18
Tarija,60502,El Puente(tja),2008,4,TOTAL,8
Santa Cruz,70105,El Torno,2008,4,TOTAL,10
Chuquisaca,10405,El Villar,2008,4,TOTAL,9
Tarija,60601,Entre Rios,2008,4,TOTAL,24
Tarija,60601,Entre Rios,2008,4,TOTAL,21
Oruro,41101,Eucaliptus,2008,4,TOTAL,8
Pando,90503,Eureka (santos Mercado),2008,4,TOTAL,3
Beni,80402,Exaltacion,2008,4,TOTAL,1
Santa Cruz,71004,Fernandez Alonso,2008,4,TOTAL,9
Pando,90203,Filadelfia,2008,4,TOTAL,12
Santa Cruz,71002,General Saavedra,2008,4,TOTAL,11
La Paz,21601,Gral. J.j. Perez (charazani),2008,4,TOTAL,8
La Paz,20602,Guanay,2008,4,TOTAL,19
La Paz,20802,Guaqui,2008,4,TOTAL,16
Beni,80202,Guayaramerin,2008,4,TOTAL,54
Santa Cruz,70705,Gutierrez,2008,4,TOTAL,7
Chuquisaca,10502,Huacareta,2008,4,TOTAL,15
Chuquisaca,11002,Huacaya (villa De Huacaya),2008,4,TOTAL,3
Oruro,40501,Huachacalla,2008,4,TOTAL,2
Oruro,40701,Huanuni,2008,4,TOTAL,17
Beni,80803,Huaracaje,2008,4,TOTAL,4
Oruro,41601,Huayllamarca,2008,4,TOTAL,3
La Paz,21005,Ichoca,2008,4,TOTAL,6
Chuquisaca,10304,Icla,2008,4,TOTAL,13
Chuquisaca,10703,Incahuasi,2008,4,TOTAL,46
Pando,90402,Ingavi (humaita),2008,4,TOTAL,2
La Paz,21001,Inquisivi,2008,4,TOTAL,16
La Paz,21102,Irupana (villa De Lanza),2008,4,TOTAL,20
La Paz,21501,Ixiamas,2008,4,TOTAL,8
La Paz,20806,Jesus De Machaca,2008,4,TOTAL,26
La Paz,21105,La Asunta,2008,4,TOTAL,28
Santa Cruz,70104,La Guardia,2008,4,TOTAL,38
La Paz,20101,La Paz,2008,4,TOTAL,827
Santa Cruz,70701,Lagunillas,2008,4,TOTAL,16
La Paz,21202,Laja,2008,4,TOTAL,25
Chuquisaca,10903,Las Carreras,2008,4,TOTAL,3
La Paz,21006,Licoma Pampa,2008,4,TOTAL,2
Potosí,50203,Llallagua,2008,4,TOTAL,16
Potosí,51401,Llica,2008,4,TOTAL,9
Beni,80601,Loreto,2008,4,TOTAL,5
La Paz,20901,Luribay,2008,4,TOTAL,2
Oruro,40702,Machacamarca,2008,4,TOTAL,8
Chuquisaca,11003,Machareti,2008,4,TOTAL,10
Beni,80801,Magdalena,2008,4,TOTAL,22
Santa Cruz,70903,Mairana,2008,4,TOTAL,9
La Paz,20904,Malla,2008,4,TOTAL,5
La Paz,20607,Mapiri,2008,4,TOTAL,15
La Paz,20103,Mecapaca,2008,4,TOTAL,6
Santa Cruz,71003,Mineros,2008,4,TOTAL,10
Cochabamba,31301,Mizque,2008,4,TOTAL,36
La Paz,20402,Mocomoco,2008,4,TOTAL,13
Potosí,51002,Mojinete,2008,4,TOTAL,1
Chuquisaca,10303,Mojocoya,2008,4,TOTAL,3
Chuquisaca,10501,Monteagudo,2008,4,TOTAL,49
Santa Cruz,71001,Montero,2008,4,TOTAL,62
Santa Cruz,70803,Moro Moro,2008,4,TOTAL,3
Cochabamba,30302,Morochata,2008,4,TOTAL,14
Pando,90401,Nacebe (santa Rosa Del Abuna),2008,4,TOTAL,7
La Paz,20307,Nazacara De Pacajes,2008,4,TOTAL,2
Pando,90501,Nuevo Manoa (nueva Esperanza),2008,4,TOTAL,3
Potosí,50404,Ocuri,2008,4,TOTAL,21
Santa Cruz,70202,Okinawa,2008,4,TOTAL,23
Cochabamba,30203,Omereque,2008,4,TOTAL,5
Oruro,40101,Oruro,2008,4,TOTAL,139
Tarija,60201,Padcaya,2008,4,TOTAL,13
Chuquisaca,10401,Padilla,2008,4,TOTAL,16
Santa Cruz,70502,Pailon,2008,4,TOTAL,19
La Paz,20102,Palca,2008,4,TOTAL,2
La Paz,21104,Palos Blancos,2008,4,TOTAL,51
Oruro,40802,Pampa Aullagas,2008,4,TOTAL,5
Santa Cruz,70902,Pampa Grande,2008,4,TOTAL,9
La Paz,21802,Papel Pampa,2008,4,TOTAL,5
Cochabamba,30202,Pasorapa,2008,4,TOTAL,5
La Paz,21305,Patacamaya,2008,4,TOTAL,50
Oruro,40602,Pazña,2008,4,TOTAL,11
La Paz,20702,Pelechuco,2008,4,TOTAL,8
Potosí,50403,Pocoata,2008,4,TOTAL,44
Cochabamba,31203,Pocona,2008,4,TOTAL,16
Cochabamba,31202,Pojo (cbba),2008,4,TOTAL,24
Oruro,40601,Poopo,2008,4,TOTAL,6
Potosí,51203,Porco,2008,4,TOTAL,12
Chuquisaca,10103,Poroma,2008,4,TOTAL,27
Santa Cruz,70103,Porongo,2008,4,TOTAL,5
Santa Cruz,70601,Portachuelo,2008,4,TOTAL,6
Pando,90102,Porvenir,2008,4,TOTAL,1
Santa Cruz,70804,Postrer Valle,2008,4,TOTAL,4
Potosí,50101,Potosi,2008,4,TOTAL,65
Chuquisaca,10302,Presto,2008,4,TOTAL,15
Santa Cruz,70805,Pucara,2008,4,TOTAL,2
La Paz,21201,Pucarani,2008,4,TOTAL,34
La Paz,20401,Puerto Acosta,2008,4,TOTAL,23
La Paz,20403,Puerto Carabuco,2008,4,TOTAL,13
Pando,90301,Puerto Gonzalo Moreno,2008,4,TOTAL,13
La Paz,21204,Puerto Perez,2008,4,TOTAL,13
Santa Cruz,71402,Puerto Quijarro,2008,4,TOTAL,15
Pando,90201,Puerto Rico,2008,4,TOTAL,8
Beni,80703,Puerto Siles,2008,4,TOTAL,1
Santa Cruz,71401,Puerto Suarez,2008,4,TOTAL,32
Cochabamba,31205,Puerto Villarroel,2008,4,TOTAL,134
Potosí,51101,Puna,2008,4,TOTAL,43
Cochabamba,31401,Punata,2008,4,TOTAL,24
Cochabamba,30901,Quillacollo,2008,4,TOTAL,94
La Paz,21002,Quime,2008,4,TOTAL,7
Santa Cruz,70904,Quirusillas,2008,4,TOTAL,1
Potosí,50402,Ravelo,2008,4,TOTAL,26
Beni,80301,Reyes,2008,4,TOTAL,12
Beni,80201,Riberalta,2008,4,TOTAL,502
Santa Cruz,70503,Robore,2008,4,TOTAL,31
Beni,80304,Rurrenabaque,2008,4,TOTAL,25
Oruro,40901,Sabaya,2008,4,TOTAL,7
Cochabamba,31001,Sacaba,2008,4,TOTAL,129
Cochabamba,30404,Sacabamba,2008,4,TOTAL,6
Potosí,50701,Sacaca,2008,4,TOTAL,31
Santa Cruz,71302,Saipina,2008,4,TOTAL,7
Oruro,40801,Salinas De Garci Mendoza,2008,4,TOTAL,12
Santa Cruz,70901,Samaipata,2008,4,TOTAL,11
Potosí,51601,San Agustin,2008,4,TOTAL,4
Beni,80602,San Andres,2008,4,TOTAL,13
La Paz,20805,San Andres De Machaca,2008,4,TOTAL,6
Potosí,51003,San Antonio De Esmoruco,2008,4,TOTAL,6
Santa Cruz,71105,San Antonio De Lomerio,2008,4,TOTAL,6
Cochabamba,31403,San Benito,2008,4,TOTAL,4
Beni,80302,San Borja,2008,4,TOTAL,61
La Paz,21502,San Buena Ventura,2008,4,TOTAL,23
Santa Cruz,70402,San Carlos,2008,4,TOTAL,64
Beni,80501,San Ignacio,2008,4,TOTAL,59
Santa Cruz,70301,San Ignacio De Velasco,2008,4,TOTAL,102
Beni,80102,San Javier(bni),2008,4,TOTAL,6
Santa Cruz,71102,San Javier(stc),2008,4,TOTAL,36
Beni,80701,San Joaquin,2008,4,TOTAL,19
Santa Cruz,70501,San Jose De Chiquitos,2008,4,TOTAL,26
Santa Cruz,70404,San Juan De Yapacani,2008,4,TOTAL,12
Santa Cruz,71104,San Julian,2008,4,TOTAL,28
Pando,90302,San Lorenzo(pnd),2008,4,TOTAL,7
Tarija,60501,San Lorenzo(tja),2008,4,TOTAL,13
Chuquisaca,10702,San Lucas,2008,4,TOTAL,68
Santa Cruz,71201,San Matias,2008,4,TOTAL,9
Santa Cruz,70302,San Miguel De Velasco,2008,4,TOTAL,15
Potosí,51001,San Pablo De Lipez,2008,4,TOTAL,3
Santa Cruz,71005,San Pedro,2008,4,TOTAL,23
Potosí,50501,San Pedro De Buena Vista,2008,4,TOTAL,16
La Paz,21801,San Pedro De Curahuara,2008,4,TOTAL,6
Potosí,50902,San Pedro De Quemes,2008,4,TOTAL,1
Pando,90202,San Pedro(pnd),2008,4,TOTAL,5
Santa Cruz,70303,San Rafael,2008,4,TOTAL,10
Beni,80702,San Ramon,2008,4,TOTAL,13
Beni,80702,San Ramon,2008,4,TOTAL,9
Beni,80401,Santa Ana,2008,4,TOTAL,11
Santa Cruz,70101,Santa Cruz De La Sierra,2008,4,TOTAL,422
Beni,80303,Santa Rosa,2008,4,TOTAL,20
Santa Cruz,70602,Santa Rosa Del Sara,2008,4,TOTAL,20
La Paz,20308,Santiago De Callapa,2008,4,TOTAL,6
Oruro,41401,Santiago De Huari,2008,4,TOTAL,9
La Paz,21901,Santiago De Machaca,2008,4,TOTAL,7
Cochabamba,30702,Santivañes,2008,4,TOTAL,3
Oruro,40202,Santuario De Quillacas,2008,4,TOTAL,3
La Paz,20902,Sapahaqui,2008,4,TOTAL,6
Pando,90303,Sena,2008,4,TOTAL,4
La Paz,21301,Sica Sica (villa Aroma),2008,4,TOTAL,28
Cochabamba,30703,Sicaya,2008,4,TOTAL,1
Cochabamba,30902,Sipe Sipe,2008,4,TOTAL,16
Chuquisaca,10403,Sopachuy,2008,4,TOTAL,13
Oruro,40104,Soracachi,2008,4,TOTAL,15
La Paz,20601,Sorata,2008,4,TOTAL,28
Chuquisaca,10101,Sucre,2008,4,TOTAL,392
Cochabamba,31404,Tacachi,2008,4,TOTAL,2
La Paz,20603,Tacacoma,2008,4,TOTAL,5
Potosí,50303,Tacobamba,2008,4,TOTAL,18
Cochabamba,30602,Tacopaya,2008,4,TOTAL,24
Potosí,51402,Tahua,2008,4,TOTAL,3
Cochabamba,31101,Tapacari,2008,4,TOTAL,45
Chuquisaca,10601,Tarabuco,2008,4,TOTAL,32
La Paz,20807,Taraco,2008,4,TOTAL,6
Cochabamba,30401,Tarata,2008,4,TOTAL,8
Tarija,60101,Tarija,2008,4,TOTAL,246
Chuquisaca,10202,Tarvita,2008,4,TOTAL,32
La Paz,20608,Teoponte,2008,4,TOTAL,20
La Paz,20803,Tiawanacu,2008,4,TOTAL,25
Potosí,50102,Tinguipaya,2008,4,TOTAL,19
La Paz,20606,Tipuani,2008,4,TOTAL,15
Cochabamba,30903,Tiquipaya,2008,4,TOTAL,57
Cochabamba,31601,Tiraque (cbba),2008,4,TOTAL,81
La Paz,21703,Tito Yupanqui (parquipujio),2008,4,TOTAL,3
Cochabamba,30802,Toco,2008,4,TOTAL,12
Cochabamba,30803,Tolata,2008,4,TOTAL,9
Oruro,41001,Toledo,2008,4,TOTAL,5
Potosí,51202,Tomave,2008,4,TOTAL,11
Chuquisaca,10402,Tomina,2008,4,TOTAL,9
Potosí,50502,Toro Toro,2008,4,TOTAL,8
Cochabamba,31201,Totora(cbba),2008,4,TOTAL,28
Oruro,41301,Totora(orr),2008,4,TOTAL,5
Santa Cruz,70802,Trigal,2008,4,TOTAL,3
Beni,80101,Trinidad,2008,4,TOTAL,70
Potosí,50801,Tupiza,2008,4,TOTAL,71
Oruro,40402,Turco,2008,4,TOTAL,7
La Paz,21302,Umala,2008,4,TOTAL,7
Potosí,50201,Uncia,2008,4,TOTAL,37
Tarija,60401,Uriondo (a. Concepcion),2008,4,TOTAL,13
Santa Cruz,71502,Urubicha,2008,4,TOTAL,9
Potosí,51201,Uyuni,2008,4,TOTAL,22
Cochabamba,30502,Vacas,2008,4,TOTAL,11
Santa Cruz,70801,Vallegrande,2008,4,TOTAL,19
La Paz,20801,Viacha,2008,4,TOTAL,50
Cochabamba,31302,Vila Vila,2008,4,TOTAL,5
Tarija,60303,Villa Montes,2008,4,TOTAL,93
Pando,90502,Villa Nueva (loma Alta),2008,4,TOTAL,2
Cochabamba,31402,Villa Rivero,2008,4,TOTAL,8
Chuquisaca,10801,Villa Serrano,2008,4,TOTAL,10
Cochabamba,31003,Villa Tunari,2008,4,TOTAL,159
Chuquisaca,11001,Villa Vaca Guzman (muyupampa),2008,4,TOTAL,13
Potosí,51501,Villazon,2008,4,TOTAL,18
Cochabamba,30904,Vinto,2008,4,TOTAL,41
Potosí,50602,Vitichi,2008,4,TOTAL,11
La Paz,20306,Waldo Ballivian,2008,4,TOTAL,1
Santa Cruz,70201,Warnes,2008,4,TOTAL,63
La Paz,20903,Yaco,2008,4,TOTAL,10
Tarija,60301,Yacuiba,2008,4,TOTAL,131
Chuquisaca,10602,Yamparaez,2008,4,TOTAL,5
La Paz,21103,Yanacachi,2008,4,TOTAL,2
Santa Cruz,70403,Yapacani,2008,4,TOTAL,60
Potosí,50103,Yocalla,2008,4,TOTAL,3
Chuquisaca,10102,Yotala,2008,4,TOTAL,7
Tarija,60402,Yunchara,2008,4,TOTAL,10
Chuquisaca,10301,Zudañez,2008,4,TOTAL,14
Potosí,51302,Acacio,2008,5,TOTAL,6
La Paz,20201,Achacachi,2008,5,TOTAL,45
La Paz,20104,Achocalla,2008,5,TOTAL,15
Cochabamba,30201,Aiquile,2008,5,TOTAL,32
Cochabamba,31303,Alalay,2008,5,TOTAL,4
Chuquisaca,10404,Alcala,2008,5,TOTAL,2
La Paz,20202,Ancoraimes,2008,5,TOTAL,24
Oruro,41201,Andamarca,2008,5,TOTAL,6
Oruro,40603,Antequera,2008,5,TOTAL,7
Cochabamba,30402,Anzaldo,2008,5,TOTAL,12
La Paz,20701,Apolo,2008,5,TOTAL,21
Potosí,51301,Arampampa,2008,5,TOTAL,4
Cochabamba,30501,Arani,2008,5,TOTAL,7
Cochabamba,30403,Arbieto,2008,5,TOTAL,6
Cochabamba,30601,Arque,2008,5,TOTAL,13
Santa Cruz,71501,Ascencion De Guarayos,2008,5,TOTAL,48
Potosí,50802,Atocha,2008,5,TOTAL,11
La Paz,20503,Aucapata,2008,5,TOTAL,4
La Paz,20502,Ayata,2008,5,TOTAL,18
La Paz,21303,Ayo Ayo,2008,5,TOTAL,10
Cochabamba,30301,Ayopaya (v. De Independencia),2008,5,TOTAL,47
Chuquisaca,10201,Azurduy,2008,5,TOTAL,23
La Paz,21203,Batallas,2008,5,TOTAL,20
Beni,80802,Baures,2008,5,TOTAL,7
Potosí,50104,Belen De Urmiri,2008,5,TOTAL,2
Tarija,60202,Bermejo,2008,5,TOTAL,54
Potosí,50301,Betanzos,2008,5,TOTAL,37
Cochabamba,31501,Bolivar,2008,5,TOTAL,11
Santa Cruz,70707,Boyuibe,2008,5,TOTAL,6
Santa Cruz,70401,Buena Vista,2008,5,TOTAL,9
Santa Cruz,70703,Cabezas,2008,5,TOTAL,24
La Paz,20905,Cairoma,2008,5,TOTAL,11
Potosí,51102,"Caiza ""d""",2008,5,TOTAL,15
La Paz,21003,Cajuata,2008,5,TOTAL,12
La Paz,20303,Calacoto,2008,5,TOTAL,7
La Paz,21304,Calamarca,2008,5,TOTAL,20
Chuquisaca,10701,Camargo,2008,5,TOTAL,20
Chuquisaca,10901,Camataqui (c. Villa Abecia),2008,5,TOTAL,2
Santa Cruz,70706,Camiri,2008,5,TOTAL,21
Cochabamba,30701,Capinota,2008,5,TOTAL,31
La Paz,20302,Caquiaviri,2008,5,TOTAL,8
Oruro,40102,Caracollo,2008,5,TOTAL,34
La Paz,22001,Caranavi,2008,5,TOTAL,116
Oruro,41503,Carangas,2008,5,TOTAL,1
Tarija,60302,Carapari,2008,5,TOTAL,15
Potosí,50702,Caripuyo,2008,5,TOTAL,9
Santa Cruz,71403,Carmen Rivero Torrez,2008,5,TOTAL,3
La Paz,21902,Catacora,2008,5,TOTAL,1
Oruro,40201,Challapata,2008,5,TOTAL,44
Potosí,50302,Chaqui,2008,5,TOTAL,10
Santa Cruz,70702,Charagua,2008,5,TOTAL,73
La Paz,20305,Charaña,2008,5,TOTAL,4
Potosí,50202,Chayanta,2008,5,TOTAL,43
Cochabamba,31204,Chimore,2008,5,TOTAL,14
Oruro,40903,Chipaya,2008,5,TOTAL,1
Oruro,40302,Choque Cota,2008,5,TOTAL,3
La Paz,21101,Chulumani (v. De La Libertad),2008,5,TOTAL,29
La Paz,20501,Chuma,2008,5,TOTAL,6
Cochabamba,30801,Cliza,2008,5,TOTAL,18
Pando,90101,Cobija,2008,5,TOTAL,111
Cochabamba,30101,Cochabamba,2008,5,TOTAL,479
Oruro,40902,Coipasa,2008,5,TOTAL,1
Cochabamba,30905,Colcapirhua,2008,5,TOTAL,29
Potosí,50901,"Colcha ""k""",2008,5,TOTAL,11
La Paz,21307,Collana,2008,5,TOTAL,1
Cochabamba,31002,Colomi,2008,5,TOTAL,26
Santa Cruz,70603,Colpa Belgica,2008,5,TOTAL,13
Potosí,50401,Colquechaca,2008,5,TOTAL,72
La Paz,21306,Colquencha,2008,5,TOTAL,7
La Paz,21004,Colquiri,2008,5,TOTAL,35
La Paz,20304,Comanche,2008,5,TOTAL,3
Santa Cruz,71301,Comarapa,2008,5,TOTAL,25
La Paz,20605,Combaya,2008,5,TOTAL,6
Santa Cruz,71101,Concepcion,2008,5,TOTAL,5
La Paz,21701,Copacabana,2008,5,TOTAL,16
La Paz,21402,Coripata,2008,5,TOTAL,13
La Paz,20301,Coro Coro,2008,5,TOTAL,9
La Paz,21401,Coroico,2008,5,TOTAL,25
Oruro,40301,Corque,2008,5,TOTAL,10
Potosí,50601,Cotagaita,2008,5,TOTAL,39
Santa Cruz,70102,Cotoca,2008,5,TOTAL,40
Santa Cruz,71106,Cuatro Cañadas,2008,5,TOTAL,26
Cochabamba,31405,Cuchumuela (v. G. Villarroel),2008,5,TOTAL,3
Santa Cruz,70704,Cuevo,2008,5,TOTAL,8
Chuquisaca,10902,Culpina,2008,5,TOTAL,29
Oruro,40401,Curahuara De Carangas,2008,5,TOTAL,5
La Paz,21602,Curva,2008,5,TOTAL,3
La Paz,20804,Desaguadero,2008,5,TOTAL,8
La Paz,20105,El Alto,2008,5,TOTAL,1164
Oruro,40103,El Choro,2008,5,TOTAL,7
Santa Cruz,71503,El Puente(stc),2008,5,TOTAL,14
Tarija,60502,El Puente(tja),2008,5,TOTAL,17
Santa Cruz,70105,El Torno,2008,5,TOTAL,19
Chuquisaca,10405,El Villar,2008,5,TOTAL,4
Tarija,60601,Entre Rios,2008,5,TOTAL,24
Tarija,60601,Entre Rios,2008,5,TOTAL,31
Oruro,40505,Esmeralda,2008,5,TOTAL,1
Oruro,41101,Eucaliptus,2008,5,TOTAL,7
Pando,90503,Eureka (santos Mercado),2008,5,TOTAL,3
Beni,80402,Exaltacion,2008,5,TOTAL,5
Santa Cruz,71004,Fernandez Alonso,2008,5,TOTAL,13
Pando,90203,Filadelfia,2008,5,TOTAL,5
Santa Cruz,71002,General Saavedra,2008,5,TOTAL,8
La Paz,21601,Gral. J.j. Perez (charazani),2008,5,TOTAL,20
La Paz,20602,Guanay,2008,5,TOTAL,7
La Paz,20802,Guaqui,2008,5,TOTAL,6
Beni,80202,Guayaramerin,2008,5,TOTAL,21
Santa Cruz,70705,Gutierrez,2008,5,TOTAL,10
Chuquisaca,10502,Huacareta,2008,5,TOTAL,14
Chuquisaca,11002,Huacaya (villa De Huacaya),2008,5,TOTAL,2
Oruro,40701,Huanuni,2008,5,TOTAL,18
Beni,80803,Huaracaje,2008,5,TOTAL,3
Oruro,41601,Huayllamarca,2008,5,TOTAL,3
La Paz,21005,Ichoca,2008,5,TOTAL,4
Chuquisaca,10304,Icla,2008,5,TOTAL,11
Chuquisaca,10703,Incahuasi,2008,5,TOTAL,42
La Paz,21001,Inquisivi,2008,5,TOTAL,12
La Paz,21102,Irupana (villa De Lanza),2008,5,TOTAL,14
La Paz,21501,Ixiamas,2008,5,TOTAL,11
La Paz,20806,Jesus De Machaca,2008,5,TOTAL,21
La Paz,21105,La Asunta,2008,5,TOTAL,61
Santa Cruz,70104,La Guardia,2008,5,TOTAL,48
La Paz,20101,La Paz,2008,5,TOTAL,731
Santa Cruz,70701,Lagunillas,2008,5,TOTAL,13
La Paz,21202,Laja,2008,5,TOTAL,10
Chuquisaca,10903,Las Carreras,2008,5,TOTAL,3
Potosí,50203,Llallagua,2008,5,TOTAL,9
Potosí,51401,Llica,2008,5,TOTAL,5
Beni,80601,Loreto,2008,5,TOTAL,5
La Paz,20901,Luribay,2008,5,TOTAL,15
Oruro,40702,Machacamarca,2008,5,TOTAL,9
Chuquisaca,11003,Machareti,2008,5,TOTAL,18
Beni,80801,Magdalena,2008,5,TOTAL,19
Santa Cruz,70903,Mairana,2008,5,TOTAL,18
La Paz,20904,Malla,2008,5,TOTAL,1
La Paz,20607,Mapiri,2008,5,TOTAL,8
La Paz,20103,Mecapaca,2008,5,TOTAL,2
Santa Cruz,71003,Mineros,2008,5,TOTAL,5
Cochabamba,31301,Mizque,2008,5,TOTAL,44
La Paz,20402,Mocomoco,2008,5,TOTAL,19
Potosí,51002,Mojinete,2008,5,TOTAL,1
Chuquisaca,10303,Mojocoya,2008,5,TOTAL,11
Chuquisaca,10501,Monteagudo,2008,5,TOTAL,52
Santa Cruz,71001,Montero,2008,5,TOTAL,107
Santa Cruz,70803,Moro Moro,2008,5,TOTAL,2
Cochabamba,30302,Morochata,2008,5,TOTAL,12
Pando,90401,Nacebe (santa Rosa Del Abuna),2008,5,TOTAL,1
La Paz,20307,Nazacara De Pacajes,2008,5,TOTAL,1
Pando,90501,Nuevo Manoa (nueva Esperanza),2008,5,TOTAL,1
Potosí,50404,Ocuri,2008,5,TOTAL,40
Santa Cruz,70202,Okinawa,2008,5,TOTAL,10
Cochabamba,30203,Omereque,2008,5,TOTAL,9
Oruro,40101,Oruro,2008,5,TOTAL,147
Tarija,60201,Padcaya,2008,5,TOTAL,15
Chuquisaca,10401,Padilla,2008,5,TOTAL,21
Santa Cruz,70502,Pailon,2008,5,TOTAL,18
La Paz,20102,Palca,2008,5,TOTAL,2
La Paz,21104,Palos Blancos,2008,5,TOTAL,45
Oruro,40802,Pampa Aullagas,2008,5,TOTAL,1
Santa Cruz,70902,Pampa Grande,2008,5,TOTAL,5
La Paz,21802,Papel Pampa,2008,5,TOTAL,10
Cochabamba,30202,Pasorapa,2008,5,TOTAL,4
La Paz,21305,Patacamaya,2008,5,TOTAL,3
Oruro,40602,Pazña,2008,5,TOTAL,9
La Paz,20702,Pelechuco,2008,5,TOTAL,10
Potosí,50403,Pocoata,2008,5,TOTAL,29
Cochabamba,31203,Pocona,2008,5,TOTAL,17
Cochabamba,31202,Pojo (cbba),2008,5,TOTAL,20
Oruro,40601,Poopo,2008,5,TOTAL,4
Potosí,51203,Porco,2008,5,TOTAL,18
Chuquisaca,10103,Poroma,2008,5,TOTAL,31
Santa Cruz,70103,Porongo,2008,5,TOTAL,13
Santa Cruz,70601,Portachuelo,2008,5,TOTAL,32
Pando,90102,Porvenir,2008,5,TOTAL,11
Santa Cruz,70804,Postrer Valle,2008,5,TOTAL,3
Potosí,50101,Potosi,2008,5,TOTAL,87
Chuquisaca,10302,Presto,2008,5,TOTAL,10
Santa Cruz,70805,Pucara,2008,5,TOTAL,1
La Paz,21201,Pucarani,2008,5,TOTAL,30
La Paz,20401,Puerto Acosta,2008,5,TOTAL,26
La Paz,20403,Puerto Carabuco,2008,5,TOTAL,22
Pando,90301,Puerto Gonzalo Moreno,2008,5,TOTAL,11
La Paz,21204,Puerto Perez,2008,5,TOTAL,9
Santa Cruz,71402,Puerto Quijarro,2008,5,TOTAL,23
Pando,90201,Puerto Rico,2008,5,TOTAL,10
Santa Cruz,71401,Puerto Suarez,2008,5,TOTAL,18
Cochabamba,31205,Puerto Villarroel,2008,5,TOTAL,77
Potosí,51101,Puna,2008,5,TOTAL,49
Cochabamba,31401,Punata,2008,5,TOTAL,30
La Paz,20604,Quiabaya,2008,5,TOTAL,1
Cochabamba,30901,Quillacollo,2008,5,TOTAL,99
La Paz,21002,Quime,2008,5,TOTAL,8
Santa Cruz,70904,Quirusillas,2008,5,TOTAL,3
Potosí,50402,Ravelo,2008,5,TOTAL,22
Beni,80301,Reyes,2008,5,TOTAL,21
Beni,80201,Riberalta,2008,5,TOTAL,444
Santa Cruz,70503,Robore,2008,5,TOTAL,21
Beni,80304,Rurrenabaque,2008,5,TOTAL,23
Oruro,40901,Sabaya,2008,5,TOTAL,4
Cochabamba,31001,Sacaba,2008,5,TOTAL,162
Cochabamba,30404,Sacabamba,2008,5,TOTAL,7
Potosí,50701,Sacaca,2008,5,TOTAL,37
Santa Cruz,71302,Saipina,2008,5,TOTAL,11
Oruro,40801,Salinas De Garci Mendoza,2008,5,TOTAL,12
Santa Cruz,70901,Samaipata,2008,5,TOTAL,10
Potosí,51601,San Agustin,2008,5,TOTAL,4
Beni,80602,San Andres,2008,5,TOTAL,8
La Paz,20805,San Andres De Machaca,2008,5,TOTAL,6
Potosí,51003,San Antonio De Esmoruco,2008,5,TOTAL,1
Santa Cruz,71105,San Antonio De Lomerio,2008,5,TOTAL,12
Cochabamba,31403,San Benito,2008,5,TOTAL,8
Beni,80302,San Borja,2008,5,TOTAL,99
La Paz,21502,San Buena Ventura,2008,5,TOTAL,27
Santa Cruz,70402,San Carlos,2008,5,TOTAL,71
Beni,80501,San Ignacio,2008,5,TOTAL,76
Santa Cruz,70301,San Ignacio De Velasco,2008,5,TOTAL,103
Beni,80102,San Javier(bni),2008,5,TOTAL,8
Santa Cruz,71102,San Javier(stc),2008,5,TOTAL,44
Beni,80701,San Joaquin,2008,5,TOTAL,12
Santa Cruz,70501,San Jose De Chiquitos,2008,5,TOTAL,21
Santa Cruz,70404,San Juan De Yapacani,2008,5,TOTAL,18
Santa Cruz,71104,San Julian,2008,5,TOTAL,28
Pando,90302,San Lorenzo(pnd),2008,5,TOTAL,4
Tarija,60501,San Lorenzo(tja),2008,5,TOTAL,13
Chuquisaca,10702,San Lucas,2008,5,TOTAL,68
Santa Cruz,71201,San Matias,2008,5,TOTAL,8
Santa Cruz,70302,San Miguel De Velasco,2008,5,TOTAL,26
Potosí,51001,San Pablo De Lipez,2008,5,TOTAL,2
Santa Cruz,71005,San Pedro,2008,5,TOTAL,22
Potosí,50501,San Pedro De Buena Vista,2008,5,TOTAL,31
La Paz,21801,San Pedro De Curahuara,2008,5,TOTAL,5
Pando,90202,San Pedro(pnd),2008,5,TOTAL,3
Santa Cruz,70303,San Rafael,2008,5,TOTAL,5
Beni,80702,San Ramon,2008,5,TOTAL,32
Beni,80702,San Ramon,2008,5,TOTAL,7
Beni,80401,Santa Ana,2008,5,TOTAL,19
Santa Cruz,70101,Santa Cruz De La Sierra,2008,5,TOTAL,1173
Beni,80303,Santa Rosa,2008,5,TOTAL,25
Santa Cruz,70602,Santa Rosa Del Sara,2008,5,TOTAL,27
La Paz,20308,Santiago De Callapa,2008,5,TOTAL,6
Oruro,41401,Santiago De Huari,2008,5,TOTAL,14
La Paz,21901,Santiago De Machaca,2008,5,TOTAL,4
Cochabamba,30702,Santivañes,2008,5,TOTAL,7
Oruro,40202,Santuario De Quillacas,2008,5,TOTAL,5
La Paz,20902,Sapahaqui,2008,5,TOTAL,12
Pando,90303,Sena,2008,5,TOTAL,4
La Paz,21301,Sica Sica (villa Aroma),2008,5,TOTAL,22
Cochabamba,30703,Sicaya,2008,5,TOTAL,4
Cochabamba,30902,Sipe Sipe,2008,5,TOTAL,20
Chuquisaca,10403,Sopachuy,2008,5,TOTAL,19
Oruro,40104,Soracachi,2008,5,TOTAL,12
La Paz,20601,Sorata,2008,5,TOTAL,19
Chuquisaca,10101,Sucre,2008,5,TOTAL,426
Cochabamba,31404,Tacachi,2008,5,TOTAL,2
La Paz,20603,Tacacoma,2008,5,TOTAL,5
Potosí,50303,Tacobamba,2008,5,TOTAL,11
Cochabamba,30602,Tacopaya,2008,5,TOTAL,20
Potosí,51402,Tahua,2008,5,TOTAL,1
Cochabamba,31101,Tapacari,2008,5,TOTAL,46
Chuquisaca,10601,Tarabuco,2008,5,TOTAL,25
La Paz,20807,Taraco,2008,5,TOTAL,12
Cochabamba,30401,Tarata,2008,5,TOTAL,9
Tarija,60101,Tarija,2008,5,TOTAL,261
Chuquisaca,10202,Tarvita,2008,5,TOTAL,16
La Paz,20608,Teoponte,2008,5,TOTAL,12
La Paz,20803,Tiawanacu,2008,5,TOTAL,17
Potosí,50102,Tinguipaya,2008,5,TOTAL,21
La Paz,20606,Tipuani,2008,5,TOTAL,15
Cochabamba,30903,Tiquipaya,2008,5,TOTAL,87
Cochabamba,31601,Tiraque (cbba),2008,5,TOTAL,66
La Paz,21703,Tito Yupanqui (parquipujio),2008,5,TOTAL,1
Cochabamba,30802,Toco,2008,5,TOTAL,4
Cochabamba,30803,Tolata,2008,5,TOTAL,3
Oruro,41001,Toledo,2008,5,TOTAL,3
Potosí,51202,Tomave,2008,5,TOTAL,20
Chuquisaca,10402,Tomina,2008,5,TOTAL,14
Potosí,50502,Toro Toro,2008,5,TOTAL,17
Cochabamba,31201,Totora(cbba),2008,5,TOTAL,20
Oruro,41301,Totora(orr),2008,5,TOTAL,3
Santa Cruz,70802,Trigal,2008,5,TOTAL,3
Beni,80101,Trinidad,2008,5,TOTAL,53
Potosí,50801,Tupiza,2008,5,TOTAL,76
Oruro,40402,Turco,2008,5,TOTAL,1
La Paz,21302,Umala,2008,5,TOTAL,2
Potosí,50201,Uncia,2008,5,TOTAL,32
Tarija,60401,Uriondo (a. Concepcion),2008,5,TOTAL,17
Santa Cruz,71502,Urubicha,2008,5,TOTAL,10
Potosí,51201,Uyuni,2008,5,TOTAL,12
Cochabamba,30502,Vacas,2008,5,TOTAL,11
Santa Cruz,70801,Vallegrande,2008,5,TOTAL,14
La Paz,20801,Viacha,2008,5,TOTAL,28
Cochabamba,31302,Vila Vila,2008,5,TOTAL,13
Tarija,60303,Villa Montes,2008,5,TOTAL,74
Pando,90502,Villa Nueva (loma Alta),2008,5,TOTAL,5
Cochabamba,31402,Villa Rivero,2008,5,TOTAL,4
Chuquisaca,10801,Villa Serrano,2008,5,TOTAL,8
Cochabamba,31003,Villa Tunari,2008,5,TOTAL,138
Chuquisaca,11001,Villa Vaca Guzman (muyupampa),2008,5,TOTAL,18
Potosí,51501,Villazon,2008,5,TOTAL,58
Cochabamba,30904,Vinto,2008,5,TOTAL,18
Potosí,50602,Vitichi,2008,5,TOTAL,3
La Paz,20306,Waldo Ballivian,2008,5,TOTAL,3
Santa Cruz,70201,Warnes,2008,5,TOTAL,126
La Paz,20903,Yaco,2008,5,TOTAL,14
Tarija,60301,Yacuiba,2008,5,TOTAL,122
Chuquisaca,10602,Yamparaez,2008,5,TOTAL,8
La Paz,21103,Yanacachi,2008,5,TOTAL,2
Santa Cruz,70403,Yapacani,2008,5,TOTAL,71
Potosí,50103,Yocalla,2008,5,TOTAL,4
Chuquisaca,10102,Yotala,2008,5,TOTAL,10
Tarija,60402,Yunchara,2008,5,TOTAL,10
Chuquisaca,10301,Zudañez,2008,5,TOTAL,16
Potosí,51302,Acacio,2008,6,TOTAL,7
La Paz,20201,Achacachi,2008,6,TOTAL,57
La Paz,20104,Achocalla,2008,6,TOTAL,9
Cochabamba,30201,Aiquile,2008,6,TOTAL,44
Cochabamba,31303,Alalay,2008,6,TOTAL,6
Chuquisaca,10404,Alcala,2008,6,TOTAL,3
La Paz,20202,Ancoraimes,2008,6,TOTAL,20
Oruro,41201,Andamarca,2008,6,TOTAL,4
Oruro,40603,Antequera,2008,6,TOTAL,4
Cochabamba,30402,Anzaldo,2008,6,TOTAL,12
La Paz,20701,Apolo,2008,6,TOTAL,21
Potosí,51301,Arampampa,2008,6,TOTAL,5
Cochabamba,30501,Arani,2008,6,TOTAL,16
Cochabamba,30403,Arbieto,2008,6,TOTAL,8
Cochabamba,30601,Arque,2008,6,TOTAL,21
Santa Cruz,71501,Ascencion De Guarayos,2008,6,TOTAL,48
Potosí,50802,Atocha,2008,6,TOTAL,14
La Paz,20503,Aucapata,2008,6,TOTAL,4
La Paz,20502,Ayata,2008,6,TOTAL,17
La Paz,21303,Ayo Ayo,2008,6,TOTAL,9
Cochabamba,30301,Ayopaya (v. De Independencia),2008,6,TOTAL,27
Chuquisaca,10201,Azurduy,2008,6,TOTAL,30
La Paz,21203,Batallas,2008,6,TOTAL,18
Beni,80802,Baures,2008,6,TOTAL,2
Oruro,41202,Belen De Andamarca,2008,6,TOTAL,1
Potosí,50104,Belen De Urmiri,2008,6,TOTAL,1
Pando,90104,Bella Flor,2008,6,TOTAL,3
Tarija,60202,Bermejo,2008,6,TOTAL,52
Potosí,50301,Betanzos,2008,6,TOTAL,47
Cochabamba,31501,Bolivar,2008,6,TOTAL,21
Pando,90103,Bolpebra,2008,6,TOTAL,2
Santa Cruz,70707,Boyuibe,2008,6,TOTAL,3
Santa Cruz,70401,Buena Vista,2008,6,TOTAL,21
Santa Cruz,70703,Cabezas,2008,6,TOTAL,18
La Paz,20905,Cairoma,2008,6,TOTAL,17
Potosí,51102,"Caiza ""d""",2008,6,TOTAL,15
La Paz,21003,Cajuata,2008,6,TOTAL,13
La Paz,20303,Calacoto,2008,6,TOTAL,5
La Paz,21304,Calamarca,2008,6,TOTAL,9
Chuquisaca,10701,Camargo,2008,6,TOTAL,42
Chuquisaca,10901,Camataqui (c. Villa Abecia),2008,6,TOTAL,7
Santa Cruz,70706,Camiri,2008,6,TOTAL,19
Cochabamba,30701,Capinota,2008,6,TOTAL,28
La Paz,20302,Caquiaviri,2008,6,TOTAL,4
Oruro,40102,Caracollo,2008,6,TOTAL,34
La Paz,22001,Caranavi,2008,6,TOTAL,107
Tarija,60302,Carapari,2008,6,TOTAL,7
Potosí,50702,Caripuyo,2008,6,TOTAL,7
Santa Cruz,71403,Carmen Rivero Torrez,2008,6,TOTAL,5
Oruro,40201,Challapata,2008,6,TOTAL,52
Potosí,50302,Chaqui,2008,6,TOTAL,10
Santa Cruz,70702,Charagua,2008,6,TOTAL,40
La Paz,20305,Charaña,2008,6,TOTAL,2
Potosí,50202,Chayanta,2008,6,TOTAL,17
Cochabamba,31204,Chimore,2008,6,TOTAL,26
Oruro,40903,Chipaya,2008,6,TOTAL,4
La Paz,21101,Chulumani (v. De La Libertad),2008,6,TOTAL,20
La Paz,20501,Chuma,2008,6,TOTAL,10
Cochabamba,30801,Cliza,2008,6,TOTAL,20
Pando,90101,Cobija,2008,6,TOTAL,94
Cochabamba,30101,Cochabamba,2008,6,TOTAL,461
Cochabamba,30905,Colcapirhua,2008,6,TOTAL,30
Potosí,50901,"Colcha ""k""",2008,6,TOTAL,7
La Paz,21307,Collana,2008,6,TOTAL,2
Cochabamba,31002,Colomi,2008,6,TOTAL,33
Santa Cruz,70603,Colpa Belgica,2008,6,TOTAL,17
Potosí,50401,Colquechaca,2008,6,TOTAL,74
La Paz,21306,Colquencha,2008,6,TOTAL,11
La Paz,21004,Colquiri,2008,6,TOTAL,34
La Paz,20304,Comanche,2008,6,TOTAL,4
Santa Cruz,71301,Comarapa,2008,6,TOTAL,37
La Paz,20605,Combaya,2008,6,TOTAL,4
Santa Cruz,71101,Concepcion,2008,6,TOTAL,1
La Paz,21701,Copacabana,2008,6,TOTAL,6
La Paz,21402,Coripata,2008,6,TOTAL,13
La Paz,20301,Coro Coro,2008,6,TOTAL,10
La Paz,21401,Coroico,2008,6,TOTAL,35
Oruro,40301,Corque,2008,6,TOTAL,10
Potosí,50601,Cotagaita,2008,6,TOTAL,22
Santa Cruz,70102,Cotoca,2008,6,TOTAL,52
Santa Cruz,71106,Cuatro Cañadas,2008,6,TOTAL,25
Cochabamba,31405,Cuchumuela (v. G. Villarroel),2008,6,TOTAL,5
Santa Cruz,70704,Cuevo,2008,6,TOTAL,4
Chuquisaca,10902,Culpina,2008,6,TOTAL,31
Oruro,40401,Curahuara De Carangas,2008,6,TOTAL,6
La Paz,21602,Curva,2008,6,TOTAL,2
La Paz,20804,Desaguadero,2008,6,TOTAL,7
La Paz,20105,El Alto,2008,6,TOTAL,1099
Oruro,40103,El Choro,2008,6,TOTAL,7
Santa Cruz,71503,El Puente(stc),2008,6,TOTAL,14
Tarija,60502,El Puente(tja),2008,6,TOTAL,9
Santa Cruz,70105,El Torno,2008,6,TOTAL,20
Chuquisaca,10405,El Villar,2008,6,TOTAL,5
Tarija,60601,Entre Rios,2008,6,TOTAL,20
Tarija,60601,Entre Rios,2008,6,TOTAL,24
Oruro,41101,Eucaliptus,2008,6,TOTAL,10
Pando,90503,Eureka (santos Mercado),2008,6,TOTAL,1
Beni,80402,Exaltacion,2008,6,TOTAL,2
Santa Cruz,71004,Fernandez Alonso,2008,6,TOTAL,12
Pando,90203,Filadelfia,2008,6,TOTAL,5
Santa Cruz,71002,General Saavedra,2008,6,TOTAL,19
La Paz,21601,Gral. J.j. Perez (charazani),2008,6,TOTAL,21
La Paz,20602,Guanay,2008,6,TOTAL,6
La Paz,20802,Guaqui,2008,6,TOTAL,4
Beni,80202,Guayaramerin,2008,6,TOTAL,75
Santa Cruz,70705,Gutierrez,2008,6,TOTAL,6
Chuquisaca,10502,Huacareta,2008,6,TOTAL,15
Chuquisaca,11002,Huacaya (villa De Huacaya),2008,6,TOTAL,7
Oruro,40701,Huanuni,2008,6,TOTAL,55
Beni,80803,Huaracaje,2008,6,TOTAL,2
Oruro,41601,Huayllamarca,2008,6,TOTAL,3
La Paz,21005,Ichoca,2008,6,TOTAL,4
Chuquisaca,10304,Icla,2008,6,TOTAL,18
Chuquisaca,10703,Incahuasi,2008,6,TOTAL,51
La Paz,21001,Inquisivi,2008,6,TOTAL,15
La Paz,21102,Irupana (villa De Lanza),2008,6,TOTAL,21
La Paz,21501,Ixiamas,2008,6,TOTAL,12
La Paz,20806,Jesus De Machaca,2008,6,TOTAL,24
La Paz,21105,La Asunta,2008,6,TOTAL,40
Santa Cruz,70104,La Guardia,2008,6,TOTAL,37
La Paz,20101,La Paz,2008,6,TOTAL,778
Oruro,41501,La Rivera,2008,6,TOTAL,2
Santa Cruz,70701,Lagunillas,2008,6,TOTAL,8
La Paz,21202,Laja,2008,6,TOTAL,16
Chuquisaca,10903,Las Carreras,2008,6,TOTAL,6
La Paz,21006,Licoma Pampa,2008,6,TOTAL,2
Potosí,50203,Llallagua,2008,6,TOTAL,51
Potosí,51401,Llica,2008,6,TOTAL,4
Beni,80601,Loreto,2008,6,TOTAL,6
La Paz,20901,Luribay,2008,6,TOTAL,10
Oruro,40702,Machacamarca,2008,6,TOTAL,5
Chuquisaca,11003,Machareti,2008,6,TOTAL,9
Beni,80801,Magdalena,2008,6,TOTAL,8
Santa Cruz,70903,Mairana,2008,6,TOTAL,18
La Paz,20904,Malla,2008,6,TOTAL,2
La Paz,20607,Mapiri,2008,6,TOTAL,26
La Paz,20103,Mecapaca,2008,6,TOTAL,6
Santa Cruz,71003,Mineros,2008,6,TOTAL,14
Cochabamba,31301,Mizque,2008,6,TOTAL,35
La Paz,20402,Mocomoco,2008,6,TOTAL,21
Potosí,51002,Mojinete,2008,6,TOTAL,2
Chuquisaca,10303,Mojocoya,2008,6,TOTAL,9
Chuquisaca,10501,Monteagudo,2008,6,TOTAL,39
Santa Cruz,71001,Montero,2008,6,TOTAL,98
Santa Cruz,70803,Moro Moro,2008,6,TOTAL,1
Cochabamba,30302,Morochata,2008,6,TOTAL,47
Pando,90401,Nacebe (santa Rosa Del Abuna),2008,6,TOTAL,7
Pando,90501,Nuevo Manoa (nueva Esperanza),2008,6,TOTAL,6
Potosí,50404,Ocuri,2008,6,TOTAL,42
Santa Cruz,70202,Okinawa,2008,6,TOTAL,14
Cochabamba,30203,Omereque,2008,6,TOTAL,6
Oruro,40101,Oruro,2008,6,TOTAL,196
Tarija,60201,Padcaya,2008,6,TOTAL,18
Chuquisaca,10401,Padilla,2008,6,TOTAL,14
Santa Cruz,70502,Pailon,2008,6,TOTAL,27
La Paz,20102,Palca,2008,6,TOTAL,5
La Paz,21104,Palos Blancos,2008,6,TOTAL,44
Oruro,40802,Pampa Aullagas,2008,6,TOTAL,8
Santa Cruz,70902,Pampa Grande,2008,6,TOTAL,9
La Paz,21802,Papel Pampa,2008,6,TOTAL,2
Cochabamba,30202,Pasorapa,2008,6,TOTAL,7
La Paz,21305,Patacamaya,2008,6,TOTAL,23
Oruro,40602,Pazña,2008,6,TOTAL,9
La Paz,20702,Pelechuco,2008,6,TOTAL,10
Potosí,50403,Pocoata,2008,6,TOTAL,47
Cochabamba,31203,Pocona,2008,6,TOTAL,9
Cochabamba,31202,Pojo (cbba),2008,6,TOTAL,25
Oruro,40601,Poopo,2008,6,TOTAL,4
Potosí,51203,Porco,2008,6,TOTAL,13
Chuquisaca,10103,Poroma,2008,6,TOTAL,20
Santa Cruz,70103,Porongo,2008,6,TOTAL,13
Santa Cruz,70601,Portachuelo,2008,6,TOTAL,23
Pando,90102,Porvenir,2008,6,TOTAL,5
Santa Cruz,70804,Postrer Valle,2008,6,TOTAL,1
Potosí,50101,Potosi,2008,6,TOTAL,281
Chuquisaca,10302,Presto,2008,6,TOTAL,20
Santa Cruz,70805,Pucara,2008,6,TOTAL,2
La Paz,21201,Pucarani,2008,6,TOTAL,26
La Paz,20401,Puerto Acosta,2008,6,TOTAL,27
La Paz,20403,Puerto Carabuco,2008,6,TOTAL,27
Pando,90301,Puerto Gonzalo Moreno,2008,6,TOTAL,7
La Paz,21204,Puerto Perez,2008,6,TOTAL,4
Santa Cruz,71402,Puerto Quijarro,2008,6,TOTAL,17
Pando,90201,Puerto Rico,2008,6,TOTAL,5
Beni,80703,Puerto Siles,2008,6,TOTAL,3
Santa Cruz,71401,Puerto Suarez,2008,6,TOTAL,39
Cochabamba,31205,Puerto Villarroel,2008,6,TOTAL,37
Potosí,51101,Puna,2008,6,TOTAL,48
Cochabamba,31401,Punata,2008,6,TOTAL,29
La Paz,20604,Quiabaya,2008,6,TOTAL,6
Cochabamba,30901,Quillacollo,2008,6,TOTAL,89
La Paz,21002,Quime,2008,6,TOTAL,10
Santa Cruz,70904,Quirusillas,2008,6,TOTAL,1
Potosí,50402,Ravelo,2008,6,TOTAL,35
Beni,80301,Reyes,2008,6,TOTAL,16
Beni,80201,Riberalta,2008,6,TOTAL,187
Santa Cruz,70503,Robore,2008,6,TOTAL,25
Beni,80304,Rurrenabaque,2008,6,TOTAL,12
Oruro,40901,Sabaya,2008,6,TOTAL,1
Cochabamba,31001,Sacaba,2008,6,TOTAL,156
Cochabamba,30404,Sacabamba,2008,6,TOTAL,5
Potosí,50701,Sacaca,2008,6,TOTAL,30
Santa Cruz,71302,Saipina,2008,6,TOTAL,5
Oruro,40801,Salinas De Garci Mendoza,2008,6,TOTAL,14
Santa Cruz,70901,Samaipata,2008,6,TOTAL,15
Beni,80602,San Andres,2008,6,TOTAL,11
La Paz,20805,San Andres De Machaca,2008,6,TOTAL,3
Potosí,51003,San Antonio De Esmoruco,2008,6,TOTAL,4
Santa Cruz,71105,San Antonio De Lomerio,2008,6,TOTAL,9
Cochabamba,31403,San Benito,2008,6,TOTAL,8
Beni,80302,San Borja,2008,6,TOTAL,67
La Paz,21502,San Buena Ventura,2008,6,TOTAL,21
Santa Cruz,70402,San Carlos,2008,6,TOTAL,50
Beni,80501,San Ignacio,2008,6,TOTAL,56
Santa Cruz,70301,San Ignacio De Velasco,2008,6,TOTAL,102
Beni,80102,San Javier(bni),2008,6,TOTAL,1
Santa Cruz,71102,San Javier(stc),2008,6,TOTAL,25
Beni,80701,San Joaquin,2008,6,TOTAL,11
Santa Cruz,70501,San Jose De Chiquitos,2008,6,TOTAL,3
Santa Cruz,70404,San Juan De Yapacani,2008,6,TOTAL,13
Santa Cruz,71104,San Julian,2008,6,TOTAL,38
Pando,90302,San Lorenzo(pnd),2008,6,TOTAL,7
Tarija,60501,San Lorenzo(tja),2008,6,TOTAL,7
Chuquisaca,10702,San Lucas,2008,6,TOTAL,74
Santa Cruz,71201,San Matias,2008,6,TOTAL,10
Santa Cruz,70302,San Miguel De Velasco,2008,6,TOTAL,13
Potosí,51001,San Pablo De Lipez,2008,6,TOTAL,4
Santa Cruz,71005,San Pedro,2008,6,TOTAL,16
Potosí,50501,San Pedro De Buena Vista,2008,6,TOTAL,30
La Paz,21801,San Pedro De Curahuara,2008,6,TOTAL,10
La Paz,21702,San Pedro De Tiquina,2008,6,TOTAL,3
Pando,90202,San Pedro(pnd),2008,6,TOTAL,1
Santa Cruz,70303,San Rafael,2008,6,TOTAL,7
Beni,80702,San Ramon,2008,6,TOTAL,16
Beni,80702,San Ramon,2008,6,TOTAL,5
Beni,80401,Santa Ana,2008,6,TOTAL,32
Santa Cruz,70101,Santa Cruz De La Sierra,2008,6,TOTAL,262
Beni,80303,Santa Rosa,2008,6,TOTAL,15
Santa Cruz,70602,Santa Rosa Del Sara,2008,6,TOTAL,20
La Paz,20308,Santiago De Callapa,2008,6,TOTAL,7
Oruro,41401,Santiago De Huari,2008,6,TOTAL,5
Cochabamba,30702,Santivañes,2008,6,TOTAL,1
Oruro,40202,Santuario De Quillacas,2008,6,TOTAL,5
La Paz,20902,Sapahaqui,2008,6,TOTAL,9
Pando,90303,Sena,2008,6,TOTAL,4
La Paz,21301,Sica Sica (villa Aroma),2008,6,TOTAL,15
Cochabamba,30703,Sicaya,2008,6,TOTAL,4
Cochabamba,30902,Sipe Sipe,2008,6,TOTAL,30
Chuquisaca,10403,Sopachuy,2008,6,TOTAL,9
Oruro,40104,Soracachi,2008,6,TOTAL,6
La Paz,20601,Sorata,2008,6,TOTAL,104
Chuquisaca,10101,Sucre,2008,6,TOTAL,391
La Paz,20603,Tacacoma,2008,6,TOTAL,2
Potosí,50303,Tacobamba,2008,6,TOTAL,10
Cochabamba,30602,Tacopaya,2008,6,TOTAL,12
Potosí,51402,Tahua,2008,6,TOTAL,2
Cochabamba,31101,Tapacari,2008,6,TOTAL,52
Chuquisaca,10601,Tarabuco,2008,6,TOTAL,38
La Paz,20807,Taraco,2008,6,TOTAL,3
Cochabamba,30401,Tarata,2008,6,TOTAL,5
Tarija,60101,Tarija,2008,6,TOTAL,233
Chuquisaca,10202,Tarvita,2008,6,TOTAL,41
La Paz,20608,Teoponte,2008,6,TOTAL,3
La Paz,20803,Tiawanacu,2008,6,TOTAL,21
Potosí,50102,Tinguipaya,2008,6,TOTAL,34
La Paz,20606,Tipuani,2008,6,TOTAL,14
Cochabamba,30903,Tiquipaya,2008,6,TOTAL,60
Cochabamba,31601,Tiraque (cbba),2008,6,TOTAL,69
Cochabamba,30802,Toco,2008,6,TOTAL,8
Cochabamba,30803,Tolata,2008,6,TOTAL,1
Oruro,41001,Toledo,2008,6,TOTAL,6
Potosí,51202,Tomave,2008,6,TOTAL,24
Chuquisaca,10402,Tomina,2008,6,TOTAL,10
Potosí,50502,Toro Toro,2008,6,TOTAL,12
Cochabamba,31201,Totora(cbba),2008,6,TOTAL,24
Oruro,41301,Totora(orr),2008,6,TOTAL,4
Santa Cruz,70802,Trigal,2008,6,TOTAL,2
Beni,80101,Trinidad,2008,6,TOTAL,53
Potosí,50801,Tupiza,2008,6,TOTAL,44
Oruro,40402,Turco,2008,6,TOTAL,4
La Paz,21302,Umala,2008,6,TOTAL,7
Potosí,50201,Uncia,2008,6,TOTAL,34
Tarija,60401,Uriondo (a. Concepcion),2008,6,TOTAL,10
Santa Cruz,71502,Urubicha,2008,6,TOTAL,13
Potosí,51201,Uyuni,2008,6,TOTAL,15
Cochabamba,30502,Vacas,2008,6,TOTAL,17
Santa Cruz,70801,Vallegrande,2008,6,TOTAL,32
La Paz,20801,Viacha,2008,6,TOTAL,39
Cochabamba,31302,Vila Vila,2008,6,TOTAL,6
Tarija,60303,Villa Montes,2008,6,TOTAL,76
Pando,90502,Villa Nueva (loma Alta),2008,6,TOTAL,4
Cochabamba,31402,Villa Rivero,2008,6,TOTAL,6
Chuquisaca,10801,Villa Serrano,2008,6,TOTAL,12
Cochabamba,31003,Villa Tunari,2008,6,TOTAL,48
Chuquisaca,11001,Villa Vaca Guzman (muyupampa),2008,6,TOTAL,11
Potosí,51501,Villazon,2008,6,TOTAL,56
Cochabamba,30904,Vinto,2008,6,TOTAL,29
Potosí,50602,Vitichi,2008,6,TOTAL,1
La Paz,20306,Waldo Ballivian,2008,6,TOTAL,3
Santa Cruz,70201,Warnes,2008,6,TOTAL,97
La Paz,20903,Yaco,2008,6,TOTAL,11
Tarija,60301,Yacuiba,2008,6,TOTAL,117
Chuquisaca,10602,Yamparaez,2008,6,TOTAL,17
La Paz,21103,Yanacachi,2008,6,TOTAL,2
Santa Cruz,70403,Yapacani,2008,6,TOTAL,59
Potosí,50103,Yocalla,2008,6,TOTAL,18
Chuquisaca,10102,Yotala,2008,6,TOTAL,7
Tarija,60402,Yunchara,2008,6,TOTAL,4
Chuquisaca,10301,Zudañez,2008,6,TOTAL,12
Potosí,51302,Acacio,2008,7,TOTAL,15
La Paz,20201,Achacachi,2008,7,TOTAL,65
La Paz,20104,Achocalla,2008,7,TOTAL,7
Cochabamba,30201,Aiquile,2008,7,TOTAL,53
Cochabamba,31303,Alalay,2008,7,TOTAL,6
Chuquisaca,10404,Alcala,2008,7,TOTAL,3
La Paz,20202,Ancoraimes,2008,7,TOTAL,23
Oruro,41201,Andamarca,2008,7,TOTAL,4
Oruro,40603,Antequera,2008,7,TOTAL,2
Cochabamba,30402,Anzaldo,2008,7,TOTAL,5
La Paz,20701,Apolo,2008,7,TOTAL,24
Potosí,51301,Arampampa,2008,7,TOTAL,9
Cochabamba,30501,Arani,2008,7,TOTAL,3
Cochabamba,30403,Arbieto,2008,7,TOTAL,6
Cochabamba,30601,Arque,2008,7,TOTAL,23
Santa Cruz,71501,Ascencion De Guarayos,2008,7,TOTAL,66
Potosí,50802,Atocha,2008,7,TOTAL,4
La Paz,20503,Aucapata,2008,7,TOTAL,10
La Paz,20502,Ayata,2008,7,TOTAL,10
La Paz,21303,Ayo Ayo,2008,7,TOTAL,4
Cochabamba,30301,Ayopaya (v. De Independencia),2008,7,TOTAL,41
Chuquisaca,10201,Azurduy,2008,7,TOTAL,20
La Paz,21203,Batallas,2008,7,TOTAL,22
Beni,80802,Baures,2008,7,TOTAL,4
Pando,90104,Bella Flor,2008,7,TOTAL,1
Tarija,60202,Bermejo,2008,7,TOTAL,37
Potosí,50301,Betanzos,2008,7,TOTAL,37
Cochabamba,31501,Bolivar,2008,7,TOTAL,9
Pando,90103,Bolpebra,2008,7,TOTAL,3
Santa Cruz,70707,Boyuibe,2008,7,TOTAL,3
Santa Cruz,70401,Buena Vista,2008,7,TOTAL,17
Santa Cruz,70703,Cabezas,2008,7,TOTAL,17
La Paz,20905,Cairoma,2008,7,TOTAL,7
Potosí,51102,"Caiza ""d""",2008,7,TOTAL,14
La Paz,21003,Cajuata,2008,7,TOTAL,6
La Paz,20303,Calacoto,2008,7,TOTAL,6
La Paz,21304,Calamarca,2008,7,TOTAL,9
Chuquisaca,10701,Camargo,2008,7,TOTAL,22
Chuquisaca,10901,Camataqui (c. Villa Abecia),2008,7,TOTAL,1
Santa Cruz,70706,Camiri,2008,7,TOTAL,50
Cochabamba,30701,Capinota,2008,7,TOTAL,23
La Paz,20302,Caquiaviri,2008,7,TOTAL,10
Oruro,40102,Caracollo,2008,7,TOTAL,30
La Paz,22001,Caranavi,2008,7,TOTAL,131
Tarija,60302,Carapari,2008,7,TOTAL,8
Potosí,50702,Caripuyo,2008,7,TOTAL,17
Santa Cruz,71403,Carmen Rivero Torrez,2008,7,TOTAL,3
Oruro,40201,Challapata,2008,7,TOTAL,40
Potosí,50302,Chaqui,2008,7,TOTAL,10
Santa Cruz,70702,Charagua,2008,7,TOTAL,55
La Paz,20305,Charaña,2008,7,TOTAL,3
Potosí,50202,Chayanta,2008,7,TOTAL,23
Cochabamba,31204,Chimore,2008,7,TOTAL,20
Oruro,40903,Chipaya,2008,7,TOTAL,2
La Paz,21101,Chulumani (v. De La Libertad),2008,7,TOTAL,28
La Paz,20501,Chuma,2008,7,TOTAL,4
Cochabamba,30801,Cliza,2008,7,TOTAL,36
Pando,90101,Cobija,2008,7,TOTAL,94
Cochabamba,30101,Cochabamba,2008,7,TOTAL,403
Cochabamba,30905,Colcapirhua,2008,7,TOTAL,41
Potosí,50901,"Colcha ""k""",2008,7,TOTAL,4
La Paz,21307,Collana,2008,7,TOTAL,4
Cochabamba,31002,Colomi,2008,7,TOTAL,23
Santa Cruz,70603,Colpa Belgica,2008,7,TOTAL,10
Potosí,50401,Colquechaca,2008,7,TOTAL,68
La Paz,21306,Colquencha,2008,7,TOTAL,8
La Paz,21004,Colquiri,2008,7,TOTAL,33
La Paz,20304,Comanche,2008,7,TOTAL,2
Santa Cruz,71301,Comarapa,2008,7,TOTAL,42
La Paz,20605,Combaya,2008,7,TOTAL,5
Santa Cruz,71101,Concepcion,2008,7,TOTAL,3
La Paz,21701,Copacabana,2008,7,TOTAL,5
La Paz,21402,Coripata,2008,7,TOTAL,19
La Paz,20301,Coro Coro,2008,7,TOTAL,5
La Paz,21401,Coroico,2008,7,TOTAL,30
Oruro,40301,Corque,2008,7,TOTAL,10
Potosí,50601,Cotagaita,2008,7,TOTAL,24
Santa Cruz,70102,Cotoca,2008,7,TOTAL,48
Santa Cruz,71106,Cuatro Cañadas,2008,7,TOTAL,27
Cochabamba,31405,Cuchumuela (v. G. Villarroel),2008,7,TOTAL,2
Santa Cruz,70704,Cuevo,2008,7,TOTAL,5
Chuquisaca,10902,Culpina,2008,7,TOTAL,51
Oruro,40401,Curahuara De Carangas,2008,7,TOTAL,12
La Paz,21602,Curva,2008,7,TOTAL,5
La Paz,20804,Desaguadero,2008,7,TOTAL,8
La Paz,20105,El Alto,2008,7,TOTAL,1131
Oruro,40103,El Choro,2008,7,TOTAL,4
Santa Cruz,71503,El Puente(stc),2008,7,TOTAL,13
Tarija,60502,El Puente(tja),2008,7,TOTAL,8
Santa Cruz,70105,El Torno,2008,7,TOTAL,12
Chuquisaca,10405,El Villar,2008,7,TOTAL,6
Tarija,60601,Entre Rios,2008,7,TOTAL,28
Tarija,60601,Entre Rios,2008,7,TOTAL,32
Oruro,41101,Eucaliptus,2008,7,TOTAL,9
Beni,80402,Exaltacion,2008,7,TOTAL,2
Santa Cruz,71004,Fernandez Alonso,2008,7,TOTAL,9
Santa Cruz,71002,General Saavedra,2008,7,TOTAL,12
La Paz,21601,Gral. J.j. Perez (charazani),2008,7,TOTAL,9
La Paz,20602,Guanay,2008,7,TOTAL,2
La Paz,20802,Guaqui,2008,7,TOTAL,7
Beni,80202,Guayaramerin,2008,7,TOTAL,76
Santa Cruz,70705,Gutierrez,2008,7,TOTAL,6
Chuquisaca,10502,Huacareta,2008,7,TOTAL,15
Chuquisaca,11002,Huacaya (villa De Huacaya),2008,7,TOTAL,3
Oruro,40701,Huanuni,2008,7,TOTAL,18
Beni,80803,Huaracaje,2008,7,TOTAL,2
Oruro,41601,Huayllamarca,2008,7,TOTAL,5
La Paz,21005,Ichoca,2008,7,TOTAL,3
Chuquisaca,10304,Icla,2008,7,TOTAL,19
Chuquisaca,10703,Incahuasi,2008,7,TOTAL,51
La Paz,21001,Inquisivi,2008,7,TOTAL,7
La Paz,21102,Irupana (villa De Lanza),2008,7,TOTAL,6
La Paz,21501,Ixiamas,2008,7,TOTAL,8
La Paz,20806,Jesus De Machaca,2008,7,TOTAL,9
La Paz,21105,La Asunta,2008,7,TOTAL,29
Santa Cruz,70104,La Guardia,2008,7,TOTAL,41
La Paz,20101,La Paz,2008,7,TOTAL,737
Santa Cruz,70701,Lagunillas,2008,7,TOTAL,4
La Paz,21202,Laja,2008,7,TOTAL,17
Chuquisaca,10903,Las Carreras,2008,7,TOTAL,5
La Paz,21006,Licoma Pampa,2008,7,TOTAL,2
Potosí,50203,Llallagua,2008,7,TOTAL,50
Potosí,51401,Llica,2008,7,TOTAL,2
Beni,80601,Loreto,2008,7,TOTAL,9
La Paz,20901,Luribay,2008,7,TOTAL,15
Oruro,40702,Machacamarca,2008,7,TOTAL,4
Chuquisaca,11003,Machareti,2008,7,TOTAL,9
Beni,80801,Magdalena,2008,7,TOTAL,15
Santa Cruz,70903,Mairana,2008,7,TOTAL,19
La Paz,20904,Malla,2008,7,TOTAL,5
La Paz,20607,Mapiri,2008,7,TOTAL,18
La Paz,20103,Mecapaca,2008,7,TOTAL,22
Santa Cruz,71003,Mineros,2008,7,TOTAL,11
Cochabamba,31301,Mizque,2008,7,TOTAL,53
La Paz,20402,Mocomoco,2008,7,TOTAL,28
Potosí,51002,Mojinete,2008,7,TOTAL,1
Chuquisaca,10303,Mojocoya,2008,7,TOTAL,11
Chuquisaca,10501,Monteagudo,2008,7,TOTAL,45
Santa Cruz,71001,Montero,2008,7,TOTAL,80
Cochabamba,30302,Morochata,2008,7,TOTAL,38
Pando,90401,Nacebe (santa Rosa Del Abuna),2008,7,TOTAL,1
Pando,90501,Nuevo Manoa (nueva Esperanza),2008,7,TOTAL,3
Potosí,50404,Ocuri,2008,7,TOTAL,23
Santa Cruz,70202,Okinawa,2008,7,TOTAL,12
Cochabamba,30203,Omereque,2008,7,TOTAL,7
Oruro,40101,Oruro,2008,7,TOTAL,144
Tarija,60201,Padcaya,2008,7,TOTAL,18
Chuquisaca,10401,Padilla,2008,7,TOTAL,31
Santa Cruz,70502,Pailon,2008,7,TOTAL,24
La Paz,20102,Palca,2008,7,TOTAL,12
La Paz,21104,Palos Blancos,2008,7,TOTAL,44
Oruro,40802,Pampa Aullagas,2008,7,TOTAL,3
Santa Cruz,70902,Pampa Grande,2008,7,TOTAL,3
La Paz,21802,Papel Pampa,2008,7,TOTAL,4
Cochabamba,30202,Pasorapa,2008,7,TOTAL,2
La Paz,21305,Patacamaya,2008,7,TOTAL,9
Oruro,40602,Pazña,2008,7,TOTAL,7
La Paz,20702,Pelechuco,2008,7,TOTAL,9
Potosí,50403,Pocoata,2008,7,TOTAL,32
Cochabamba,31203,Pocona,2008,7,TOTAL,13
Cochabamba,31202,Pojo (cbba),2008,7,TOTAL,21
Oruro,40601,Poopo,2008,7,TOTAL,3
Potosí,51203,Porco,2008,7,TOTAL,13
Chuquisaca,10103,Poroma,2008,7,TOTAL,40
Santa Cruz,70103,Porongo,2008,7,TOTAL,16
Santa Cruz,70601,Portachuelo,2008,7,TOTAL,23
Pando,90102,Porvenir,2008,7,TOTAL,7
Santa Cruz,70804,Postrer Valle,2008,7,TOTAL,3
Potosí,50101,Potosi,2008,7,TOTAL,277
Chuquisaca,10302,Presto,2008,7,TOTAL,12
La Paz,21201,Pucarani,2008,7,TOTAL,36
La Paz,20401,Puerto Acosta,2008,7,TOTAL,28
La Paz,20403,Puerto Carabuco,2008,7,TOTAL,14
Pando,90301,Puerto Gonzalo Moreno,2008,7,TOTAL,6
La Paz,21204,Puerto Perez,2008,7,TOTAL,9
Santa Cruz,71402,Puerto Quijarro,2008,7,TOTAL,8
Pando,90201,Puerto Rico,2008,7,TOTAL,2
Beni,80703,Puerto Siles,2008,7,TOTAL,1
Santa Cruz,71401,Puerto Suarez,2008,7,TOTAL,28
Cochabamba,31205,Puerto Villarroel,2008,7,TOTAL,53
Potosí,51101,Puna,2008,7,TOTAL,47
Cochabamba,31401,Punata,2008,7,TOTAL,16
La Paz,20604,Quiabaya,2008,7,TOTAL,2
Cochabamba,30901,Quillacollo,2008,7,TOTAL,101
La Paz,21002,Quime,2008,7,TOTAL,9
Potosí,50402,Ravelo,2008,7,TOTAL,26
Beni,80301,Reyes,2008,7,TOTAL,15
Beni,80201,Riberalta,2008,7,TOTAL,390
Santa Cruz,70503,Robore,2008,7,TOTAL,23
Beni,80304,Rurrenabaque,2008,7,TOTAL,14
Oruro,40901,Sabaya,2008,7,TOTAL,1
Cochabamba,31001,Sacaba,2008,7,TOTAL,167
Cochabamba,30404,Sacabamba,2008,7,TOTAL,6
Potosí,50701,Sacaca,2008,7,TOTAL,42
Santa Cruz,71302,Saipina,2008,7,TOTAL,7
Oruro,40801,Salinas De Garci Mendoza,2008,7,TOTAL,14
Santa Cruz,70901,Samaipata,2008,7,TOTAL,7
Beni,80602,San Andres,2008,7,TOTAL,12
La Paz,20805,San Andres De Machaca,2008,7,TOTAL,4
Potosí,51003,San Antonio De Esmoruco,2008,7,TOTAL,2
Santa Cruz,71105,San Antonio De Lomerio,2008,7,TOTAL,6
Cochabamba,31403,San Benito,2008,7,TOTAL,14
Beni,80302,San Borja,2008,7,TOTAL,74
La Paz,21502,San Buena Ventura,2008,7,TOTAL,20
Santa Cruz,70402,San Carlos,2008,7,TOTAL,46
Beni,80501,San Ignacio,2008,7,TOTAL,53
Santa Cruz,70301,San Ignacio De Velasco,2008,7,TOTAL,128
Beni,80102,San Javier(bni),2008,7,TOTAL,4
Santa Cruz,71102,San Javier(stc),2008,7,TOTAL,22
Beni,80701,San Joaquin,2008,7,TOTAL,1
Santa Cruz,70501,San Jose De Chiquitos,2008,7,TOTAL,25
Santa Cruz,70404,San Juan De Yapacani,2008,7,TOTAL,13
Santa Cruz,71104,San Julian,2008,7,TOTAL,31
Pando,90302,San Lorenzo(pnd),2008,7,TOTAL,9
Tarija,60501,San Lorenzo(tja),2008,7,TOTAL,6
Chuquisaca,10702,San Lucas,2008,7,TOTAL,90
Santa Cruz,71201,San Matias,2008,7,TOTAL,10
Santa Cruz,70302,San Miguel De Velasco,2008,7,TOTAL,16
Potosí,51001,San Pablo De Lipez,2008,7,TOTAL,4
Santa Cruz,71005,San Pedro,2008,7,TOTAL,10
Potosí,50501,San Pedro De Buena Vista,2008,7,TOTAL,39
La Paz,21801,San Pedro De Curahuara,2008,7,TOTAL,4
Potosí,50902,San Pedro De Quemes,2008,7,TOTAL,2
La Paz,21702,San Pedro De Tiquina,2008,7,TOTAL,3
Pando,90202,San Pedro(pnd),2008,7,TOTAL,5
Santa Cruz,70303,San Rafael,2008,7,TOTAL,8
Beni,80702,San Ramon,2008,7,TOTAL,21
Beni,80702,San Ramon,2008,7,TOTAL,5
Beni,80401,Santa Ana,2008,7,TOTAL,15
Santa Cruz,70101,Santa Cruz De La Sierra,2008,7,TOTAL,271
Beni,80303,Santa Rosa,2008,7,TOTAL,14
Santa Cruz,70602,Santa Rosa Del Sara,2008,7,TOTAL,29
La Paz,20308,Santiago De Callapa,2008,7,TOTAL,5
Oruro,41401,Santiago De Huari,2008,7,TOTAL,9
La Paz,21901,Santiago De Machaca,2008,7,TOTAL,6
Cochabamba,30702,Santivañes,2008,7,TOTAL,2
Oruro,40202,Santuario De Quillacas,2008,7,TOTAL,1
La Paz,20902,Sapahaqui,2008,7,TOTAL,7
Pando,90303,Sena,2008,7,TOTAL,7
La Paz,21301,Sica Sica (villa Aroma),2008,7,TOTAL,27
Cochabamba,30703,Sicaya,2008,7,TOTAL,6
Cochabamba,30902,Sipe Sipe,2008,7,TOTAL,26
Chuquisaca,10403,Sopachuy,2008,7,TOTAL,17
Oruro,40104,Soracachi,2008,7,TOTAL,10
La Paz,20601,Sorata,2008,7,TOTAL,21
Chuquisaca,10101,Sucre,2008,7,TOTAL,467
La Paz,20603,Tacacoma,2008,7,TOTAL,5
Potosí,50303,Tacobamba,2008,7,TOTAL,12
Cochabamba,30602,Tacopaya,2008,7,TOTAL,10
Cochabamba,31101,Tapacari,2008,7,TOTAL,50
Chuquisaca,10601,Tarabuco,2008,7,TOTAL,42
La Paz,20807,Taraco,2008,7,TOTAL,4
Cochabamba,30401,Tarata,2008,7,TOTAL,7
Tarija,60101,Tarija,2008,7,TOTAL,248
Chuquisaca,10202,Tarvita,2008,7,TOTAL,35
La Paz,20608,Teoponte,2008,7,TOTAL,14
La Paz,20803,Tiawanacu,2008,7,TOTAL,16
Potosí,50102,Tinguipaya,2008,7,TOTAL,38
La Paz,20606,Tipuani,2008,7,TOTAL,16
Cochabamba,30903,Tiquipaya,2008,7,TOTAL,68
Cochabamba,31601,Tiraque (cbba),2008,7,TOTAL,57
La Paz,21703,Tito Yupanqui (parquipujio),2008,7,TOTAL,1
Cochabamba,30802,Toco,2008,7,TOTAL,8
Cochabamba,30803,Tolata,2008,7,TOTAL,4
Oruro,41001,Toledo,2008,7,TOTAL,11
Potosí,51202,Tomave,2008,7,TOTAL,19
Chuquisaca,10402,Tomina,2008,7,TOTAL,11
Potosí,50502,Toro Toro,2008,7,TOTAL,15
Cochabamba,31201,Totora(cbba),2008,7,TOTAL,15
Oruro,41301,Totora(orr),2008,7,TOTAL,6
Santa Cruz,70802,Trigal,2008,7,TOTAL,3
Beni,80101,Trinidad,2008,7,TOTAL,67
Potosí,50801,Tupiza,2008,7,TOTAL,63
Oruro,40402,Turco,2008,7,TOTAL,10
La Paz,21302,Umala,2008,7,TOTAL,9
Potosí,50201,Uncia,2008,7,TOTAL,15
Tarija,60401,Uriondo (a. Concepcion),2008,7,TOTAL,11
Santa Cruz,71502,Urubicha,2008,7,TOTAL,11
Potosí,51201,Uyuni,2008,7,TOTAL,8
Cochabamba,30502,Vacas,2008,7,TOTAL,13
Santa Cruz,70801,Vallegrande,2008,7,TOTAL,25
La Paz,20801,Viacha,2008,7,TOTAL,56
Cochabamba,31302,Vila Vila,2008,7,TOTAL,9
Tarija,60303,Villa Montes,2008,7,TOTAL,71
Pando,90502,Villa Nueva (loma Alta),2008,7,TOTAL,3
Cochabamba,31402,Villa Rivero,2008,7,TOTAL,3
Chuquisaca,10801,Villa Serrano,2008,7,TOTAL,8
Cochabamba,31003,Villa Tunari,2008,7,TOTAL,134
Chuquisaca,11001,Villa Vaca Guzman (muyupampa),2008,7,TOTAL,8
Potosí,51501,Villazon,2008,7,TOTAL,46
Cochabamba,30904,Vinto,2008,7,TOTAL,26
Potosí,50602,Vitichi,2008,7,TOTAL,7
La Paz,20306,Waldo Ballivian,2008,7,TOTAL,4
Santa Cruz,70201,Warnes,2008,7,TOTAL,111
La Paz,20903,Yaco,2008,7,TOTAL,11
Tarija,60301,Yacuiba,2008,7,TOTAL,112
Chuquisaca,10602,Yamparaez,2008,7,TOTAL,7
La Paz,21103,Yanacachi,2008,7,TOTAL,2
Santa Cruz,70403,Yapacani,2008,7,TOTAL,63
Potosí,50103,Yocalla,2008,7,TOTAL,6
Chuquisaca,10102,Yotala,2008,7,TOTAL,19
Tarija,60402,Yunchara,2008,7,TOTAL,10
Chuquisaca,10301,Zudañez,2008,7,TOTAL,12
Potosí,51302,Acacio,2008,8,TOTAL,13
La Paz,20201,Achacachi,2008,8,TOTAL,72
La Paz,20104,Achocalla,2008,8,TOTAL,9
Cochabamba,30201,Aiquile,2008,8,TOTAL,71
Cochabamba,31303,Alalay,2008,8,TOTAL,6
Chuquisaca,10404,Alcala,2008,8,TOTAL,8
La Paz,20202,Ancoraimes,2008,8,TOTAL,35
Oruro,41201,Andamarca,2008,8,TOTAL,4
Oruro,40603,Antequera,2008,8,TOTAL,5
Cochabamba,30402,Anzaldo,2008,8,TOTAL,15
La Paz,20701,Apolo,2008,8,TOTAL,26
Potosí,51301,Arampampa,2008,8,TOTAL,6
Cochabamba,30501,Arani,2008,8,TOTAL,19
Cochabamba,30403,Arbieto,2008,8,TOTAL,13
Cochabamba,30601,Arque,2008,8,TOTAL,28
Santa Cruz,71501,Ascencion De Guarayos,2008,8,TOTAL,59
Potosí,50802,Atocha,2008,8,TOTAL,8
La Paz,20503,Aucapata,2008,8,TOTAL,2
La Paz,20502,Ayata,2008,8,TOTAL,10
La Paz,21303,Ayo Ayo,2008,8,TOTAL,13
Cochabamba,30301,Ayopaya (v. De Independencia),2008,8,TOTAL,50
Chuquisaca,10201,Azurduy,2008,8,TOTAL,29
La Paz,21203,Batallas,2008,8,TOTAL,19
Beni,80802,Baures,2008,8,TOTAL,5
Oruro,41202,Belen De Andamarca,2008,8,TOTAL,3
Potosí,50104,Belen De Urmiri,2008,8,TOTAL,2
Pando,90104,Bella Flor,2008,8,TOTAL,5
Tarija,60202,Bermejo,2008,8,TOTAL,64
Potosí,50301,Betanzos,2008,8,TOTAL,39
Cochabamba,31501,Bolivar,2008,8,TOTAL,15
Santa Cruz,70707,Boyuibe,2008,8,TOTAL,1
Santa Cruz,70401,Buena Vista,2008,8,TOTAL,12
Santa Cruz,70703,Cabezas,2008,8,TOTAL,21
La Paz,20905,Cairoma,2008,8,TOTAL,16
Potosí,51102,"Caiza ""d""",2008,8,TOTAL,12
La Paz,21003,Cajuata,2008,8,TOTAL,10
La Paz,20303,Calacoto,2008,8,TOTAL,4
La Paz,21304,Calamarca,2008,8,TOTAL,3
Chuquisaca,10701,Camargo,2008,8,TOTAL,19
Chuquisaca,10901,Camataqui (c. Villa Abecia),2008,8,TOTAL,6
Santa Cruz,70706,Camiri,2008,8,TOTAL,32
Cochabamba,30701,Capinota,2008,8,TOTAL,33
La Paz,20302,Caquiaviri,2008,8,TOTAL,5
Oruro,40102,Caracollo,2008,8,TOTAL,43
La Paz,22001,Caranavi,2008,8,TOTAL,114
Tarija,60302,Carapari,2008,8,TOTAL,12
Potosí,50702,Caripuyo,2008,8,TOTAL,17
Santa Cruz,71403,Carmen Rivero Torrez,2008,8,TOTAL,14
La Paz,21902,Catacora,2008,8,TOTAL,2
La Paz,21803,Chacarilla,2008,8,TOTAL,1
Oruro,40201,Challapata,2008,8,TOTAL,46
Potosí,50302,Chaqui,2008,8,TOTAL,9
Santa Cruz,70702,Charagua,2008,8,TOTAL,64
La Paz,20305,Charaña,2008,8,TOTAL,3
Potosí,50202,Chayanta,2008,8,TOTAL,33
Cochabamba,31204,Chimore,2008,8,TOTAL,15
Oruro,40903,Chipaya,2008,8,TOTAL,5
La Paz,21101,Chulumani (v. De La Libertad),2008,8,TOTAL,22
La Paz,20501,Chuma,2008,8,TOTAL,12
Cochabamba,30801,Cliza,2008,8,TOTAL,18
Pando,90101,Cobija,2008,8,TOTAL,106
Cochabamba,30101,Cochabamba,2008,8,TOTAL,350
Oruro,40902,Coipasa,2008,8,TOTAL,1
Cochabamba,30905,Colcapirhua,2008,8,TOTAL,41
Potosí,50901,"Colcha ""k""",2008,8,TOTAL,11
Cochabamba,31002,Colomi,2008,8,TOTAL,31
Santa Cruz,70603,Colpa Belgica,2008,8,TOTAL,7
Potosí,50401,Colquechaca,2008,8,TOTAL,49
La Paz,21306,Colquencha,2008,8,TOTAL,16
La Paz,21004,Colquiri,2008,8,TOTAL,36
La Paz,20304,Comanche,2008,8,TOTAL,4
Santa Cruz,71301,Comarapa,2008,8,TOTAL,51
La Paz,20605,Combaya,2008,8,TOTAL,2
Santa Cruz,71101,Concepcion,2008,8,TOTAL,3
La Paz,21701,Copacabana,2008,8,TOTAL,11
La Paz,21402,Coripata,2008,8,TOTAL,18
La Paz,20301,Coro Coro,2008,8,TOTAL,10
La Paz,21401,Coroico,2008,8,TOTAL,23
Oruro,40301,Corque,2008,8,TOTAL,9
Potosí,50601,Cotagaita,2008,8,TOTAL,32
Santa Cruz,70102,Cotoca,2008,8,TOTAL,48
Santa Cruz,71106,Cuatro Cañadas,2008,8,TOTAL,22
Cochabamba,31405,Cuchumuela (v. G. Villarroel),2008,8,TOTAL,5
Santa Cruz,70704,Cuevo,2008,8,TOTAL,5
Chuquisaca,10902,Culpina,2008,8,TOTAL,30
Oruro,40401,Curahuara De Carangas,2008,8,TOTAL,6
La Paz,21602,Curva,2008,8,TOTAL,2
La Paz,20804,Desaguadero,2008,8,TOTAL,10
La Paz,20105,El Alto,2008,8,TOTAL,1152
Oruro,40103,El Choro,2008,8,TOTAL,6
Santa Cruz,71503,El Puente(stc),2008,8,TOTAL,11
Tarija,60502,El Puente(tja),2008,8,TOTAL,13
Santa Cruz,70105,El Torno,2008,8,TOTAL,12
Chuquisaca,10405,El Villar,2008,8,TOTAL,3
Tarija,60601,Entre Rios,2008,8,TOTAL,34
Tarija,60601,Entre Rios,2008,8,TOTAL,36
Oruro,40502,Escara,2008,8,TOTAL,1
Oruro,41101,Eucaliptus,2008,8,TOTAL,8
Pando,90503,Eureka (santos Mercado),2008,8,TOTAL,2
Beni,80402,Exaltacion,2008,8,TOTAL,3
Santa Cruz,71004,Fernandez Alonso,2008,8,TOTAL,23
Pando,90203,Filadelfia,2008,8,TOTAL,9
Santa Cruz,71002,General Saavedra,2008,8,TOTAL,12
La Paz,21601,Gral. J.j. Perez (charazani),2008,8,TOTAL,23
La Paz,20602,Guanay,2008,8,TOTAL,3
La Paz,20802,Guaqui,2008,8,TOTAL,17
Beni,80202,Guayaramerin,2008,8,TOTAL,59
Santa Cruz,70705,Gutierrez,2008,8,TOTAL,15
Chuquisaca,10502,Huacareta,2008,8,TOTAL,17
Chuquisaca,11002,Huacaya (villa De Huacaya),2008,8,TOTAL,3
Oruro,40701,Huanuni,2008,8,TOTAL,22
Beni,80803,Huaracaje,2008,8,TOTAL,7
Oruro,41601,Huayllamarca,2008,8,TOTAL,9
La Paz,21005,Ichoca,2008,8,TOTAL,3
Chuquisaca,10304,Icla,2008,8,TOTAL,20
Chuquisaca,10703,Incahuasi,2008,8,TOTAL,61
La Paz,21001,Inquisivi,2008,8,TOTAL,14
La Paz,21102,Irupana (villa De Lanza),2008,8,TOTAL,16
La Paz,21501,Ixiamas,2008,8,TOTAL,14
La Paz,20806,Jesus De Machaca,2008,8,TOTAL,15
La Paz,21105,La Asunta,2008,8,TOTAL,20
Santa Cruz,70104,La Guardia,2008,8,TOTAL,31
La Paz,20101,La Paz,2008,8,TOTAL,900
Santa Cruz,70701,Lagunillas,2008,8,TOTAL,6
La Paz,21202,Laja,2008,8,TOTAL,14
Chuquisaca,10903,Las Carreras,2008,8,TOTAL,5
La Paz,21006,Licoma Pampa,2008,8,TOTAL,3
Potosí,50203,Llallagua,2008,8,TOTAL,52
Potosí,51401,Llica,2008,8,TOTAL,6
Beni,80601,Loreto,2008,8,TOTAL,11
La Paz,20901,Luribay,2008,8,TOTAL,5
Oruro,40702,Machacamarca,2008,8,TOTAL,2
Chuquisaca,11003,Machareti,2008,8,TOTAL,11
Beni,80801,Magdalena,2008,8,TOTAL,8
Santa Cruz,70903,Mairana,2008,8,TOTAL,24
La Paz,20904,Malla,2008,8,TOTAL,7
La Paz,20607,Mapiri,2008,8,TOTAL,22
La Paz,20103,Mecapaca,2008,8,TOTAL,6
Santa Cruz,71003,Mineros,2008,8,TOTAL,11
Cochabamba,31301,Mizque,2008,8,TOTAL,38
La Paz,20402,Mocomoco,2008,8,TOTAL,26
Chuquisaca,10303,Mojocoya,2008,8,TOTAL,6
Chuquisaca,10501,Monteagudo,2008,8,TOTAL,39
Santa Cruz,71001,Montero,2008,8,TOTAL,69
Cochabamba,30302,Morochata,2008,8,TOTAL,57
Pando,90401,Nacebe (santa Rosa Del Abuna),2008,8,TOTAL,5
La Paz,20307,Nazacara De Pacajes,2008,8,TOTAL,3
Pando,90501,Nuevo Manoa (nueva Esperanza),2008,8,TOTAL,4
Potosí,50404,Ocuri,2008,8,TOTAL,38
Santa Cruz,70202,Okinawa,2008,8,TOTAL,6
Cochabamba,30203,Omereque,2008,8,TOTAL,7
Oruro,40101,Oruro,2008,8,TOTAL,161
Tarija,60201,Padcaya,2008,8,TOTAL,23
Chuquisaca,10401,Padilla,2008,8,TOTAL,16
Santa Cruz,70502,Pailon,2008,8,TOTAL,17
La Paz,20102,Palca,2008,8,TOTAL,19
La Paz,21104,Palos Blancos,2008,8,TOTAL,27
Oruro,40802,Pampa Aullagas,2008,8,TOTAL,7
Santa Cruz,70902,Pampa Grande,2008,8,TOTAL,10
La Paz,21802,Papel Pampa,2008,8,TOTAL,7
Cochabamba,30202,Pasorapa,2008,8,TOTAL,5
La Paz,21305,Patacamaya,2008,8,TOTAL,24
Oruro,40602,Pazña,2008,8,TOTAL,7
La Paz,20702,Pelechuco,2008,8,TOTAL,6
Potosí,50403,Pocoata,2008,8,TOTAL,37
Cochabamba,31203,Pocona,2008,8,TOTAL,13
Cochabamba,31202,Pojo (cbba),2008,8,TOTAL,17
Oruro,40601,Poopo,2008,8,TOTAL,6
Potosí,51203,Porco,2008,8,TOTAL,10
Chuquisaca,10103,Poroma,2008,8,TOTAL,34
Santa Cruz,70103,Porongo,2008,8,TOTAL,14
Santa Cruz,70601,Portachuelo,2008,8,TOTAL,17
Pando,90102,Porvenir,2008,8,TOTAL,1
Santa Cruz,70804,Postrer Valle,2008,8,TOTAL,3
Potosí,50101,Potosi,2008,8,TOTAL,343
Chuquisaca,10302,Presto,2008,8,TOTAL,20
Santa Cruz,70805,Pucara,2008,8,TOTAL,1
La Paz,21201,Pucarani,2008,8,TOTAL,24
La Paz,20401,Puerto Acosta,2008,8,TOTAL,27
La Paz,20403,Puerto Carabuco,2008,8,TOTAL,20
Pando,90301,Puerto Gonzalo Moreno,2008,8,TOTAL,10
La Paz,21204,Puerto Perez,2008,8,TOTAL,9
Santa Cruz,71402,Puerto Quijarro,2008,8,TOTAL,10
Pando,90201,Puerto Rico,2008,8,TOTAL,10
Beni,80703,Puerto Siles,2008,8,TOTAL,7
Santa Cruz,71401,Puerto Suarez,2008,8,TOTAL,22
Cochabamba,31205,Puerto Villarroel,2008,8,TOTAL,54
Potosí,51101,Puna,2008,8,TOTAL,38
Cochabamba,31401,Punata,2008,8,TOTAL,23
La Paz,20604,Quiabaya,2008,8,TOTAL,4
Cochabamba,30901,Quillacollo,2008,8,TOTAL,140
La Paz,21002,Quime,2008,8,TOTAL,11
Santa Cruz,70904,Quirusillas,2008,8,TOTAL,7
Potosí,50402,Ravelo,2008,8,TOTAL,29
Beni,80301,Reyes,2008,8,TOTAL,21
Beni,80201,Riberalta,2008,8,TOTAL,473
Santa Cruz,70503,Robore,2008,8,TOTAL,31
Beni,80304,Rurrenabaque,2008,8,TOTAL,23
Oruro,40901,Sabaya,2008,8,TOTAL,4
Cochabamba,31001,Sacaba,2008,8,TOTAL,151
Cochabamba,30404,Sacabamba,2008,8,TOTAL,5
Potosí,50701,Sacaca,2008,8,TOTAL,49
Santa Cruz,71302,Saipina,2008,8,TOTAL,6
Oruro,40801,Salinas De Garci Mendoza,2008,8,TOTAL,10
Santa Cruz,70901,Samaipata,2008,8,TOTAL,7
Potosí,51601,San Agustin,2008,8,TOTAL,1
Beni,80602,San Andres,2008,8,TOTAL,14
La Paz,20805,San Andres De Machaca,2008,8,TOTAL,3
Potosí,51003,San Antonio De Esmoruco,2008,8,TOTAL,6
Santa Cruz,71105,San Antonio De Lomerio,2008,8,TOTAL,6
Cochabamba,31403,San Benito,2008,8,TOTAL,13
Beni,80302,San Borja,2008,8,TOTAL,96
La Paz,21502,San Buena Ventura,2008,8,TOTAL,22
Santa Cruz,70402,San Carlos,2008,8,TOTAL,49
Beni,80501,San Ignacio,2008,8,TOTAL,54
Santa Cruz,70301,San Ignacio De Velasco,2008,8,TOTAL,121
Santa Cruz,71102,San Javier(stc),2008,8,TOTAL,30
Santa Cruz,70501,San Jose De Chiquitos,2008,8,TOTAL,32
Santa Cruz,70404,San Juan De Yapacani,2008,8,TOTAL,8
Santa Cruz,71104,San Julian,2008,8,TOTAL,36
Pando,90302,San Lorenzo(pnd),2008,8,TOTAL,7
Tarija,60501,San Lorenzo(tja),2008,8,TOTAL,22
Chuquisaca,10702,San Lucas,2008,8,TOTAL,101
Santa Cruz,71201,San Matias,2008,8,TOTAL,1
Santa Cruz,70302,San Miguel De Velasco,2008,8,TOTAL,16
Potosí,51001,San Pablo De Lipez,2008,8,TOTAL,3
Santa Cruz,71005,San Pedro,2008,8,TOTAL,14
Potosí,50501,San Pedro De Buena Vista,2008,8,TOTAL,36
La Paz,21801,San Pedro De Curahuara,2008,8,TOTAL,12
Potosí,50902,San Pedro De Quemes,2008,8,TOTAL,1
La Paz,21702,San Pedro De Tiquina,2008,8,TOTAL,6
Pando,90202,San Pedro(pnd),2008,8,TOTAL,1
Santa Cruz,70303,San Rafael,2008,8,TOTAL,8
Beni,80702,San Ramon,2008,8,TOTAL,22
Beni,80702,San Ramon,2008,8,TOTAL,4
Beni,80401,Santa Ana,2008,8,TOTAL,13
Santa Cruz,70101,Santa Cruz De La Sierra,2008,8,TOTAL,498
Beni,80303,Santa Rosa,2008,8,TOTAL,22
Santa Cruz,70602,Santa Rosa Del Sara,2008,8,TOTAL,21
La Paz,20308,Santiago De Callapa,2008,8,TOTAL,7
Oruro,41401,Santiago De Huari,2008,8,TOTAL,12
La Paz,21901,Santiago De Machaca,2008,8,TOTAL,4
Cochabamba,30702,Santivañes,2008,8,TOTAL,10
Oruro,40202,Santuario De Quillacas,2008,8,TOTAL,5
La Paz,20902,Sapahaqui,2008,8,TOTAL,4
Pando,90303,Sena,2008,8,TOTAL,8
La Paz,21301,Sica Sica (villa Aroma),2008,8,TOTAL,18
Cochabamba,30703,Sicaya,2008,8,TOTAL,2
Cochabamba,30902,Sipe Sipe,2008,8,TOTAL,26
Chuquisaca,10403,Sopachuy,2008,8,TOTAL,20
Oruro,40104,Soracachi,2008,8,TOTAL,13
La Paz,20601,Sorata,2008,8,TOTAL,21
Chuquisaca,10101,Sucre,2008,8,TOTAL,424
Cochabamba,31404,Tacachi,2008,8,TOTAL,1
La Paz,20603,Tacacoma,2008,8,TOTAL,1
Potosí,50303,Tacobamba,2008,8,TOTAL,12
Cochabamba,30602,Tacopaya,2008,8,TOTAL,15
Potosí,51402,Tahua,2008,8,TOTAL,1
Cochabamba,31101,Tapacari,2008,8,TOTAL,53
Chuquisaca,10601,Tarabuco,2008,8,TOTAL,49
La Paz,20807,Taraco,2008,8,TOTAL,8
Cochabamba,30401,Tarata,2008,8,TOTAL,14
Tarija,60101,Tarija,2008,8,TOTAL,223
Chuquisaca,10202,Tarvita,2008,8,TOTAL,30
La Paz,20608,Teoponte,2008,8,TOTAL,14
La Paz,20803,Tiawanacu,2008,8,TOTAL,21
Potosí,50102,Tinguipaya,2008,8,TOTAL,35
La Paz,20606,Tipuani,2008,8,TOTAL,16
Cochabamba,30903,Tiquipaya,2008,8,TOTAL,48
Cochabamba,31601,Tiraque (cbba),2008,8,TOTAL,64
Cochabamba,30802,Toco,2008,8,TOTAL,7
Cochabamba,30803,Tolata,2008,8,TOTAL,3
Oruro,41001,Toledo,2008,8,TOTAL,8
Potosí,51202,Tomave,2008,8,TOTAL,14
Chuquisaca,10402,Tomina,2008,8,TOTAL,11
Potosí,50502,Toro Toro,2008,8,TOTAL,14
Cochabamba,31201,Totora(cbba),2008,8,TOTAL,7
Oruro,41301,Totora(orr),2008,8,TOTAL,6
Beni,80101,Trinidad,2008,8,TOTAL,46
Potosí,50801,Tupiza,2008,8,TOTAL,64
Oruro,40402,Turco,2008,8,TOTAL,4
La Paz,21302,Umala,2008,8,TOTAL,5
Potosí,50201,Uncia,2008,8,TOTAL,21
Tarija,60401,Uriondo (a. Concepcion),2008,8,TOTAL,9
Santa Cruz,71502,Urubicha,2008,8,TOTAL,11
Potosí,51201,Uyuni,2008,8,TOTAL,18
Cochabamba,30502,Vacas,2008,8,TOTAL,18
Santa Cruz,70801,Vallegrande,2008,8,TOTAL,47
La Paz,20801,Viacha,2008,8,TOTAL,33
Cochabamba,31302,Vila Vila,2008,8,TOTAL,4
Tarija,60303,Villa Montes,2008,8,TOTAL,78
Pando,90502,Villa Nueva (loma Alta),2008,8,TOTAL,3
Cochabamba,31402,Villa Rivero,2008,8,TOTAL,4
Chuquisaca,10801,Villa Serrano,2008,8,TOTAL,18
Cochabamba,31003,Villa Tunari,2008,8,TOTAL,138
Chuquisaca,11001,Villa Vaca Guzman (muyupampa),2008,8,TOTAL,7
Potosí,51501,Villazon,2008,8,TOTAL,66
Cochabamba,30904,Vinto,2008,8,TOTAL,9
Potosí,50602,Vitichi,2008,8,TOTAL,12
La Paz,20306,Waldo Ballivian,2008,8,TOTAL,3
Santa Cruz,70201,Warnes,2008,8,TOTAL,46
La Paz,20903,Yaco,2008,8,TOTAL,12
Tarija,60301,Yacuiba,2008,8,TOTAL,112
Chuquisaca,10602,Yamparaez,2008,8,TOTAL,10
La Paz,21103,Yanacachi,2008,8,TOTAL,1
Santa Cruz,70403,Yapacani,2008,8,TOTAL,57
Potosí,50103,Yocalla,2008,8,TOTAL,96
Chuquisaca,10102,Yotala,2008,8,TOTAL,14
Tarija,60402,Yunchara,2008,8,TOTAL,6
Chuquisaca,10301,Zudañez,2008,8,TOTAL,14
Potosí,51302,Acacio,2008,9,TOTAL,7
La Paz,20201,Achacachi,2008,9,TOTAL,72
La Paz,20104,Achocalla,2008,9,TOTAL,11
Cochabamba,30201,Aiquile,2008,9,TOTAL,44
Cochabamba,31303,Alalay,2008,9,TOTAL,6
Chuquisaca,10404,Alcala,2008,9,TOTAL,5
La Paz,20202,Ancoraimes,2008,9,TOTAL,22
Oruro,41201,Andamarca,2008,9,TOTAL,2
Oruro,40603,Antequera,2008,9,TOTAL,1
Cochabamba,30402,Anzaldo,2008,9,TOTAL,9
La Paz,20701,Apolo,2008,9,TOTAL,35
Potosí,51301,Arampampa,2008,9,TOTAL,3
Cochabamba,30501,Arani,2008,9,TOTAL,9
Cochabamba,30403,Arbieto,2008,9,TOTAL,6
Cochabamba,30601,Arque,2008,9,TOTAL,24
Santa Cruz,71501,Ascencion De Guarayos,2008,9,TOTAL,60
Potosí,50802,Atocha,2008,9,TOTAL,5
La Paz,20503,Aucapata,2008,9,TOTAL,3
La Paz,20502,Ayata,2008,9,TOTAL,9
La Paz,21303,Ayo Ayo,2008,9,TOTAL,7
Cochabamba,30301,Ayopaya (v. De Independencia),2008,9,TOTAL,24
Chuquisaca,10201,Azurduy,2008,9,TOTAL,29
La Paz,21203,Batallas,2008,9,TOTAL,23
Beni,80802,Baures,2008,9,TOTAL,7
Pando,90104,Bella Flor,2008,9,TOTAL,3
Tarija,60202,Bermejo,2008,9,TOTAL,70
Potosí,50301,Betanzos,2008,9,TOTAL,37
Cochabamba,31501,Bolivar,2008,9,TOTAL,14
Santa Cruz,70707,Boyuibe,2008,9,TOTAL,4
Santa Cruz,70401,Buena Vista,2008,9,TOTAL,18
Santa Cruz,70703,Cabezas,2008,9,TOTAL,43
La Paz,20905,Cairoma,2008,9,TOTAL,7
Potosí,51102,"Caiza ""d""",2008,9,TOTAL,10
La Paz,21003,Cajuata,2008,9,TOTAL,13
La Paz,20303,Calacoto,2008,9,TOTAL,3
La Paz,21304,Calamarca,2008,9,TOTAL,8
Chuquisaca,10701,Camargo,2008,9,TOTAL,21
Chuquisaca,10901,Camataqui (c. Villa Abecia),2008,9,TOTAL,2
Santa Cruz,70706,Camiri,2008,9,TOTAL,22
Cochabamba,30701,Capinota,2008,9,TOTAL,38
La Paz,20302,Caquiaviri,2008,9,TOTAL,9
Oruro,40102,Caracollo,2008,9,TOTAL,25
La Paz,22001,Caranavi,2008,9,TOTAL,93
Oruro,41503,Carangas,2008,9,TOTAL,1
Tarija,60302,Carapari,2008,9,TOTAL,13
Potosí,50702,Caripuyo,2008,9,TOTAL,14
Santa Cruz,71403,Carmen Rivero Torrez,2008,9,TOTAL,5
La Paz,21902,Catacora,2008,9,TOTAL,2
La Paz,21803,Chacarilla,2008,9,TOTAL,2
Oruro,40201,Challapata,2008,9,TOTAL,53
Potosí,50302,Chaqui,2008,9,TOTAL,11
Santa Cruz,70702,Charagua,2008,9,TOTAL,51
La Paz,20305,Charaña,2008,9,TOTAL,2
Potosí,50202,Chayanta,2008,9,TOTAL,16
Cochabamba,31204,Chimore,2008,9,TOTAL,13
Oruro,40903,Chipaya,2008,9,TOTAL,5
Oruro,40302,Choque Cota,2008,9,TOTAL,1
La Paz,21101,Chulumani (v. De La Libertad),2008,9,TOTAL,47
La Paz,20501,Chuma,2008,9,TOTAL,11
Cochabamba,30801,Cliza,2008,9,TOTAL,19
Pando,90101,Cobija,2008,9,TOTAL,106
Cochabamba,30101,Cochabamba,2008,9,TOTAL,447
Oruro,40902,Coipasa,2008,9,TOTAL,3
Cochabamba,30905,Colcapirhua,2008,9,TOTAL,50
Potosí,50901,"Colcha ""k""",2008,9,TOTAL,15
La Paz,21307,Collana,2008,9,TOTAL,4
Cochabamba,31002,Colomi,2008,9,TOTAL,40
Santa Cruz,70603,Colpa Belgica,2008,9,TOTAL,2
Potosí,50401,Colquechaca,2008,9,TOTAL,60
La Paz,21306,Colquencha,2008,9,TOTAL,16
La Paz,21004,Colquiri,2008,9,TOTAL,22
La Paz,20304,Comanche,2008,9,TOTAL,3
Santa Cruz,71301,Comarapa,2008,9,TOTAL,30
La Paz,20605,Combaya,2008,9,TOTAL,2
Santa Cruz,71101,Concepcion,2008,9,TOTAL,1
La Paz,21701,Copacabana,2008,9,TOTAL,6
La Paz,21402,Coripata,2008,9,TOTAL,16
La Paz,20301,Coro Coro,2008,9,TOTAL,8
La Paz,21401,Coroico,2008,9,TOTAL,15
Oruro,40301,Corque,2008,9,TOTAL,7
Potosí,50601,Cotagaita,2008,9,TOTAL,36
Santa Cruz,70102,Cotoca,2008,9,TOTAL,42
Santa Cruz,71106,Cuatro Cañadas,2008,9,TOTAL,20
Cochabamba,31405,Cuchumuela (v. G. Villarroel),2008,9,TOTAL,3
Santa Cruz,70704,Cuevo,2008,9,TOTAL,5
Chuquisaca,10902,Culpina,2008,9,TOTAL,25
Oruro,40401,Curahuara De Carangas,2008,9,TOTAL,8
La Paz,21602,Curva,2008,9,TOTAL,5
La Paz,20804,Desaguadero,2008,9,TOTAL,4
La Paz,20105,El Alto,2008,9,TOTAL,1032
Oruro,40103,El Choro,2008,9,TOTAL,3
Santa Cruz,71503,El Puente(stc),2008,9,TOTAL,14
Tarija,60502,El Puente(tja),2008,9,TOTAL,8
Santa Cruz,70105,El Torno,2008,9,TOTAL,110
Chuquisaca,10405,El Villar,2008,9,TOTAL,5
Tarija,60601,Entre Rios,2008,9,TOTAL,30
Tarija,60601,Entre Rios,2008,9,TOTAL,35
Oruro,41101,Eucaliptus,2008,9,TOTAL,6
Pando,90503,Eureka (santos Mercado),2008,9,TOTAL,2
Beni,80402,Exaltacion,2008,9,TOTAL,2
Santa Cruz,71004,Fernandez Alonso,2008,9,TOTAL,22
Pando,90203,Filadelfia,2008,9,TOTAL,3
Santa Cruz,71002,General Saavedra,2008,9,TOTAL,13
La Paz,21601,Gral. J.j. Perez (charazani),2008,9,TOTAL,9
La Paz,20602,Guanay,2008,9,TOTAL,1
La Paz,20802,Guaqui,2008,9,TOTAL,4
Beni,80202,Guayaramerin,2008,9,TOTAL,63
Santa Cruz,70705,Gutierrez,2008,9,TOTAL,11
Chuquisaca,10502,Huacareta,2008,9,TOTAL,12
Chuquisaca,11002,Huacaya (villa De Huacaya),2008,9,TOTAL,6
Oruro,40501,Huachacalla,2008,9,TOTAL,1
Oruro,40701,Huanuni,2008,9,TOTAL,16
Beni,80803,Huaracaje,2008,9,TOTAL,4
Oruro,41601,Huayllamarca,2008,9,TOTAL,5
La Paz,21005,Ichoca,2008,9,TOTAL,10
Chuquisaca,10304,Icla,2008,9,TOTAL,18
Chuquisaca,10703,Incahuasi,2008,9,TOTAL,59
Pando,90402,Ingavi (humaita),2008,9,TOTAL,2
La Paz,21001,Inquisivi,2008,9,TOTAL,10
La Paz,21102,Irupana (villa De Lanza),2008,9,TOTAL,22
La Paz,21501,Ixiamas,2008,9,TOTAL,17
La Paz,20806,Jesus De Machaca,2008,9,TOTAL,11
La Paz,21105,La Asunta,2008,9,TOTAL,23
Santa Cruz,70104,La Guardia,2008,9,TOTAL,23
La Paz,20101,La Paz,2008,9,TOTAL,1031
Oruro,41501,La Rivera,2008,9,TOTAL,1
Santa Cruz,70701,Lagunillas,2008,9,TOTAL,4
La Paz,21202,Laja,2008,9,TOTAL,26
Chuquisaca,10903,Las Carreras,2008,9,TOTAL,4
La Paz,21006,Licoma Pampa,2008,9,TOTAL,2
Potosí,50203,Llallagua,2008,9,TOTAL,84
Potosí,51401,Llica,2008,9,TOTAL,4
Beni,80601,Loreto,2008,9,TOTAL,6
La Paz,20901,Luribay,2008,9,TOTAL,9
Oruro,40702,Machacamarca,2008,9,TOTAL,3
Chuquisaca,11003,Machareti,2008,9,TOTAL,10
Beni,80801,Magdalena,2008,9,TOTAL,1
Santa Cruz,70903,Mairana,2008,9,TOTAL,10
La Paz,20904,Malla,2008,9,TOTAL,1
La Paz,20607,Mapiri,2008,9,TOTAL,18
La Paz,20103,Mecapaca,2008,9,TOTAL,10
Santa Cruz,71003,Mineros,2008,9,TOTAL,21
Cochabamba,31301,Mizque,2008,9,TOTAL,47
La Paz,20402,Mocomoco,2008,9,TOTAL,20
Chuquisaca,10303,Mojocoya,2008,9,TOTAL,9
Chuquisaca,10501,Monteagudo,2008,9,TOTAL,55
Santa Cruz,71001,Montero,2008,9,TOTAL,75
Santa Cruz,70803,Moro Moro,2008,9,TOTAL,1
Cochabamba,30302,Morochata,2008,9,TOTAL,40
La Paz,20307,Nazacara De Pacajes,2008,9,TOTAL,1
Pando,90501,Nuevo Manoa (nueva Esperanza),2008,9,TOTAL,3
Potosí,50404,Ocuri,2008,9,TOTAL,40
Santa Cruz,70202,Okinawa,2008,9,TOTAL,15
Cochabamba,30203,Omereque,2008,9,TOTAL,7
Oruro,40101,Oruro,2008,9,TOTAL,222
Tarija,60201,Padcaya,2008,9,TOTAL,15
Chuquisaca,10401,Padilla,2008,9,TOTAL,26
Santa Cruz,70502,Pailon,2008,9,TOTAL,40
La Paz,20102,Palca,2008,9,TOTAL,11
La Paz,21104,Palos Blancos,2008,9,TOTAL,38
Oruro,40802,Pampa Aullagas,2008,9,TOTAL,3
Santa Cruz,70902,Pampa Grande,2008,9,TOTAL,6
La Paz,21802,Papel Pampa,2008,9,TOTAL,3
Cochabamba,30202,Pasorapa,2008,9,TOTAL,9
La Paz,21305,Patacamaya,2008,9,TOTAL,7
Oruro,40602,Pazña,2008,9,TOTAL,6
La Paz,20702,Pelechuco,2008,9,TOTAL,9
Potosí,50403,Pocoata,2008,9,TOTAL,24
Cochabamba,31203,Pocona,2008,9,TOTAL,16
Cochabamba,31202,Pojo (cbba),2008,9,TOTAL,32
Oruro,40601,Poopo,2008,9,TOTAL,5
Potosí,51203,Porco,2008,9,TOTAL,16
Chuquisaca,10103,Poroma,2008,9,TOTAL,30
Santa Cruz,70103,Porongo,2008,9,TOTAL,6
Santa Cruz,70601,Portachuelo,2008,9,TOTAL,13
Pando,90102,Porvenir,2008,9,TOTAL,3
Potosí,50101,Potosi,2008,9,TOTAL,314
Chuquisaca,10302,Presto,2008,9,TOTAL,16
Santa Cruz,70805,Pucara,2008,9,TOTAL,2
La Paz,21201,Pucarani,2008,9,TOTAL,29
La Paz,20401,Puerto Acosta,2008,9,TOTAL,45
La Paz,20403,Puerto Carabuco,2008,9,TOTAL,16
Pando,90301,Puerto Gonzalo Moreno,2008,9,TOTAL,9
La Paz,21204,Puerto Perez,2008,9,TOTAL,7
Santa Cruz,71402,Puerto Quijarro,2008,9,TOTAL,6
Pando,90201,Puerto Rico,2008,9,TOTAL,10
Beni,80703,Puerto Siles,2008,9,TOTAL,2
Santa Cruz,71401,Puerto Suarez,2008,9,TOTAL,28
Cochabamba,31205,Puerto Villarroel,2008,9,TOTAL,24
Potosí,51101,Puna,2008,9,TOTAL,51
Cochabamba,31401,Punata,2008,9,TOTAL,23
Cochabamba,30901,Quillacollo,2008,9,TOTAL,116
La Paz,21002,Quime,2008,9,TOTAL,9
Santa Cruz,70904,Quirusillas,2008,9,TOTAL,3
Potosí,50402,Ravelo,2008,9,TOTAL,39
Beni,80301,Reyes,2008,9,TOTAL,19
Beni,80201,Riberalta,2008,9,TOTAL,224
Santa Cruz,70503,Robore,2008,9,TOTAL,32
Beni,80304,Rurrenabaque,2008,9,TOTAL,16
Oruro,40901,Sabaya,2008,9,TOTAL,5
Cochabamba,31001,Sacaba,2008,9,TOTAL,169
Cochabamba,30404,Sacabamba,2008,9,TOTAL,5
Potosí,50701,Sacaca,2008,9,TOTAL,47
Santa Cruz,71302,Saipina,2008,9,TOTAL,5
Oruro,40801,Salinas De Garci Mendoza,2008,9,TOTAL,18
Santa Cruz,70901,Samaipata,2008,9,TOTAL,8
Potosí,51601,San Agustin,2008,9,TOTAL,1
Beni,80602,San Andres,2008,9,TOTAL,25
La Paz,20805,San Andres De Machaca,2008,9,TOTAL,4
Potosí,51003,San Antonio De Esmoruco,2008,9,TOTAL,7
Santa Cruz,71105,San Antonio De Lomerio,2008,9,TOTAL,9
Cochabamba,31403,San Benito,2008,9,TOTAL,19
Beni,80302,San Borja,2008,9,TOTAL,89
La Paz,21502,San Buena Ventura,2008,9,TOTAL,25
Santa Cruz,70402,San Carlos,2008,9,TOTAL,31
Beni,80501,San Ignacio,2008,9,TOTAL,46
Santa Cruz,70301,San Ignacio De Velasco,2008,9,TOTAL,126
Beni,80102,San Javier(bni),2008,9,TOTAL,1
Santa Cruz,71102,San Javier(stc),2008,9,TOTAL,22
Beni,80701,San Joaquin,2008,9,TOTAL,8
Santa Cruz,70501,San Jose De Chiquitos,2008,9,TOTAL,36
Santa Cruz,70404,San Juan De Yapacani,2008,9,TOTAL,10
Santa Cruz,71104,San Julian,2008,9,TOTAL,35
Pando,90302,San Lorenzo(pnd),2008,9,TOTAL,3
Tarija,60501,San Lorenzo(tja),2008,9,TOTAL,22
Chuquisaca,10702,San Lucas,2008,9,TOTAL,69
Santa Cruz,71201,San Matias,2008,9,TOTAL,10
Santa Cruz,70302,San Miguel De Velasco,2008,9,TOTAL,20
Potosí,51001,San Pablo De Lipez,2008,9,TOTAL,2
Santa Cruz,71005,San Pedro,2008,9,TOTAL,18
Potosí,50501,San Pedro De Buena Vista,2008,9,TOTAL,48
La Paz,21801,San Pedro De Curahuara,2008,9,TOTAL,12
Potosí,50902,San Pedro De Quemes,2008,9,TOTAL,1
La Paz,21702,San Pedro De Tiquina,2008,9,TOTAL,5
Pando,90202,San Pedro(pnd),2008,9,TOTAL,3
Santa Cruz,70303,San Rafael,2008,9,TOTAL,4
Beni,80702,San Ramon,2008,9,TOTAL,15
Beni,80702,San Ramon,2008,9,TOTAL,13
Beni,80401,Santa Ana,2008,9,TOTAL,18
Santa Cruz,70101,Santa Cruz De La Sierra,2008,9,TOTAL,341
Beni,80303,Santa Rosa,2008,9,TOTAL,21
Santa Cruz,70602,Santa Rosa Del Sara,2008,9,TOTAL,23
La Paz,20308,Santiago De Callapa,2008,9,TOTAL,4
Oruro,41401,Santiago De Huari,2008,9,TOTAL,8
La Paz,21901,Santiago De Machaca,2008,9,TOTAL,3
Cochabamba,30702,Santivañes,2008,9,TOTAL,6
Oruro,40202,Santuario De Quillacas,2008,9,TOTAL,5
La Paz,20902,Sapahaqui,2008,9,TOTAL,8
Pando,90303,Sena,2008,9,TOTAL,8
La Paz,21301,Sica Sica (villa Aroma),2008,9,TOTAL,13
Cochabamba,30703,Sicaya,2008,9,TOTAL,6
Cochabamba,30902,Sipe Sipe,2008,9,TOTAL,14
Chuquisaca,10403,Sopachuy,2008,9,TOTAL,19
Oruro,40104,Soracachi,2008,9,TOTAL,11
La Paz,20601,Sorata,2008,9,TOTAL,16
Chuquisaca,10101,Sucre,2008,9,TOTAL,441
La Paz,20603,Tacacoma,2008,9,TOTAL,5
Potosí,50303,Tacobamba,2008,9,TOTAL,12
Cochabamba,30602,Tacopaya,2008,9,TOTAL,19
Potosí,51402,Tahua,2008,9,TOTAL,1
Cochabamba,31101,Tapacari,2008,9,TOTAL,42
Chuquisaca,10601,Tarabuco,2008,9,TOTAL,37
La Paz,20807,Taraco,2008,9,TOTAL,6
Cochabamba,30401,Tarata,2008,9,TOTAL,7
Tarija,60101,Tarija,2008,9,TOTAL,250
Chuquisaca,10202,Tarvita,2008,9,TOTAL,28
La Paz,20608,Teoponte,2008,9,TOTAL,9
La Paz,20803,Tiawanacu,2008,9,TOTAL,19
Potosí,50102,Tinguipaya,2008,9,TOTAL,39
La Paz,20606,Tipuani,2008,9,TOTAL,16
Cochabamba,30903,Tiquipaya,2008,9,TOTAL,69
Cochabamba,31601,Tiraque (cbba),2008,9,TOTAL,69
Cochabamba,30802,Toco,2008,9,TOTAL,7
Oruro,41502,Todos Santos,2008,9,TOTAL,1
Cochabamba,30803,Tolata,2008,9,TOTAL,7
Oruro,41001,Toledo,2008,9,TOTAL,8
Potosí,51202,Tomave,2008,9,TOTAL,9
Chuquisaca,10402,Tomina,2008,9,TOTAL,11
Potosí,50502,Toro Toro,2008,9,TOTAL,21
Cochabamba,31201,Totora(cbba),2008,9,TOTAL,21
Oruro,41301,Totora(orr),2008,9,TOTAL,6
Santa Cruz,70802,Trigal,2008,9,TOTAL,1
Beni,80101,Trinidad,2008,9,TOTAL,54
Potosí,50801,Tupiza,2008,9,TOTAL,57
Oruro,40402,Turco,2008,9,TOTAL,2
La Paz,21302,Umala,2008,9,TOTAL,3
Potosí,50201,Uncia,2008,9,TOTAL,43
Tarija,60401,Uriondo (a. Concepcion),2008,9,TOTAL,9
Santa Cruz,71502,Urubicha,2008,9,TOTAL,8
Potosí,51201,Uyuni,2008,9,TOTAL,17
Cochabamba,30502,Vacas,2008,9,TOTAL,17
Santa Cruz,70801,Vallegrande,2008,9,TOTAL,20
La Paz,20801,Viacha,2008,9,TOTAL,27
Cochabamba,31302,Vila Vila,2008,9,TOTAL,14
Tarija,60303,Villa Montes,2008,9,TOTAL,83
Pando,90502,Villa Nueva (loma Alta),2008,9,TOTAL,1
Cochabamba,31402,Villa Rivero,2008,9,TOTAL,5
Chuquisaca,10801,Villa Serrano,2008,9,TOTAL,16
Cochabamba,31003,Villa Tunari,2008,9,TOTAL,105
Chuquisaca,11001,Villa Vaca Guzman (muyupampa),2008,9,TOTAL,14
Potosí,51501,Villazon,2008,9,TOTAL,71
Cochabamba,30904,Vinto,2008,9,TOTAL,17
Potosí,50602,Vitichi,2008,9,TOTAL,6
La Paz,20306,Waldo Ballivian,2008,9,TOTAL,7
Santa Cruz,70201,Warnes,2008,9,TOTAL,81
La Paz,20903,Yaco,2008,9,TOTAL,5
Tarija,60301,Yacuiba,2008,9,TOTAL,114
Chuquisaca,10602,Yamparaez,2008,9,TOTAL,17
La Paz,21103,Yanacachi,2008,9,TOTAL,2
Santa Cruz,70403,Yapacani,2008,9,TOTAL,75
Potosí,50103,Yocalla,2008,9,TOTAL,5
Chuquisaca,10102,Yotala,2008,9,TOTAL,13
Tarija,60402,Yunchara,2008,9,TOTAL,7
Chuquisaca,10301,Zudañez,2008,9,TOTAL,19
Potosí,51302,Acacio,2008,10,TOTAL,9
La Paz,20201,Achacachi,2008,10,TOTAL,61
La Paz,20104,Achocalla,2008,10,TOTAL,15
Cochabamba,30201,Aiquile,2008,10,TOTAL,44
Cochabamba,31303,Alalay,2008,10,TOTAL,9
Chuquisaca,10404,Alcala,2008,10,TOTAL,9
La Paz,20202,Ancoraimes,2008,10,TOTAL,21
Oruro,41201,Andamarca,2008,10,TOTAL,1
Cochabamba,30402,Anzaldo,2008,10,TOTAL,15
La Paz,20701,Apolo,2008,10,TOTAL,24
Potosí,51301,Arampampa,2008,10,TOTAL,8
Cochabamba,30501,Arani,2008,10,TOTAL,13
Cochabamba,30403,Arbieto,2008,10,TOTAL,16
Cochabamba,30601,Arque,2008,10,TOTAL,18
Santa Cruz,71501,Ascencion De Guarayos,2008,10,TOTAL,37
Potosí,50802,Atocha,2008,10,TOTAL,12
La Paz,20503,Aucapata,2008,10,TOTAL,2
La Paz,20502,Ayata,2008,10,TOTAL,17
La Paz,21303,Ayo Ayo,2008,10,TOTAL,2
Cochabamba,30301,Ayopaya (v. De Independencia),2008,10,TOTAL,46
Chuquisaca,10201,Azurduy,2008,10,TOTAL,20
La Paz,21203,Batallas,2008,10,TOTAL,13
Beni,80802,Baures,2008,10,TOTAL,7
Potosí,50104,Belen De Urmiri,2008,10,TOTAL,3
Pando,90104,Bella Flor,2008,10,TOTAL,2
Tarija,60202,Bermejo,2008,10,TOTAL,63
Potosí,50301,Betanzos,2008,10,TOTAL,49
Cochabamba,31501,Bolivar,2008,10,TOTAL,20
Pando,90103,Bolpebra,2008,10,TOTAL,2
Santa Cruz,70707,Boyuibe,2008,10,TOTAL,4
Santa Cruz,70401,Buena Vista,2008,10,TOTAL,8
Santa Cruz,70703,Cabezas,2008,10,TOTAL,14
La Paz,20905,Cairoma,2008,10,TOTAL,16
Potosí,51102,"Caiza ""d""",2008,10,TOTAL,16
La Paz,21003,Cajuata,2008,10,TOTAL,16
La Paz,20303,Calacoto,2008,10,TOTAL,5
La Paz,21304,Calamarca,2008,10,TOTAL,10
Chuquisaca,10701,Camargo,2008,10,TOTAL,28
Chuquisaca,10901,Camataqui (c. Villa Abecia),2008,10,TOTAL,2
Santa Cruz,70706,Camiri,2008,10,TOTAL,43
Cochabamba,30701,Capinota,2008,10,TOTAL,31
La Paz,20302,Caquiaviri,2008,10,TOTAL,4
Oruro,40102,Caracollo,2008,10,TOTAL,20
La Paz,22001,Caranavi,2008,10,TOTAL,79
Tarija,60302,Carapari,2008,10,TOTAL,16
Potosí,50702,Caripuyo,2008,10,TOTAL,23
Santa Cruz,71403,Carmen Rivero Torrez,2008,10,TOTAL,5
La Paz,21803,Chacarilla,2008,10,TOTAL,2
Oruro,40201,Challapata,2008,10,TOTAL,58
Potosí,50302,Chaqui,2008,10,TOTAL,7
Santa Cruz,70702,Charagua,2008,10,TOTAL,69
La Paz,20305,Charaña,2008,10,TOTAL,3
Potosí,50202,Chayanta,2008,10,TOTAL,17
Cochabamba,31204,Chimore,2008,10,TOTAL,7
Oruro,40903,Chipaya,2008,10,TOTAL,4
Oruro,40302,Choque Cota,2008,10,TOTAL,1
La Paz,21101,Chulumani (v. De La Libertad),2008,10,TOTAL,22
La Paz,20501,Chuma,2008,10,TOTAL,9
Cochabamba,30801,Cliza,2008,10,TOTAL,6
Pando,90101,Cobija,2008,10,TOTAL,99
Cochabamba,30101,Cochabamba,2008,10,TOTAL,475
Cochabamba,30905,Colcapirhua,2008,10,TOTAL,49
Potosí,50901,"Colcha ""k""",2008,10,TOTAL,16
La Paz,21307,Collana,2008,10,TOTAL,1
Cochabamba,31002,Colomi,2008,10,TOTAL,32
Santa Cruz,70603,Colpa Belgica,2008,10,TOTAL,6
Potosí,50401,Colquechaca,2008,10,TOTAL,57
La Paz,21306,Colquencha,2008,10,TOTAL,12
La Paz,21004,Colquiri,2008,10,TOTAL,30
La Paz,20304,Comanche,2008,10,TOTAL,6
Santa Cruz,71301,Comarapa,2008,10,TOTAL,49
La Paz,20605,Combaya,2008,10,TOTAL,6
Santa Cruz,71101,Concepcion,2008,10,TOTAL,5
La Paz,21701,Copacabana,2008,10,TOTAL,16
La Paz,21402,Coripata,2008,10,TOTAL,14
La Paz,20301,Coro Coro,2008,10,TOTAL,9
La Paz,21401,Coroico,2008,10,TOTAL,31
Oruro,40301,Corque,2008,10,TOTAL,10
Potosí,50601,Cotagaita,2008,10,TOTAL,51
Santa Cruz,70102,Cotoca,2008,10,TOTAL,50
Santa Cruz,71106,Cuatro Cañadas,2008,10,TOTAL,27
Cochabamba,31405,Cuchumuela (v. G. Villarroel),2008,10,TOTAL,2
Santa Cruz,70704,Cuevo,2008,10,TOTAL,7
Chuquisaca,10902,Culpina,2008,10,TOTAL,46
Oruro,40401,Curahuara De Carangas,2008,10,TOTAL,5
La Paz,21602,Curva,2008,10,TOTAL,3
La Paz,20804,Desaguadero,2008,10,TOTAL,7
La Paz,20105,El Alto,2008,10,TOTAL,1140
Oruro,40103,El Choro,2008,10,TOTAL,11
Santa Cruz,71503,El Puente(stc),2008,10,TOTAL,13
Tarija,60502,El Puente(tja),2008,10,TOTAL,21
Santa Cruz,70105,El Torno,2008,10,TOTAL,100
Chuquisaca,10405,El Villar,2008,10,TOTAL,3
Tarija,60601,Entre Rios,2008,10,TOTAL,23
Tarija,60601,Entre Rios,2008,10,TOTAL,20
Oruro,41101,Eucaliptus,2008,10,TOTAL,10
Pando,90503,Eureka (santos Mercado),2008,10,TOTAL,3
Beni,80402,Exaltacion,2008,10,TOTAL,3
Santa Cruz,71004,Fernandez Alonso,2008,10,TOTAL,18
Pando,90203,Filadelfia,2008,10,TOTAL,3
Santa Cruz,71002,General Saavedra,2008,10,TOTAL,12
La Paz,21601,Gral. J.j. Perez (charazani),2008,10,TOTAL,19
La Paz,20602,Guanay,2008,10,TOTAL,2
La Paz,20802,Guaqui,2008,10,TOTAL,7
Beni,80202,Guayaramerin,2008,10,TOTAL,76
Santa Cruz,70705,Gutierrez,2008,10,TOTAL,7
Chuquisaca,10502,Huacareta,2008,10,TOTAL,13
Chuquisaca,11002,Huacaya (villa De Huacaya),2008,10,TOTAL,6
Oruro,40501,Huachacalla,2008,10,TOTAL,2
Oruro,40701,Huanuni,2008,10,TOTAL,13
Beni,80803,Huaracaje,2008,10,TOTAL,2
Oruro,41601,Huayllamarca,2008,10,TOTAL,5
La Paz,21005,Ichoca,2008,10,TOTAL,4
Chuquisaca,10304,Icla,2008,10,TOTAL,16
Chuquisaca,10703,Incahuasi,2008,10,TOTAL,54
Pando,90402,Ingavi (humaita),2008,10,TOTAL,1
La Paz,21001,Inquisivi,2008,10,TOTAL,12
La Paz,21102,Irupana (villa De Lanza),2008,10,TOTAL,4
La Paz,21501,Ixiamas,2008,10,TOTAL,9
La Paz,20806,Jesus De Machaca,2008,10,TOTAL,24
La Paz,21105,La Asunta,2008,10,TOTAL,23
Santa Cruz,70104,La Guardia,2008,10,TOTAL,25
La Paz,20101,La Paz,2008,10,TOTAL,698
Santa Cruz,70701,Lagunillas,2008,10,TOTAL,6
La Paz,21202,Laja,2008,10,TOTAL,20
Chuquisaca,10903,Las Carreras,2008,10,TOTAL,4
La Paz,21006,Licoma Pampa,2008,10,TOTAL,2
Potosí,50203,Llallagua,2008,10,TOTAL,66
Potosí,51401,Llica,2008,10,TOTAL,4
Beni,80601,Loreto,2008,10,TOTAL,4
La Paz,20901,Luribay,2008,10,TOTAL,10
Oruro,40702,Machacamarca,2008,10,TOTAL,4
Chuquisaca,11003,Machareti,2008,10,TOTAL,7
Beni,80801,Magdalena,2008,10,TOTAL,15
Santa Cruz,70903,Mairana,2008,10,TOTAL,19
La Paz,20904,Malla,2008,10,TOTAL,8
La Paz,20607,Mapiri,2008,10,TOTAL,13
La Paz,20103,Mecapaca,2008,10,TOTAL,13
Santa Cruz,71003,Mineros,2008,10,TOTAL,28
Cochabamba,31301,Mizque,2008,10,TOTAL,46
La Paz,20402,Mocomoco,2008,10,TOTAL,20
Chuquisaca,10303,Mojocoya,2008,10,TOTAL,12
Chuquisaca,10501,Monteagudo,2008,10,TOTAL,42
Santa Cruz,71001,Montero,2008,10,TOTAL,93
Cochabamba,30302,Morochata,2008,10,TOTAL,31
Pando,90401,Nacebe (santa Rosa Del Abuna),2008,10,TOTAL,6
Pando,90501,Nuevo Manoa (nueva Esperanza),2008,10,TOTAL,1
Potosí,50404,Ocuri,2008,10,TOTAL,53
Santa Cruz,70202,Okinawa,2008,10,TOTAL,10
Cochabamba,30203,Omereque,2008,10,TOTAL,9
Oruro,40101,Oruro,2008,10,TOTAL,134
Tarija,60201,Padcaya,2008,10,TOTAL,16
Chuquisaca,10401,Padilla,2008,10,TOTAL,20
Santa Cruz,70502,Pailon,2008,10,TOTAL,20
La Paz,20102,Palca,2008,10,TOTAL,8
La Paz,21104,Palos Blancos,2008,10,TOTAL,33
Oruro,40802,Pampa Aullagas,2008,10,TOTAL,6
Santa Cruz,70902,Pampa Grande,2008,10,TOTAL,11
La Paz,21802,Papel Pampa,2008,10,TOTAL,4
Cochabamba,30202,Pasorapa,2008,10,TOTAL,2
La Paz,21305,Patacamaya,2008,10,TOTAL,40
Oruro,40602,Pazña,2008,10,TOTAL,7
La Paz,20702,Pelechuco,2008,10,TOTAL,5
Potosí,50403,Pocoata,2008,10,TOTAL,34
Cochabamba,31203,Pocona,2008,10,TOTAL,15
Cochabamba,31202,Pojo (cbba),2008,10,TOTAL,23
Oruro,40601,Poopo,2008,10,TOTAL,11
Potosí,51203,Porco,2008,10,TOTAL,16
Chuquisaca,10103,Poroma,2008,10,TOTAL,35
Santa Cruz,70103,Porongo,2008,10,TOTAL,8
Santa Cruz,70601,Portachuelo,2008,10,TOTAL,19
Pando,90102,Porvenir,2008,10,TOTAL,7
Santa Cruz,70804,Postrer Valle,2008,10,TOTAL,2
Potosí,50101,Potosi,2008,10,TOTAL,81
Chuquisaca,10302,Presto,2008,10,TOTAL,17
Santa Cruz,70805,Pucara,2008,10,TOTAL,1
La Paz,21201,Pucarani,2008,10,TOTAL,22
La Paz,20401,Puerto Acosta,2008,10,TOTAL,35
La Paz,20403,Puerto Carabuco,2008,10,TOTAL,13
Pando,90301,Puerto Gonzalo Moreno,2008,10,TOTAL,11
La Paz,21204,Puerto Perez,2008,10,TOTAL,10
Santa Cruz,71402,Puerto Quijarro,2008,10,TOTAL,13
Pando,90201,Puerto Rico,2008,10,TOTAL,6
Santa Cruz,71401,Puerto Suarez,2008,10,TOTAL,21
Cochabamba,31205,Puerto Villarroel,2008,10,TOTAL,76
Potosí,51101,Puna,2008,10,TOTAL,36
Cochabamba,31401,Punata,2008,10,TOTAL,24
La Paz,20604,Quiabaya,2008,10,TOTAL,6
Cochabamba,30901,Quillacollo,2008,10,TOTAL,144
La Paz,21002,Quime,2008,10,TOTAL,10
Potosí,50402,Ravelo,2008,10,TOTAL,33
Beni,80301,Reyes,2008,10,TOTAL,18
Beni,80201,Riberalta,2008,10,TOTAL,400
Santa Cruz,70503,Robore,2008,10,TOTAL,28
Beni,80304,Rurrenabaque,2008,10,TOTAL,16
Oruro,40901,Sabaya,2008,10,TOTAL,4
Cochabamba,31001,Sacaba,2008,10,TOTAL,160
Cochabamba,30404,Sacabamba,2008,10,TOTAL,3
Potosí,50701,Sacaca,2008,10,TOTAL,47
Santa Cruz,71302,Saipina,2008,10,TOTAL,3
Oruro,40801,Salinas De Garci Mendoza,2008,10,TOTAL,10
Santa Cruz,70901,Samaipata,2008,10,TOTAL,7
Potosí,51601,San Agustin,2008,10,TOTAL,3
Beni,80602,San Andres,2008,10,TOTAL,6
La Paz,20805,San Andres De Machaca,2008,10,TOTAL,3
Potosí,51003,San Antonio De Esmoruco,2008,10,TOTAL,3
Santa Cruz,71105,San Antonio De Lomerio,2008,10,TOTAL,7
Cochabamba,31403,San Benito,2008,10,TOTAL,15
Beni,80302,San Borja,2008,10,TOTAL,53
La Paz,21502,San Buena Ventura,2008,10,TOTAL,24
Santa Cruz,70402,San Carlos,2008,10,TOTAL,42
Beni,80501,San Ignacio,2008,10,TOTAL,45
Santa Cruz,70301,San Ignacio De Velasco,2008,10,TOTAL,89
Beni,80102,San Javier(bni),2008,10,TOTAL,1
Santa Cruz,71102,San Javier(stc),2008,10,TOTAL,21
Beni,80701,San Joaquin,2008,10,TOTAL,6
Santa Cruz,70501,San Jose De Chiquitos,2008,10,TOTAL,30
Santa Cruz,70404,San Juan De Yapacani,2008,10,TOTAL,4
Santa Cruz,71104,San Julian,2008,10,TOTAL,16
Pando,90302,San Lorenzo(pnd),2008,10,TOTAL,3
Tarija,60501,San Lorenzo(tja),2008,10,TOTAL,14
Chuquisaca,10702,San Lucas,2008,10,TOTAL,80
Santa Cruz,71201,San Matias,2008,10,TOTAL,11
Santa Cruz,70302,San Miguel De Velasco,2008,10,TOTAL,13
Potosí,51001,San Pablo De Lipez,2008,10,TOTAL,5
Santa Cruz,71005,San Pedro,2008,10,TOTAL,12
Potosí,50501,San Pedro De Buena Vista,2008,10,TOTAL,38
La Paz,21801,San Pedro De Curahuara,2008,10,TOTAL,5
Potosí,50902,San Pedro De Quemes,2008,10,TOTAL,1
La Paz,21702,San Pedro De Tiquina,2008,10,TOTAL,8
Pando,90202,San Pedro(pnd),2008,10,TOTAL,2
Santa Cruz,70303,San Rafael,2008,10,TOTAL,5
Beni,80702,San Ramon,2008,10,TOTAL,18
Beni,80702,San Ramon,2008,10,TOTAL,4
Beni,80401,Santa Ana,2008,10,TOTAL,21
Santa Cruz,70101,Santa Cruz De La Sierra,2008,10,TOTAL,298
Beni,80303,Santa Rosa,2008,10,TOTAL,26
Santa Cruz,70602,Santa Rosa Del Sara,2008,10,TOTAL,25
La Paz,20308,Santiago De Callapa,2008,10,TOTAL,7
Oruro,41401,Santiago De Huari,2008,10,TOTAL,11
La Paz,21901,Santiago De Machaca,2008,10,TOTAL,4
Cochabamba,30702,Santivañes,2008,10,TOTAL,7
Oruro,40202,Santuario De Quillacas,2008,10,TOTAL,6
La Paz,20902,Sapahaqui,2008,10,TOTAL,4
Pando,90303,Sena,2008,10,TOTAL,7
La Paz,21301,Sica Sica (villa Aroma),2008,10,TOTAL,16
Cochabamba,30703,Sicaya,2008,10,TOTAL,5
Cochabamba,30902,Sipe Sipe,2008,10,TOTAL,23
Chuquisaca,10403,Sopachuy,2008,10,TOTAL,5
Oruro,40104,Soracachi,2008,10,TOTAL,9
La Paz,20601,Sorata,2008,10,TOTAL,18
Chuquisaca,10101,Sucre,2008,10,TOTAL,437
La Paz,20603,Tacacoma,2008,10,TOTAL,9
Potosí,50303,Tacobamba,2008,10,TOTAL,9
Cochabamba,30602,Tacopaya,2008,10,TOTAL,22
Cochabamba,31101,Tapacari,2008,10,TOTAL,40
Chuquisaca,10601,Tarabuco,2008,10,TOTAL,28
La Paz,20807,Taraco,2008,10,TOTAL,4
Cochabamba,30401,Tarata,2008,10,TOTAL,11
Tarija,60101,Tarija,2008,10,TOTAL,28
Chuquisaca,10202,Tarvita,2008,10,TOTAL,26
La Paz,20608,Teoponte,2008,10,TOTAL,7
La Paz,20803,Tiawanacu,2008,10,TOTAL,18
Potosí,50102,Tinguipaya,2008,10,TOTAL,121
La Paz,20606,Tipuani,2008,10,TOTAL,13
Cochabamba,30903,Tiquipaya,2008,10,TOTAL,130
Cochabamba,31601,Tiraque (cbba),2008,10,TOTAL,58
La Paz,21703,Tito Yupanqui (parquipujio),2008,10,TOTAL,1
Cochabamba,30802,Toco,2008,10,TOTAL,5
Cochabamba,30803,Tolata,2008,10,TOTAL,8
Oruro,41001,Toledo,2008,10,TOTAL,6
Potosí,51202,Tomave,2008,10,TOTAL,18
Chuquisaca,10402,Tomina,2008,10,TOTAL,19
Potosí,50502,Toro Toro,2008,10,TOTAL,18
Cochabamba,31201,Totora(cbba),2008,10,TOTAL,25
Oruro,41301,Totora(orr),2008,10,TOTAL,6
Santa Cruz,70802,Trigal,2008,10,TOTAL,2
Beni,80101,Trinidad,2008,10,TOTAL,43
Potosí,50801,Tupiza,2008,10,TOTAL,69
Oruro,40402,Turco,2008,10,TOTAL,8
La Paz,21302,Umala,2008,10,TOTAL,9
Potosí,50201,Uncia,2008,10,TOTAL,39
Tarija,60401,Uriondo (a. Concepcion),2008,10,TOTAL,12
Santa Cruz,71502,Urubicha,2008,10,TOTAL,11
Potosí,51201,Uyuni,2008,10,TOTAL,7
Cochabamba,30502,Vacas,2008,10,TOTAL,17
Santa Cruz,70801,Vallegrande,2008,10,TOTAL,25
La Paz,20801,Viacha,2008,10,TOTAL,36
Cochabamba,31302,Vila Vila,2008,10,TOTAL,11
Tarija,60303,Villa Montes,2008,10,TOTAL,83
Pando,90502,Villa Nueva (loma Alta),2008,10,TOTAL,2
Cochabamba,31402,Villa Rivero,2008,10,TOTAL,7
Chuquisaca,10801,Villa Serrano,2008,10,TOTAL,21
Cochabamba,31003,Villa Tunari,2008,10,TOTAL,101
Chuquisaca,11001,Villa Vaca Guzman (muyupampa),2008,10,TOTAL,11
Potosí,51501,Villazon,2008,10,TOTAL,64
Cochabamba,30904,Vinto,2008,10,TOTAL,28
Potosí,50602,Vitichi,2008,10,TOTAL,3
La Paz,20306,Waldo Ballivian,2008,10,TOTAL,2
Santa Cruz,70201,Warnes,2008,10,TOTAL,91
La Paz,20903,Yaco,2008,10,TOTAL,9
Tarija,60301,Yacuiba,2008,10,TOTAL,97
Chuquisaca,10602,Yamparaez,2008,10,TOTAL,11
La Paz,21103,Yanacachi,2008,10,TOTAL,2
Santa Cruz,70403,Yapacani,2008,10,TOTAL,64
Potosí,50103,Yocalla,2008,10,TOTAL,3
Chuquisaca,10102,Yotala,2008,10,TOTAL,12
Tarija,60402,Yunchara,2008,10,TOTAL,10
Chuquisaca,10301,Zudañez,2008,10,TOTAL,25
Potosí,51302,Acacio,2008,11,TOTAL,17
La Paz,20201,Achacachi,2008,11,TOTAL,62
La Paz,20104,Achocalla,2008,11,TOTAL,7
Cochabamba,30201,Aiquile,2008,11,TOTAL,41
Cochabamba,31303,Alalay,2008,11,TOTAL,3
Chuquisaca,10404,Alcala,2008,11,TOTAL,2
La Paz,20202,Ancoraimes,2008,11,TOTAL,26
Oruro,41201,Andamarca,2008,11,TOTAL,4
Oruro,40603,Antequera,2008,11,TOTAL,2
Cochabamba,30402,Anzaldo,2008,11,TOTAL,9
La Paz,20701,Apolo,2008,11,TOTAL,27
Potosí,51301,Arampampa,2008,11,TOTAL,7
Cochabamba,30501,Arani,2008,11,TOTAL,22
Cochabamba,30403,Arbieto,2008,11,TOTAL,16
Cochabamba,30601,Arque,2008,11,TOTAL,22
Santa Cruz,71501,Ascencion De Guarayos,2008,11,TOTAL,27
Potosí,50802,Atocha,2008,11,TOTAL,6
La Paz,20503,Aucapata,2008,11,TOTAL,2
La Paz,20502,Ayata,2008,11,TOTAL,7
La Paz,21303,Ayo Ayo,2008,11,TOTAL,16
Cochabamba,30301,Ayopaya (v. De Independencia),2008,11,TOTAL,29
Chuquisaca,10201,Azurduy,2008,11,TOTAL,24
La Paz,21203,Batallas,2008,11,TOTAL,24
Beni,80802,Baures,2008,11,TOTAL,5
Oruro,41202,Belen De Andamarca,2008,11,TOTAL,1
Potosí,50104,Belen De Urmiri,2008,11,TOTAL,2
Tarija,60202,Bermejo,2008,11,TOTAL,62
Potosí,50301,Betanzos,2008,11,TOTAL,47
Cochabamba,31501,Bolivar,2008,11,TOTAL,9
Santa Cruz,70707,Boyuibe,2008,11,TOTAL,5
Santa Cruz,70401,Buena Vista,2008,11,TOTAL,10
Santa Cruz,70703,Cabezas,2008,11,TOTAL,14
La Paz,20905,Cairoma,2008,11,TOTAL,10
Potosí,51102,"Caiza ""d""",2008,11,TOTAL,11
La Paz,21003,Cajuata,2008,11,TOTAL,14
La Paz,20303,Calacoto,2008,11,TOTAL,6
La Paz,21304,Calamarca,2008,11,TOTAL,12
Chuquisaca,10701,Camargo,2008,11,TOTAL,20
Santa Cruz,70706,Camiri,2008,11,TOTAL,78
Cochabamba,30701,Capinota,2008,11,TOTAL,30
La Paz,20302,Caquiaviri,2008,11,TOTAL,8
Oruro,40102,Caracollo,2008,11,TOTAL,19
La Paz,22001,Caranavi,2008,11,TOTAL,128
Tarija,60302,Carapari,2008,11,TOTAL,21
Potosí,50702,Caripuyo,2008,11,TOTAL,15
Santa Cruz,71403,Carmen Rivero Torrez,2008,11,TOTAL,8
La Paz,21902,Catacora,2008,11,TOTAL,2
La Paz,21803,Chacarilla,2008,11,TOTAL,2
Oruro,40201,Challapata,2008,11,TOTAL,46
Potosí,50302,Chaqui,2008,11,TOTAL,9
Santa Cruz,70702,Charagua,2008,11,TOTAL,59
La Paz,20305,Charaña,2008,11,TOTAL,3
Potosí,50202,Chayanta,2008,11,TOTAL,20
Cochabamba,31204,Chimore,2008,11,TOTAL,9
Oruro,40903,Chipaya,2008,11,TOTAL,3
La Paz,21101,Chulumani (v. De La Libertad),2008,11,TOTAL,29
La Paz,20501,Chuma,2008,11,TOTAL,11
Cochabamba,30801,Cliza,2008,11,TOTAL,18
Pando,90101,Cobija,2008,11,TOTAL,139
Cochabamba,30101,Cochabamba,2008,11,TOTAL,404
Oruro,40902,Coipasa,2008,11,TOTAL,2
Cochabamba,30905,Colcapirhua,2008,11,TOTAL,45
Potosí,50901,"Colcha ""k""",2008,11,TOTAL,16
La Paz,21307,Collana,2008,11,TOTAL,3
Cochabamba,31002,Colomi,2008,11,TOTAL,23
Santa Cruz,70603,Colpa Belgica,2008,11,TOTAL,7
Potosí,50401,Colquechaca,2008,11,TOTAL,55
La Paz,21306,Colquencha,2008,11,TOTAL,9
La Paz,21004,Colquiri,2008,11,TOTAL,19
La Paz,20304,Comanche,2008,11,TOTAL,6
Santa Cruz,71301,Comarapa,2008,11,TOTAL,32
La Paz,20605,Combaya,2008,11,TOTAL,5
Santa Cruz,71101,Concepcion,2008,11,TOTAL,1
La Paz,21701,Copacabana,2008,11,TOTAL,21
La Paz,21402,Coripata,2008,11,TOTAL,20
La Paz,20301,Coro Coro,2008,11,TOTAL,10
La Paz,21401,Coroico,2008,11,TOTAL,24
Oruro,40301,Corque,2008,11,TOTAL,10
Potosí,50601,Cotagaita,2008,11,TOTAL,24
Santa Cruz,70102,Cotoca,2008,11,TOTAL,46
Santa Cruz,71106,Cuatro Cañadas,2008,11,TOTAL,19
Santa Cruz,70704,Cuevo,2008,11,TOTAL,7
Chuquisaca,10902,Culpina,2008,11,TOTAL,24
Oruro,40401,Curahuara De Carangas,2008,11,TOTAL,9
La Paz,21602,Curva,2008,11,TOTAL,3
La Paz,20804,Desaguadero,2008,11,TOTAL,4
La Paz,20105,El Alto,2008,11,TOTAL,1182
Oruro,40103,El Choro,2008,11,TOTAL,5
Santa Cruz,71503,El Puente(stc),2008,11,TOTAL,11
Tarija,60502,El Puente(tja),2008,11,TOTAL,15
Santa Cruz,70105,El Torno,2008,11,TOTAL,75
Chuquisaca,10405,El Villar,2008,11,TOTAL,3
Tarija,60601,Entre Rios,2008,11,TOTAL,24
Tarija,60601,Entre Rios,2008,11,TOTAL,20
Oruro,40502,Escara,2008,11,TOTAL,1
Oruro,41101,Eucaliptus,2008,11,TOTAL,7
Pando,90503,Eureka (santos Mercado),2008,11,TOTAL,1
Beni,80402,Exaltacion,2008,11,TOTAL,3
Santa Cruz,71004,Fernandez Alonso,2008,11,TOTAL,11
Pando,90203,Filadelfia,2008,11,TOTAL,2
Santa Cruz,71002,General Saavedra,2008,11,TOTAL,8
La Paz,21601,Gral. J.j. Perez (charazani),2008,11,TOTAL,11
La Paz,20602,Guanay,2008,11,TOTAL,1
La Paz,20802,Guaqui,2008,11,TOTAL,7
Beni,80202,Guayaramerin,2008,11,TOTAL,58
Santa Cruz,70705,Gutierrez,2008,11,TOTAL,6
Chuquisaca,10502,Huacareta,2008,11,TOTAL,13
Chuquisaca,11002,Huacaya (villa De Huacaya),2008,11,TOTAL,5
Oruro,40501,Huachacalla,2008,11,TOTAL,2
Oruro,40701,Huanuni,2008,11,TOTAL,13
Beni,80803,Huaracaje,2008,11,TOTAL,3
Oruro,41601,Huayllamarca,2008,11,TOTAL,6
La Paz,21005,Ichoca,2008,11,TOTAL,5
Chuquisaca,10304,Icla,2008,11,TOTAL,19
Chuquisaca,10703,Incahuasi,2008,11,TOTAL,60
Pando,90402,Ingavi (humaita),2008,11,TOTAL,1
La Paz,21001,Inquisivi,2008,11,TOTAL,13
La Paz,21102,Irupana (villa De Lanza),2008,11,TOTAL,17
La Paz,21501,Ixiamas,2008,11,TOTAL,7
La Paz,20806,Jesus De Machaca,2008,11,TOTAL,18
La Paz,21105,La Asunta,2008,11,TOTAL,23
Santa Cruz,70104,La Guardia,2008,11,TOTAL,16
La Paz,20101,La Paz,2008,11,TOTAL,614
Santa Cruz,70701,Lagunillas,2008,11,TOTAL,5
La Paz,21202,Laja,2008,11,TOTAL,22
Chuquisaca,10903,Las Carreras,2008,11,TOTAL,4
La Paz,21006,Licoma Pampa,2008,11,TOTAL,1
Potosí,50203,Llallagua,2008,11,TOTAL,61
Potosí,51401,Llica,2008,11,TOTAL,4
Beni,80601,Loreto,2008,11,TOTAL,7
La Paz,20901,Luribay,2008,11,TOTAL,7
Oruro,40702,Machacamarca,2008,11,TOTAL,6
Chuquisaca,11003,Machareti,2008,11,TOTAL,3
Beni,80801,Magdalena,2008,11,TOTAL,16
Santa Cruz,70903,Mairana,2008,11,TOTAL,6
La Paz,20904,Malla,2008,11,TOTAL,2
La Paz,20607,Mapiri,2008,11,TOTAL,24
La Paz,20103,Mecapaca,2008,11,TOTAL,12
Santa Cruz,71003,Mineros,2008,11,TOTAL,13
Cochabamba,31301,Mizque,2008,11,TOTAL,36
La Paz,20402,Mocomoco,2008,11,TOTAL,14
Potosí,51002,Mojinete,2008,11,TOTAL,1
Chuquisaca,10303,Mojocoya,2008,11,TOTAL,20
Chuquisaca,10501,Monteagudo,2008,11,TOTAL,38
Santa Cruz,71001,Montero,2008,11,TOTAL,69
Cochabamba,30302,Morochata,2008,11,TOTAL,39
Pando,90401,Nacebe (santa Rosa Del Abuna),2008,11,TOTAL,6
Pando,90501,Nuevo Manoa (nueva Esperanza),2008,11,TOTAL,1
Potosí,50404,Ocuri,2008,11,TOTAL,44
Santa Cruz,70202,Okinawa,2008,11,TOTAL,24
Cochabamba,30203,Omereque,2008,11,TOTAL,5
Oruro,40101,Oruro,2008,11,TOTAL,114
Tarija,60201,Padcaya,2008,11,TOTAL,17
Chuquisaca,10401,Padilla,2008,11,TOTAL,25
Santa Cruz,70502,Pailon,2008,11,TOTAL,9
La Paz,20102,Palca,2008,11,TOTAL,6
La Paz,21104,Palos Blancos,2008,11,TOTAL,26
Oruro,40802,Pampa Aullagas,2008,11,TOTAL,5
Santa Cruz,70902,Pampa Grande,2008,11,TOTAL,8
La Paz,21802,Papel Pampa,2008,11,TOTAL,5
Cochabamba,30202,Pasorapa,2008,11,TOTAL,3
La Paz,21305,Patacamaya,2008,11,TOTAL,30
Oruro,40602,Pazña,2008,11,TOTAL,5
La Paz,20702,Pelechuco,2008,11,TOTAL,5
Potosí,50403,Pocoata,2008,11,TOTAL,45
Cochabamba,31203,Pocona,2008,11,TOTAL,13
Cochabamba,31202,Pojo (cbba),2008,11,TOTAL,22
Oruro,40601,Poopo,2008,11,TOTAL,11
Potosí,51203,Porco,2008,11,TOTAL,8
Chuquisaca,10103,Poroma,2008,11,TOTAL,31
Santa Cruz,70103,Porongo,2008,11,TOTAL,7
Santa Cruz,70601,Portachuelo,2008,11,TOTAL,28
Santa Cruz,70804,Postrer Valle,2008,11,TOTAL,1
Potosí,50101,Potosi,2008,11,TOTAL,257
Chuquisaca,10302,Presto,2008,11,TOTAL,21
La Paz,21201,Pucarani,2008,11,TOTAL,37
La Paz,20401,Puerto Acosta,2008,11,TOTAL,17
La Paz,20403,Puerto Carabuco,2008,11,TOTAL,26
Pando,90301,Puerto Gonzalo Moreno,2008,11,TOTAL,3
La Paz,21204,Puerto Perez,2008,11,TOTAL,3
Santa Cruz,71402,Puerto Quijarro,2008,11,TOTAL,6
Pando,90201,Puerto Rico,2008,11,TOTAL,5
Beni,80703,Puerto Siles,2008,11,TOTAL,1
Santa Cruz,71401,Puerto Suarez,2008,11,TOTAL,31
Cochabamba,31205,Puerto Villarroel,2008,11,TOTAL,102
Potosí,51101,Puna,2008,11,TOTAL,51
Cochabamba,31401,Punata,2008,11,TOTAL,14
Cochabamba,30901,Quillacollo,2008,11,TOTAL,102
La Paz,21002,Quime,2008,11,TOTAL,9
Potosí,50402,Ravelo,2008,11,TOTAL,32
Beni,80301,Reyes,2008,11,TOTAL,19
Beni,80201,Riberalta,2008,11,TOTAL,374
Santa Cruz,70503,Robore,2008,11,TOTAL,26
Beni,80304,Rurrenabaque,2008,11,TOTAL,18
Oruro,40901,Sabaya,2008,11,TOTAL,3
Cochabamba,31001,Sacaba,2008,11,TOTAL,139
Cochabamba,30404,Sacabamba,2008,11,TOTAL,2
Potosí,50701,Sacaca,2008,11,TOTAL,53
Santa Cruz,71302,Saipina,2008,11,TOTAL,3
Oruro,40801,Salinas De Garci Mendoza,2008,11,TOTAL,11
Santa Cruz,70901,Samaipata,2008,11,TOTAL,2
Potosí,51601,San Agustin,2008,11,TOTAL,2
Beni,80602,San Andres,2008,11,TOTAL,11
La Paz,20805,San Andres De Machaca,2008,11,TOTAL,5
Potosí,51003,San Antonio De Esmoruco,2008,11,TOTAL,5
Santa Cruz,71105,San Antonio De Lomerio,2008,11,TOTAL,7
Cochabamba,31403,San Benito,2008,11,TOTAL,10
Beni,80302,San Borja,2008,11,TOTAL,66
La Paz,21502,San Buena Ventura,2008,11,TOTAL,21
Santa Cruz,70402,San Carlos,2008,11,TOTAL,37
Beni,80501,San Ignacio,2008,11,TOTAL,51
Santa Cruz,70301,San Ignacio De Velasco,2008,11,TOTAL,109
Beni,80102,San Javier(bni),2008,11,TOTAL,4
Santa Cruz,71102,San Javier(stc),2008,11,TOTAL,17
Beni,80701,San Joaquin,2008,11,TOTAL,6
Santa Cruz,70501,San Jose De Chiquitos,2008,11,TOTAL,38
Santa Cruz,70404,San Juan De Yapacani,2008,11,TOTAL,10
Santa Cruz,71104,San Julian,2008,11,TOTAL,22
Pando,90302,San Lorenzo(pnd),2008,11,TOTAL,7
Tarija,60501,San Lorenzo(tja),2008,11,TOTAL,34
Chuquisaca,10702,San Lucas,2008,11,TOTAL,61
Santa Cruz,71201,San Matias,2008,11,TOTAL,12
Santa Cruz,70302,San Miguel De Velasco,2008,11,TOTAL,14
Potosí,51001,San Pablo De Lipez,2008,11,TOTAL,10
Santa Cruz,71005,San Pedro,2008,11,TOTAL,12
Potosí,50501,San Pedro De Buena Vista,2008,11,TOTAL,42
La Paz,21801,San Pedro De Curahuara,2008,11,TOTAL,10
Potosí,50902,San Pedro De Quemes,2008,11,TOTAL,1
Pando,90202,San Pedro(pnd),2008,11,TOTAL,8
Santa Cruz,70303,San Rafael,2008,11,TOTAL,5
Beni,80702,San Ramon,2008,11,TOTAL,30
Beni,80702,San Ramon,2008,11,TOTAL,8
Beni,80401,Santa Ana,2008,11,TOTAL,8
Santa Cruz,70101,Santa Cruz De La Sierra,2008,11,TOTAL,936
Beni,80303,Santa Rosa,2008,11,TOTAL,21
Santa Cruz,70602,Santa Rosa Del Sara,2008,11,TOTAL,15
La Paz,20308,Santiago De Callapa,2008,11,TOTAL,10
Oruro,41401,Santiago De Huari,2008,11,TOTAL,7
La Paz,21901,Santiago De Machaca,2008,11,TOTAL,3
Cochabamba,30702,Santivañes,2008,11,TOTAL,6
Oruro,40202,Santuario De Quillacas,2008,11,TOTAL,8
La Paz,20902,Sapahaqui,2008,11,TOTAL,10
Pando,90303,Sena,2008,11,TOTAL,5
La Paz,21301,Sica Sica (villa Aroma),2008,11,TOTAL,20
Cochabamba,30703,Sicaya,2008,11,TOTAL,2
Cochabamba,30902,Sipe Sipe,2008,11,TOTAL,21
Chuquisaca,10403,Sopachuy,2008,11,TOTAL,11
Oruro,40104,Soracachi,2008,11,TOTAL,15
La Paz,20601,Sorata,2008,11,TOTAL,16
Chuquisaca,10101,Sucre,2008,11,TOTAL,340
Cochabamba,31404,Tacachi,2008,11,TOTAL,2
La Paz,20603,Tacacoma,2008,11,TOTAL,4
Potosí,50303,Tacobamba,2008,11,TOTAL,11
Cochabamba,30602,Tacopaya,2008,11,TOTAL,14
Potosí,51402,Tahua,2008,11,TOTAL,2
Cochabamba,31101,Tapacari,2008,11,TOTAL,46
Chuquisaca,10601,Tarabuco,2008,11,TOTAL,51
La Paz,20807,Taraco,2008,11,TOTAL,5
Cochabamba,30401,Tarata,2008,11,TOTAL,5
Tarija,60101,Tarija,2008,11,TOTAL,227
Chuquisaca,10202,Tarvita,2008,11,TOTAL,30
La Paz,20608,Teoponte,2008,11,TOTAL,11
La Paz,20803,Tiawanacu,2008,11,TOTAL,14
Potosí,50102,Tinguipaya,2008,11,TOTAL,48
La Paz,20606,Tipuani,2008,11,TOTAL,12
Cochabamba,30903,Tiquipaya,2008,11,TOTAL,74
Cochabamba,31601,Tiraque (cbba),2008,11,TOTAL,55
La Paz,21703,Tito Yupanqui (parquipujio),2008,11,TOTAL,2
Cochabamba,30802,Toco,2008,11,TOTAL,6
Oruro,41502,Todos Santos,2008,11,TOTAL,1
Cochabamba,30803,Tolata,2008,11,TOTAL,4
Oruro,41001,Toledo,2008,11,TOTAL,3
Potosí,51202,Tomave,2008,11,TOTAL,14
Chuquisaca,10402,Tomina,2008,11,TOTAL,23
Potosí,50502,Toro Toro,2008,11,TOTAL,11
Cochabamba,31201,Totora(cbba),2008,11,TOTAL,25
Oruro,41301,Totora(orr),2008,11,TOTAL,6
Santa Cruz,70802,Trigal,2008,11,TOTAL,1
Beni,80101,Trinidad,2008,11,TOTAL,46
Potosí,50801,Tupiza,2008,11,TOTAL,77
Oruro,40402,Turco,2008,11,TOTAL,2
La Paz,21302,Umala,2008,11,TOTAL,15
Potosí,50201,Uncia,2008,11,TOTAL,37
Tarija,60401,Uriondo (a. Concepcion),2008,11,TOTAL,11
Santa Cruz,71502,Urubicha,2008,11,TOTAL,7
Potosí,51201,Uyuni,2008,11,TOTAL,5
Cochabamba,30502,Vacas,2008,11,TOTAL,10
Santa Cruz,70801,Vallegrande,2008,11,TOTAL,25
La Paz,20801,Viacha,2008,11,TOTAL,118
Cochabamba,31302,Vila Vila,2008,11,TOTAL,8
Tarija,60303,Villa Montes,2008,11,TOTAL,61
Pando,90502,Villa Nueva (loma Alta),2008,11,TOTAL,5
Cochabamba,31402,Villa Rivero,2008,11,TOTAL,2
Chuquisaca,10801,Villa Serrano,2008,11,TOTAL,15
Cochabamba,31003,Villa Tunari,2008,11,TOTAL,138
Chuquisaca,11001,Villa Vaca Guzman (muyupampa),2008,11,TOTAL,12
Potosí,51501,Villazon,2008,11,TOTAL,59
Cochabamba,30904,Vinto,2008,11,TOTAL,43
Potosí,50602,Vitichi,2008,11,TOTAL,7
La Paz,20306,Waldo Ballivian,2008,11,TOTAL,2
Santa Cruz,70201,Warnes,2008,11,TOTAL,78
La Paz,20903,Yaco,2008,11,TOTAL,11
Tarija,60301,Yacuiba,2008,11,TOTAL,116
Chuquisaca,10602,Yamparaez,2008,11,TOTAL,11
La Paz,21103,Yanacachi,2008,11,TOTAL,4
Santa Cruz,70403,Yapacani,2008,11,TOTAL,75
Potosí,50103,Yocalla,2008,11,TOTAL,7
Chuquisaca,10102,Yotala,2008,11,TOTAL,12
Tarija,60402,Yunchara,2008,11,TOTAL,4
Chuquisaca,10301,Zudañez,2008,11,TOTAL,18
Potosí,51302,Acacio,2008,12,TOTAL,5
La Paz,20201,Achacachi,2008,12,TOTAL,66
La Paz,20104,Achocalla,2008,12,TOTAL,6
Cochabamba,30201,Aiquile,2008,12,TOTAL,54
Cochabamba,31303,Alalay,2008,12,TOTAL,4
Chuquisaca,10404,Alcala,2008,12,TOTAL,1
La Paz,20202,Ancoraimes,2008,12,TOTAL,16
Oruro,41201,Andamarca,2008,12,TOTAL,2
Oruro,40603,Antequera,2008,12,TOTAL,1
Cochabamba,30402,Anzaldo,2008,12,TOTAL,7
La Paz,20701,Apolo,2008,12,TOTAL,16
Potosí,51301,Arampampa,2008,12,TOTAL,7
Cochabamba,30501,Arani,2008,12,TOTAL,5
Cochabamba,30403,Arbieto,2008,12,TOTAL,6
Cochabamba,30601,Arque,2008,12,TOTAL,13
Santa Cruz,71501,Ascencion De Guarayos,2008,12,TOTAL,24
Potosí,50802,Atocha,2008,12,TOTAL,7
La Paz,20503,Aucapata,2008,12,TOTAL,1
La Paz,20502,Ayata,2008,12,TOTAL,11
La Paz,21303,Ayo Ayo,2008,12,TOTAL,9
Cochabamba,30301,Ayopaya (v. De Independencia),2008,12,TOTAL,32
Chuquisaca,10201,Azurduy,2008,12,TOTAL,19
La Paz,21203,Batallas,2008,12,TOTAL,17
Beni,80802,Baures,2008,12,TOTAL,6
Potosí,50104,Belen De Urmiri,2008,12,TOTAL,1
Tarija,60202,Bermejo,2008,12,TOTAL,41
Potosí,50301,Betanzos,2008,12,TOTAL,36
Cochabamba,31501,Bolivar,2008,12,TOTAL,13
Santa Cruz,70707,Boyuibe,2008,12,TOTAL,1
Santa Cruz,70401,Buena Vista,2008,12,TOTAL,5
Santa Cruz,70703,Cabezas,2008,12,TOTAL,21
La Paz,20905,Cairoma,2008,12,TOTAL,6
Potosí,51102,"Caiza ""d""",2008,12,TOTAL,9
La Paz,21003,Cajuata,2008,12,TOTAL,13
La Paz,20303,Calacoto,2008,12,TOTAL,4
La Paz,21304,Calamarca,2008,12,TOTAL,11
Chuquisaca,10701,Camargo,2008,12,TOTAL,32
Chuquisaca,10901,Camataqui (c. Villa Abecia),2008,12,TOTAL,4
Santa Cruz,70706,Camiri,2008,12,TOTAL,78
Cochabamba,30701,Capinota,2008,12,TOTAL,23
La Paz,20302,Caquiaviri,2008,12,TOTAL,9
Oruro,40102,Caracollo,2008,12,TOTAL,38
La Paz,22001,Caranavi,2008,12,TOTAL,103
Oruro,41503,Carangas,2008,12,TOTAL,1
Tarija,60302,Carapari,2008,12,TOTAL,9
Potosí,50702,Caripuyo,2008,12,TOTAL,18
Santa Cruz,71403,Carmen Rivero Torrez,2008,12,TOTAL,5
Oruro,40201,Challapata,2008,12,TOTAL,50
Potosí,50302,Chaqui,2008,12,TOTAL,6
Santa Cruz,70702,Charagua,2008,12,TOTAL,43
La Paz,20305,Charaña,2008,12,TOTAL,4
Potosí,50202,Chayanta,2008,12,TOTAL,15
Cochabamba,31204,Chimore,2008,12,TOTAL,11
Oruro,40903,Chipaya,2008,12,TOTAL,1
Oruro,40302,Choque Cota,2008,12,TOTAL,2
La Paz,21101,Chulumani (v. De La Libertad),2008,12,TOTAL,24
La Paz,20501,Chuma,2008,12,TOTAL,3
Cochabamba,30801,Cliza,2008,12,TOTAL,10
Pando,90101,Cobija,2008,12,TOTAL,116
Cochabamba,30101,Cochabamba,2008,12,TOTAL,320
Oruro,40902,Coipasa,2008,12,TOTAL,1
Cochabamba,30905,Colcapirhua,2008,12,TOTAL,39
Potosí,50901,"Colcha ""k""",2008,12,TOTAL,9
La Paz,21307,Collana,2008,12,TOTAL,4
Cochabamba,31002,Colomi,2008,12,TOTAL,27
Santa Cruz,70603,Colpa Belgica,2008,12,TOTAL,9
Potosí,50401,Colquechaca,2008,12,TOTAL,73
La Paz,21306,Colquencha,2008,12,TOTAL,5
La Paz,21004,Colquiri,2008,12,TOTAL,24
La Paz,20304,Comanche,2008,12,TOTAL,3
Santa Cruz,71301,Comarapa,2008,12,TOTAL,30
La Paz,20605,Combaya,2008,12,TOTAL,2
La Paz,21701,Copacabana,2008,12,TOTAL,11
La Paz,21402,Coripata,2008,12,TOTAL,17
La Paz,20301,Coro Coro,2008,12,TOTAL,7
La Paz,21401,Coroico,2008,12,TOTAL,26
Oruro,40301,Corque,2008,12,TOTAL,4
Potosí,50601,Cotagaita,2008,12,TOTAL,25
Santa Cruz,70102,Cotoca,2008,12,TOTAL,32
Santa Cruz,71106,Cuatro Cañadas,2008,12,TOTAL,26
Cochabamba,31405,Cuchumuela (v. G. Villarroel),2008,12,TOTAL,3
Santa Cruz,70704,Cuevo,2008,12,TOTAL,4
Chuquisaca,10902,Culpina,2008,12,TOTAL,33
Oruro,40401,Curahuara De Carangas,2008,12,TOTAL,10
La Paz,21602,Curva,2008,12,TOTAL,1
La Paz,20804,Desaguadero,2008,12,TOTAL,7
La Paz,20105,El Alto,2008,12,TOTAL,1073
Oruro,40103,El Choro,2008,12,TOTAL,6
Santa Cruz,71503,El Puente(stc),2008,12,TOTAL,11
Tarija,60502,El Puente(tja),2008,12,TOTAL,11
Santa Cruz,70105,El Torno,2008,12,TOTAL,36
Chuquisaca,10405,El Villar,2008,12,TOTAL,5
Tarija,60601,Entre Rios,2008,12,TOTAL,21
Tarija,60601,Entre Rios,2008,12,TOTAL,18
Oruro,40505,Esmeralda,2008,12,TOTAL,1
Oruro,41101,Eucaliptus,2008,12,TOTAL,4
Pando,90503,Eureka (santos Mercado),2008,12,TOTAL,1
Beni,80402,Exaltacion,2008,12,TOTAL,1
Santa Cruz,71004,Fernandez Alonso,2008,12,TOTAL,12
Pando,90203,Filadelfia,2008,12,TOTAL,3
Santa Cruz,71002,General Saavedra,2008,12,TOTAL,14
La Paz,21601,Gral. J.j. Perez (charazani),2008,12,TOTAL,8
La Paz,20802,Guaqui,2008,12,TOTAL,1
Beni,80202,Guayaramerin,2008,12,TOTAL,73
Santa Cruz,70705,Gutierrez,2008,12,TOTAL,13
Chuquisaca,10502,Huacareta,2008,12,TOTAL,24
Chuquisaca,11002,Huacaya (villa De Huacaya),2008,12,TOTAL,2
Oruro,40501,Huachacalla,2008,12,TOTAL,1
Oruro,40701,Huanuni,2008,12,TOTAL,17
Beni,80803,Huaracaje,2008,12,TOTAL,6
Oruro,41601,Huayllamarca,2008,12,TOTAL,4
La Paz,21005,Ichoca,2008,12,TOTAL,2
Chuquisaca,10304,Icla,2008,12,TOTAL,12
Chuquisaca,10703,Incahuasi,2008,12,TOTAL,56
Pando,90402,Ingavi (humaita),2008,12,TOTAL,1
La Paz,21001,Inquisivi,2008,12,TOTAL,10
La Paz,21102,Irupana (villa De Lanza),2008,12,TOTAL,11
La Paz,21501,Ixiamas,2008,12,TOTAL,6
La Paz,20806,Jesus De Machaca,2008,12,TOTAL,19
La Paz,21105,La Asunta,2008,12,TOTAL,23
Santa Cruz,70104,La Guardia,2008,12,TOTAL,20
La Paz,20101,La Paz,2008,12,TOTAL,608
Santa Cruz,70701,Lagunillas,2008,12,TOTAL,8
La Paz,21202,Laja,2008,12,TOTAL,14
Chuquisaca,10903,Las Carreras,2008,12,TOTAL,3
La Paz,21006,Licoma Pampa,2008,12,TOTAL,1
Potosí,50203,Llallagua,2008,12,TOTAL,64
Potosí,51401,Llica,2008,12,TOTAL,8
Beni,80601,Loreto,2008,12,TOTAL,2
La Paz,20901,Luribay,2008,12,TOTAL,5
Oruro,40702,Machacamarca,2008,12,TOTAL,3
Chuquisaca,11003,Machareti,2008,12,TOTAL,5
Beni,80801,Magdalena,2008,12,TOTAL,13
Santa Cruz,70903,Mairana,2008,12,TOTAL,24
La Paz,20904,Malla,2008,12,TOTAL,4
La Paz,20607,Mapiri,2008,12,TOTAL,19
La Paz,20103,Mecapaca,2008,12,TOTAL,11
Santa Cruz,71003,Mineros,2008,12,TOTAL,8
Cochabamba,31301,Mizque,2008,12,TOTAL,33
La Paz,20402,Mocomoco,2008,12,TOTAL,11
Potosí,51002,Mojinete,2008,12,TOTAL,2
Chuquisaca,10303,Mojocoya,2008,12,TOTAL,9
Chuquisaca,10501,Monteagudo,2008,12,TOTAL,32
Santa Cruz,71001,Montero,2008,12,TOTAL,76
Santa Cruz,70803,Moro Moro,2008,12,TOTAL,2
Cochabamba,30302,Morochata,2008,12,TOTAL,26
La Paz,20307,Nazacara De Pacajes,2008,12,TOTAL,1
Pando,90501,Nuevo Manoa (nueva Esperanza),2008,12,TOTAL,3
Potosí,50404,Ocuri,2008,12,TOTAL,27
Santa Cruz,70202,Okinawa,2008,12,TOTAL,10
Cochabamba,30203,Omereque,2008,12,TOTAL,3
Oruro,40101,Oruro,2008,12,TOTAL,161
Tarija,60201,Padcaya,2008,12,TOTAL,15
Chuquisaca,10401,Padilla,2008,12,TOTAL,21
Santa Cruz,70502,Pailon,2008,12,TOTAL,21
La Paz,20102,Palca,2008,12,TOTAL,10
La Paz,21104,Palos Blancos,2008,12,TOTAL,46
Oruro,40802,Pampa Aullagas,2008,12,TOTAL,10
Santa Cruz,70902,Pampa Grande,2008,12,TOTAL,6
La Paz,21802,Papel Pampa,2008,12,TOTAL,7
Cochabamba,30202,Pasorapa,2008,12,TOTAL,3
La Paz,21305,Patacamaya,2008,12,TOTAL,30
Oruro,40602,Pazña,2008,12,TOTAL,4
La Paz,20702,Pelechuco,2008,12,TOTAL,4
Potosí,50403,Pocoata,2008,12,TOTAL,29
Cochabamba,31203,Pocona,2008,12,TOTAL,15
Cochabamba,31202,Pojo (cbba),2008,12,TOTAL,22
Oruro,40601,Poopo,2008,12,TOTAL,9
Potosí,51203,Porco,2008,12,TOTAL,12
Chuquisaca,10103,Poroma,2008,12,TOTAL,25
Santa Cruz,70103,Porongo,2008,12,TOTAL,4
Santa Cruz,70601,Portachuelo,2008,12,TOTAL,16
Pando,90102,Porvenir,2008,12,TOTAL,7
Santa Cruz,70804,Postrer Valle,2008,12,TOTAL,4
Potosí,50101,Potosi,2008,12,TOTAL,241
Chuquisaca,10302,Presto,2008,12,TOTAL,12
Santa Cruz,70805,Pucara,2008,12,TOTAL,1
La Paz,21201,Pucarani,2008,12,TOTAL,16
La Paz,20401,Puerto Acosta,2008,12,TOTAL,12
La Paz,20403,Puerto Carabuco,2008,12,TOTAL,13
Pando,90301,Puerto Gonzalo Moreno,2008,12,TOTAL,11
La Paz,21204,Puerto Perez,2008,12,TOTAL,6
Santa Cruz,71402,Puerto Quijarro,2008,12,TOTAL,10
Pando,90201,Puerto Rico,2008,12,TOTAL,10
Beni,80703,Puerto Siles,2008,12,TOTAL,2
Santa Cruz,71401,Puerto Suarez,2008,12,TOTAL,18
Cochabamba,31205,Puerto Villarroel,2008,12,TOTAL,99
Potosí,51101,Puna,2008,12,TOTAL,41
Cochabamba,31401,Punata,2008,12,TOTAL,56
La Paz,20604,Quiabaya,2008,12,TOTAL,3
Cochabamba,30901,Quillacollo,2008,12,TOTAL,88
La Paz,21002,Quime,2008,12,TOTAL,6
Potosí,50402,Ravelo,2008,12,TOTAL,35
Beni,80301,Reyes,2008,12,TOTAL,26
Beni,80201,Riberalta,2008,12,TOTAL,183
Santa Cruz,70503,Robore,2008,12,TOTAL,13
Beni,80304,Rurrenabaque,2008,12,TOTAL,7
Oruro,40901,Sabaya,2008,12,TOTAL,5
Cochabamba,31001,Sacaba,2008,12,TOTAL,130
Cochabamba,30404,Sacabamba,2008,12,TOTAL,1
Potosí,50701,Sacaca,2008,12,TOTAL,26
Santa Cruz,71302,Saipina,2008,12,TOTAL,5
Oruro,40801,Salinas De Garci Mendoza,2008,12,TOTAL,11
Santa Cruz,70901,Samaipata,2008,12,TOTAL,8
Beni,80602,San Andres,2008,12,TOTAL,7
La Paz,20805,San Andres De Machaca,2008,12,TOTAL,1
Potosí,51003,San Antonio De Esmoruco,2008,12,TOTAL,2
Santa Cruz,71105,San Antonio De Lomerio,2008,12,TOTAL,7
Cochabamba,31403,San Benito,2008,12,TOTAL,16
Beni,80302,San Borja,2008,12,TOTAL,92
La Paz,21502,San Buena Ventura,2008,12,TOTAL,18
Santa Cruz,70402,San Carlos,2008,12,TOTAL,31
Beni,80501,San Ignacio,2008,12,TOTAL,49
Santa Cruz,70301,San Ignacio De Velasco,2008,12,TOTAL,118
Santa Cruz,71102,San Javier(stc),2008,12,TOTAL,11
Beni,80701,San Joaquin,2008,12,TOTAL,2
Santa Cruz,70501,San Jose De Chiquitos,2008,12,TOTAL,29
Santa Cruz,70404,San Juan De Yapacani,2008,12,TOTAL,6
Santa Cruz,71104,San Julian,2008,12,TOTAL,7
Pando,90302,San Lorenzo(pnd),2008,12,TOTAL,9
Tarija,60501,San Lorenzo(tja),2008,12,TOTAL,18
Chuquisaca,10702,San Lucas,2008,12,TOTAL,58
Santa Cruz,71201,San Matias,2008,12,TOTAL,4
Santa Cruz,70302,San Miguel De Velasco,2008,12,TOTAL,20
Potosí,51001,San Pablo De Lipez,2008,12,TOTAL,2
Santa Cruz,71005,San Pedro,2008,12,TOTAL,15
Potosí,50501,San Pedro De Buena Vista,2008,12,TOTAL,27
La Paz,21801,San Pedro De Curahuara,2008,12,TOTAL,7
La Paz,21702,San Pedro De Tiquina,2008,12,TOTAL,6
Pando,90202,San Pedro(pnd),2008,12,TOTAL,4
Santa Cruz,70303,San Rafael,2008,12,TOTAL,4
Beni,80702,San Ramon,2008,12,TOTAL,25
Beni,80401,Santa Ana,2008,12,TOTAL,6
Santa Cruz,70101,Santa Cruz De La Sierra,2008,12,TOTAL,332
Beni,80303,Santa Rosa,2008,12,TOTAL,17
Santa Cruz,70602,Santa Rosa Del Sara,2008,12,TOTAL,21
La Paz,20308,Santiago De Callapa,2008,12,TOTAL,3
Oruro,41401,Santiago De Huari,2008,12,TOTAL,3
La Paz,21901,Santiago De Machaca,2008,12,TOTAL,5
Cochabamba,30702,Santivañes,2008,12,TOTAL,4
Oruro,40202,Santuario De Quillacas,2008,12,TOTAL,3
La Paz,20902,Sapahaqui,2008,12,TOTAL,7
Pando,90303,Sena,2008,12,TOTAL,6
La Paz,21301,Sica Sica (villa Aroma),2008,12,TOTAL,21
Cochabamba,30703,Sicaya,2008,12,TOTAL,2
Cochabamba,30902,Sipe Sipe,2008,12,TOTAL,20
Chuquisaca,10403,Sopachuy,2008,12,TOTAL,11
Oruro,40104,Soracachi,2008,12,TOTAL,11
La Paz,20601,Sorata,2008,12,TOTAL,21
Chuquisaca,10101,Sucre,2008,12,TOTAL,367
La Paz,20603,Tacacoma,2008,12,TOTAL,6
Potosí,50303,Tacobamba,2008,12,TOTAL,10
Cochabamba,30602,Tacopaya,2008,12,TOTAL,21
Potosí,51402,Tahua,2008,12,TOTAL,1
Cochabamba,31101,Tapacari,2008,12,TOTAL,37
Chuquisaca,10601,Tarabuco,2008,12,TOTAL,43
La Paz,20807,Taraco,2008,12,TOTAL,5
Cochabamba,30401,Tarata,2008,12,TOTAL,9
Tarija,60101,Tarija,2008,12,TOTAL,261
Chuquisaca,10202,Tarvita,2008,12,TOTAL,19
La Paz,20608,Teoponte,2008,12,TOTAL,5
La Paz,20803,Tiawanacu,2008,12,TOTAL,25
Potosí,50102,Tinguipaya,2008,12,TOTAL,34
La Paz,20606,Tipuani,2008,12,TOTAL,6
Cochabamba,30903,Tiquipaya,2008,12,TOTAL,42
Cochabamba,31601,Tiraque (cbba),2008,12,TOTAL,42
La Paz,21703,Tito Yupanqui (parquipujio),2008,12,TOTAL,1
Cochabamba,30802,Toco,2008,12,TOTAL,6
Cochabamba,30803,Tolata,2008,12,TOTAL,4
Potosí,51202,Tomave,2008,12,TOTAL,20
Chuquisaca,10402,Tomina,2008,12,TOTAL,14
Potosí,50502,Toro Toro,2008,12,TOTAL,13
Cochabamba,31201,Totora(cbba),2008,12,TOTAL,18
Oruro,41301,Totora(orr),2008,12,TOTAL,5
Beni,80101,Trinidad,2008,12,TOTAL,33
Potosí,50801,Tupiza,2008,12,TOTAL,22
Oruro,40402,Turco,2008,12,TOTAL,4
La Paz,21302,Umala,2008,12,TOTAL,8
Potosí,50201,Uncia,2008,12,TOTAL,41
Tarija,60401,Uriondo (a. Concepcion),2008,12,TOTAL,13
Santa Cruz,71502,Urubicha,2008,12,TOTAL,13
Potosí,51201,Uyuni,2008,12,TOTAL,13
Cochabamba,30502,Vacas,2008,12,TOTAL,18
Santa Cruz,70801,Vallegrande,2008,12,TOTAL,25
La Paz,20801,Viacha,2008,12,TOTAL,20
Cochabamba,31302,Vila Vila,2008,12,TOTAL,5
Tarija,60303,Villa Montes,2008,12,TOTAL,56
Pando,90502,Villa Nueva (loma Alta),2008,12,TOTAL,3
Cochabamba,31402,Villa Rivero,2008,12,TOTAL,2
Chuquisaca,10801,Villa Serrano,2008,12,TOTAL,16
Cochabamba,31003,Villa Tunari,2008,12,TOTAL,114
Chuquisaca,11001,Villa Vaca Guzman (muyupampa),2008,12,TOTAL,9
Potosí,51501,Villazon,2008,12,TOTAL,70
Cochabamba,30904,Vinto,2008,12,TOTAL,12
Potosí,50602,Vitichi,2008,12,TOTAL,2
La Paz,20306,Waldo Ballivian,2008,12,TOTAL,3
Santa Cruz,70201,Warnes,2008,12,TOTAL,76
La Paz,20903,Yaco,2008,12,TOTAL,4
Tarija,60301,Yacuiba,2008,12,TOTAL,91
Chuquisaca,10602,Yamparaez,2008,12,TOTAL,7
La Paz,21103,Yanacachi,2008,12,TOTAL,2
Santa Cruz,70403,Yapacani,2008,12,TOTAL,50
Potosí,50103,Yocalla,2008,12,TOTAL,4
Chuquisaca,10102,Yotala,2008,12,TOTAL,8
Tarija,60402,Yunchara,2008,12,TOTAL,5
Chuquisaca,10301,Zudañez,2008,12,TOTAL,11
